===================== Inference Activations ======================
--------------------------
Inference example 0
input t
[[[[ 0  0]
   [-9 -9]
   [-9 -9]
   [-9 -9]
   [-9 -9]
   [-9 -9]
   [-9 -9]
   [-9 -9]
   [-9 -9]
   [-9 -9]
   [-9 -9]
   [-9 -9]
   [-9 -9]
   [-9 -9]
   [-9 -9]
   [-9 -9]
   [-9 -9]
   [-9 -9]
   [-9 -9]
   [-9 -9]
   [-9 -9]
   [-9 -9]
   [-9 -9]
   [-9 -9]
   [-9 -9]
   [-9 -9]
   [-9 -9]
   [-9 -9]
   [-9 -9]
   [-9 -9]
   [-9 -9]
   [-9 -9]
   [-9 -9]
   [-9 -9]
   [-9 -9]
   [-9 -9]
   [-9 -9]
   [-9 -9]
   [-9 -9]
   [-9 -9]
   [-9 -9]
   [-9 -9]
   [-9 -9]
   [-9 -9]
   [-9 -9]
   [-9 -9]
   [-9 -9]
   [-9 -9]
   [-9 -9]
   [-9 -9]
   [-9 -9]
   [-9 -9]
   [-9 -9]
   [-9 -9]]

  [[-9 -9]
   [ 0  0]
   [-9 -9]
   [-9 -9]
   [-9 -9]
   [-9 -9]
   [-9 -9]
   [-9 -9]
   [-9 -9]
   [-9 -9]
   [-9 -9]
   [-9 -9]
   [-9 -9]
   [-9 -9]
   [-9 -9]
   [-9 -9]
   [-9 -9]
   [-9 -9]
   [-9 -9]
   [-9 -9]
   [-9 -9]
   [-9 -9]
   [-9 -9]
   [-9 -9]
   [-9 -9]
   [-9 -9]
   [-9 -9]
   [-9 -9]
   [-9 -9]
   [-9 -9]
   [-9 -9]
   [-9 -9]
   [-9 -9]
   [-9 -9]
   [-9 -9]
   [-9 -9]
   [-9 -9]
   [-9 -9]
   [-9 -9]
   [-9 -9]
   [-9 -9]
   [-9 -9]
   [-9 -9]
   [-9 -9]
   [-9 -9]
   [-9 -9]
   [-9 -9]
   [-9 -9]
   [-9 -9]
   [-9 -9]
   [-9 -9]
   [-9 -9]
   [-9 -9]
   [-9 -9]]

  [[-9 -9]
   [-9 -9]
   [-9 -9]
   [-9 -9]
   [-9 -9]
   [-9 -9]
   [-9 -9]
   [-9 -9]
   [-9 -9]
   [-9 -9]
   [-9 -9]
   [-9 -9]
   [-9 -9]
   [-9 -9]
   [-9 -9]
   [-9 -9]
   [-9 -9]
   [-9 -9]
   [-9 -9]
   [-9 -9]
   [-9 -9]
   [-9 -9]
   [-9 -9]
   [-9 -9]
   [-9 -9]
   [-9 -9]
   [-9 -9]
   [-9 -9]
   [-9 -9]
   [-9 -9]
   [-9 -9]
   [-9 -9]
   [-9 -9]
   [-9 -9]
   [-9 -9]
   [-9 -9]
   [-9 -9]
   [-9 -9]
   [-9 -9]
   [-9 -9]
   [-9 -9]
   [-9 -9]
   [-9 -9]
   [-9 -9]
   [-9 -9]
   [-9 -9]
   [-9 -9]
   [-9 -9]
   [-9 -9]
   [-9 -9]
   [-9 -9]
   [-9 -9]
   [-9 -9]
   [ 0  0]]

  [[-9 -9]
   [-9 -9]
   [-9 -9]
   [-9 -9]
   [-9 -9]
   [-9 -9]
   [-9 -9]
   [-9 -9]
   [-9 -9]
   [-9 -9]
   [-9 -9]
   [-9 -9]
   [-9 -9]
   [-9 -9]
   [-9 -9]
   [-9 -9]
   [-9 -9]
   [-9 -9]
   [-9 -9]
   [-9 -9]
   [-9 -9]
   [-9 -9]
   [-9 -9]
   [-9 -9]
   [-9 -9]
   [-9 -9]
   [-9 -9]
   [-9 -9]
   [-9 -9]
   [-9 -9]
   [-9 -9]
   [-9 -9]
   [-9 -9]
   [-9 -9]
   [-9 -9]
   [-9 -9]
   [-9 -9]
   [-9 -9]
   [-9 -9]
   [-9 -9]
   [-9 -9]
   [-9 -9]
   [-9 -9]
   [-9 -9]
   [-9 -9]
   [-9 -9]
   [-9 -9]
   [-9 -9]
   [-9 -9]
   [-9 -9]
   [-9 -9]
   [-9 -9]
   [-9 -9]
   [ 0  0]]

  [[-9 -9]
   [-9 -9]
   [-9 -9]
   [-9 -9]
   [-9 -9]
   [-9 -9]
   [-9 -9]
   [-9 -9]
   [-9 -9]
   [-9 -9]
   [-9 -9]
   [-9 -9]
   [-9 -9]
   [-9 -9]
   [-9 -9]
   [-9 -9]
   [-9 -9]
   [-9 -9]
   [-9 -9]
   [-9 -9]
   [-9 -9]
   [-9 -9]
   [-9 -9]
   [-9 -9]
   [-9 -9]
   [-9 -9]
   [-9 -9]
   [-9 -9]
   [-9 -9]
   [-9 -9]
   [-9 -9]
   [-9 -9]
   [-9 -9]
   [-9 -9]
   [-9 -9]
   [-9 -9]
   [-9 -9]
   [-9 -9]
   [-9 -9]
   [-9 -9]
   [-9 -9]
   [-9 -9]
   [-9 -9]
   [-9 -9]
   [-9 -9]
   [-9 -9]
   [-9 -9]
   [-9 -9]
   [-9 -9]
   [-9 -9]
   [-9 -9]
   [-9 -9]
   [-9 -9]
   [ 0  0]]

  [[-9 -9]
   [-9 -9]
   [-9 -9]
   [-9 -9]
   [-9 -9]
   [-9 -9]
   [-9 -9]
   [-9 -9]
   [-9 -9]
   [-9 -9]
   [-9 -9]
   [-9 -9]
   [-9 -9]
   [-9 -9]
   [-9 -9]
   [-9 -9]
   [-9 -9]
   [-9 -9]
   [-9 -9]
   [-9 -9]
   [-9 -9]
   [-9 -9]
   [-9 -9]
   [-9 -9]
   [-9 -9]
   [-9 -9]
   [-9 -9]
   [-9 -9]
   [-9 -9]
   [-9 -9]
   [-9 -9]
   [-9 -9]
   [-9 -9]
   [-9 -9]
   [-9 -9]
   [-9 -9]
   [-9 -9]
   [-9 -9]
   [-9 -9]
   [-9 -9]
   [-9 -9]
   [-9 -9]
   [-9 -9]
   [-9 -9]
   [-9 -9]
   [-9 -9]
   [-9 -9]
   [-9 -9]
   [-9 -9]
   [-9 -9]
   [-9 -9]
   [-9 -9]
   [-9 -9]
   [ 0  0]]]


 [[[ 0  0]
   [-9 -9]
   [-9 -9]
   [-9 -9]
   [-9 -9]
   [-9 -9]
   [-9 -9]
   [-9 -9]
   [-9 -9]
   [-9 -9]
   [-9 -9]
   [-9 -9]
   [-9 -9]
   [-9 -9]
   [-9 -9]
   [-9 -9]
   [-9 -9]
   [-9 -9]
   [-9 -9]
   [-9 -9]
   [-9 -9]
   [-9 -9]
   [-9 -9]
   [-9 -9]
   [-9 -9]
   [-9 -9]
   [-9 -9]
   [-9 -9]
   [-9 -9]
   [-9 -9]
   [-9 -9]
   [-9 -9]
   [-9 -9]
   [-9 -9]
   [-9 -9]
   [-9 -9]
   [-9 -9]
   [-9 -9]
   [-9 -9]
   [-9 -9]
   [-9 -9]
   [-9 -9]
   [-9 -9]
   [-9 -9]
   [-9 -9]
   [-9 -9]
   [-9 -9]
   [-9 -9]
   [-9 -9]
   [-9 -9]
   [-9 -9]
   [-9 -9]
   [-9 -9]
   [-9 -9]]

  [[-9 -9]
   [ 0  0]
   [-9 -9]
   [-9 -9]
   [-9 -9]
   [-9 -9]
   [-9 -9]
   [-9 -9]
   [-9 -9]
   [-9 -9]
   [-9 -9]
   [-9 -9]
   [-9 -9]
   [-9 -9]
   [-9 -9]
   [-9 -9]
   [-9 -9]
   [-9 -9]
   [-9 -9]
   [-9 -9]
   [-9 -9]
   [-9 -9]
   [-9 -9]
   [-9 -9]
   [-9 -9]
   [-9 -9]
   [-9 -9]
   [-9 -9]
   [-9 -9]
   [-9 -9]
   [-9 -9]
   [-9 -9]
   [-9 -9]
   [-9 -9]
   [-9 -9]
   [-9 -9]
   [-9 -9]
   [-9 -9]
   [-9 -9]
   [-9 -9]
   [-9 -9]
   [-9 -9]
   [-9 -9]
   [-9 -9]
   [-9 -9]
   [-9 -9]
   [-9 -9]
   [-9 -9]
   [-9 -9]
   [-9 -9]
   [-9 -9]
   [-9 -9]
   [-9 -9]
   [-9 -9]]

  [[-9 -9]
   [-9 -9]
   [-9 -9]
   [-9 -9]
   [-9 -9]
   [-9 -9]
   [-9 -9]
   [-9 -9]
   [-9 -9]
   [-9 -9]
   [-9 -9]
   [-9 -9]
   [-9 -9]
   [-9 -9]
   [-9 -9]
   [-9 -9]
   [-9 -9]
   [-9 -9]
   [-9 -9]
   [-9 -9]
   [-9 -9]
   [-9 -9]
   [-9 -9]
   [-9 -9]
   [-9 -9]
   [-9 -9]
   [-9 -9]
   [-9 -9]
   [-9 -9]
   [-9 -9]
   [-9 -9]
   [-9 -9]
   [-9 -9]
   [-9 -9]
   [-9 -9]
   [-9 -9]
   [-9 -9]
   [-9 -9]
   [-9 -9]
   [-9 -9]
   [-9 -9]
   [-9 -9]
   [-9 -9]
   [-9 -9]
   [-9 -9]
   [-9 -9]
   [-9 -9]
   [-9 -9]
   [-9 -9]
   [-9 -9]
   [-9 -9]
   [-9 -9]
   [-9 -9]
   [ 0  0]]

  [[-9 -9]
   [-9 -9]
   [-9 -9]
   [-9 -9]
   [-9 -9]
   [-9 -9]
   [-9 -9]
   [-9 -9]
   [-9 -9]
   [-9 -9]
   [-9 -9]
   [-9 -9]
   [-9 -9]
   [-9 -9]
   [-9 -9]
   [-9 -9]
   [-9 -9]
   [-9 -9]
   [-9 -9]
   [-9 -9]
   [-9 -9]
   [-9 -9]
   [-9 -9]
   [-9 -9]
   [-9 -9]
   [-9 -9]
   [-9 -9]
   [-9 -9]
   [-9 -9]
   [-9 -9]
   [-9 -9]
   [-9 -9]
   [-9 -9]
   [-9 -9]
   [-9 -9]
   [-9 -9]
   [-9 -9]
   [-9 -9]
   [-9 -9]
   [-9 -9]
   [-9 -9]
   [-9 -9]
   [-9 -9]
   [-9 -9]
   [-9 -9]
   [-9 -9]
   [-9 -9]
   [-9 -9]
   [-9 -9]
   [-9 -9]
   [-9 -9]
   [-9 -9]
   [-9 -9]
   [ 0  0]]

  [[-9 -9]
   [-9 -9]
   [-9 -9]
   [-9 -9]
   [-9 -9]
   [-9 -9]
   [-9 -9]
   [-9 -9]
   [-9 -9]
   [-9 -9]
   [-9 -9]
   [-9 -9]
   [-9 -9]
   [-9 -9]
   [-9 -9]
   [-9 -9]
   [-9 -9]
   [-9 -9]
   [-9 -9]
   [-9 -9]
   [-9 -9]
   [-9 -9]
   [-9 -9]
   [-9 -9]
   [-9 -9]
   [-9 -9]
   [-9 -9]
   [-9 -9]
   [-9 -9]
   [-9 -9]
   [-9 -9]
   [-9 -9]
   [-9 -9]
   [-9 -9]
   [-9 -9]
   [-9 -9]
   [-9 -9]
   [-9 -9]
   [-9 -9]
   [-9 -9]
   [-9 -9]
   [-9 -9]
   [-9 -9]
   [-9 -9]
   [-9 -9]
   [-9 -9]
   [-9 -9]
   [-9 -9]
   [-9 -9]
   [-9 -9]
   [-9 -9]
   [-9 -9]
   [-9 -9]
   [ 0  0]]

  [[-9 -9]
   [-9 -9]
   [-9 -9]
   [-9 -9]
   [-9 -9]
   [-9 -9]
   [-9 -9]
   [-9 -9]
   [-9 -9]
   [-9 -9]
   [-9 -9]
   [-9 -9]
   [-9 -9]
   [-9 -9]
   [-9 -9]
   [-9 -9]
   [-9 -9]
   [-9 -9]
   [-9 -9]
   [-9 -9]
   [-9 -9]
   [-9 -9]
   [-9 -9]
   [-9 -9]
   [-9 -9]
   [-9 -9]
   [-9 -9]
   [-9 -9]
   [-9 -9]
   [-9 -9]
   [-9 -9]
   [-9 -9]
   [-9 -9]
   [-9 -9]
   [-9 -9]
   [-9 -9]
   [-9 -9]
   [-9 -9]
   [-9 -9]
   [-9 -9]
   [-9 -9]
   [-9 -9]
   [-9 -9]
   [-9 -9]
   [-9 -9]
   [-9 -9]
   [-9 -9]
   [-9 -9]
   [-9 -9]
   [-9 -9]
   [-9 -9]
   [-9 -9]
   [-9 -9]
   [ 0  0]]]


 [[[ 0  0]
   [-9 -9]
   [-9 -9]
   [-9 -9]
   [-9 -9]
   [-9 -9]
   [-9 -9]
   [-9 -9]
   [-9 -9]
   [-9 -9]
   [-9 -9]
   [-9 -9]
   [-9 -9]
   [-9 -9]
   [-9 -9]
   [-9 -9]
   [-9 -9]
   [-9 -9]
   [-9 -9]
   [-9 -9]
   [-9 -9]
   [-9 -9]
   [-9 -9]
   [-9 -9]
   [-9 -9]
   [-9 -9]
   [-9 -9]
   [-9 -9]
   [-9 -9]
   [-9 -9]
   [-9 -9]
   [-9 -9]
   [-9 -9]
   [-9 -9]
   [-9 -9]
   [-9 -9]
   [-9 -9]
   [-9 -9]
   [-9 -9]
   [-9 -9]
   [-9 -9]
   [-9 -9]
   [-9 -9]
   [-9 -9]
   [-9 -9]
   [-9 -9]
   [-9 -9]
   [-9 -9]
   [-9 -9]
   [-9 -9]
   [-9 -9]
   [-9 -9]
   [-9 -9]
   [-9 -9]]

  [[-9 -9]
   [ 0  0]
   [-9 -9]
   [-9 -9]
   [-9 -9]
   [-9 -9]
   [-9 -9]
   [-9 -9]
   [-9 -9]
   [-9 -9]
   [-9 -9]
   [-9 -9]
   [-9 -9]
   [-9 -9]
   [-9 -9]
   [-9 -9]
   [-9 -9]
   [-9 -9]
   [-9 -9]
   [-9 -9]
   [-9 -9]
   [-9 -9]
   [-9 -9]
   [-9 -9]
   [-9 -9]
   [-9 -9]
   [-9 -9]
   [-9 -9]
   [-9 -9]
   [-9 -9]
   [-9 -9]
   [-9 -9]
   [-9 -9]
   [-9 -9]
   [-9 -9]
   [-9 -9]
   [-9 -9]
   [-9 -9]
   [-9 -9]
   [-9 -9]
   [-9 -9]
   [-9 -9]
   [-9 -9]
   [-9 -9]
   [-9 -9]
   [-9 -9]
   [-9 -9]
   [-9 -9]
   [-9 -9]
   [-9 -9]
   [-9 -9]
   [-9 -9]
   [-9 -9]
   [-9 -9]]

  [[-9 -9]
   [-9 -9]
   [-9 -9]
   [-9 -9]
   [-9 -9]
   [-9 -9]
   [-9 -9]
   [-9 -9]
   [-9 -9]
   [-9 -9]
   [-9 -9]
   [-9 -9]
   [-9 -9]
   [-9 -9]
   [-9 -9]
   [-9 -9]
   [-9 -9]
   [-9 -9]
   [-9 -9]
   [-9 -9]
   [-9 -9]
   [-9 -9]
   [-9 -9]
   [-9 -9]
   [-9 -9]
   [-9 -9]
   [-9 -9]
   [-9 -9]
   [-9 -9]
   [-9 -9]
   [-9 -9]
   [-9 -9]
   [-9 -9]
   [-9 -9]
   [-9 -9]
   [-9 -9]
   [-9 -9]
   [-9 -9]
   [-9 -9]
   [-9 -9]
   [-9 -9]
   [-9 -9]
   [-9 -9]
   [-9 -9]
   [-9 -9]
   [-9 -9]
   [-9 -9]
   [-9 -9]
   [-9 -9]
   [-9 -9]
   [-9 -9]
   [-9 -9]
   [-9 -9]
   [ 0  0]]

  [[-9 -9]
   [-9 -9]
   [-9 -9]
   [-9 -9]
   [-9 -9]
   [-9 -9]
   [-9 -9]
   [-9 -9]
   [-9 -9]
   [-9 -9]
   [-9 -9]
   [-9 -9]
   [-9 -9]
   [-9 -9]
   [-9 -9]
   [-9 -9]
   [-9 -9]
   [-9 -9]
   [-9 -9]
   [-9 -9]
   [-9 -9]
   [-9 -9]
   [-9 -9]
   [-9 -9]
   [-9 -9]
   [-9 -9]
   [-9 -9]
   [-9 -9]
   [-9 -9]
   [-9 -9]
   [-9 -9]
   [-9 -9]
   [-9 -9]
   [-9 -9]
   [-9 -9]
   [-9 -9]
   [-9 -9]
   [-9 -9]
   [-9 -9]
   [-9 -9]
   [-9 -9]
   [-9 -9]
   [-9 -9]
   [-9 -9]
   [-9 -9]
   [-9 -9]
   [-9 -9]
   [-9 -9]
   [-9 -9]
   [-9 -9]
   [-9 -9]
   [-9 -9]
   [-9 -9]
   [ 0  0]]

  [[-9 -9]
   [-9 -9]
   [-9 -9]
   [-9 -9]
   [-9 -9]
   [-9 -9]
   [-9 -9]
   [-9 -9]
   [-9 -9]
   [-9 -9]
   [-9 -9]
   [-9 -9]
   [-9 -9]
   [-9 -9]
   [-9 -9]
   [-9 -9]
   [-9 -9]
   [-9 -9]
   [-9 -9]
   [-9 -9]
   [-9 -9]
   [-9 -9]
   [-9 -9]
   [-9 -9]
   [-9 -9]
   [-9 -9]
   [-9 -9]
   [-9 -9]
   [-9 -9]
   [-9 -9]
   [-9 -9]
   [-9 -9]
   [-9 -9]
   [-9 -9]
   [-9 -9]
   [-9 -9]
   [-9 -9]
   [-9 -9]
   [-9 -9]
   [-9 -9]
   [-9 -9]
   [-9 -9]
   [-9 -9]
   [-9 -9]
   [-9 -9]
   [-9 -9]
   [-9 -9]
   [-9 -9]
   [-9 -9]
   [-9 -9]
   [-9 -9]
   [-9 -9]
   [-9 -9]
   [ 0  0]]

  [[-9 -9]
   [-9 -9]
   [-9 -9]
   [-9 -9]
   [-9 -9]
   [-9 -9]
   [-9 -9]
   [-9 -9]
   [-9 -9]
   [-9 -9]
   [-9 -9]
   [-9 -9]
   [-9 -9]
   [-9 -9]
   [-9 -9]
   [-9 -9]
   [-9 -9]
   [-9 -9]
   [-9 -9]
   [-9 -9]
   [-9 -9]
   [-9 -9]
   [-9 -9]
   [-9 -9]
   [-9 -9]
   [-9 -9]
   [-9 -9]
   [-9 -9]
   [-9 -9]
   [-9 -9]
   [-9 -9]
   [-9 -9]
   [-9 -9]
   [-9 -9]
   [-9 -9]
   [-9 -9]
   [-9 -9]
   [-9 -9]
   [-9 -9]
   [-9 -9]
   [-9 -9]
   [-9 -9]
   [-9 -9]
   [-9 -9]
   [-9 -9]
   [-9 -9]
   [-9 -9]
   [-9 -9]
   [-9 -9]
   [-9 -9]
   [-9 -9]
   [-9 -9]
   [-9 -9]
   [ 0  0]]]


 [[[ 0  0]
   [-9 -9]
   [-9 -9]
   [-9 -9]
   [-9 -9]
   [-9 -9]
   [-9 -9]
   [-9 -9]
   [-9 -9]
   [-9 -9]
   [-9 -9]
   [-9 -9]
   [-9 -9]
   [-9 -9]
   [-9 -9]
   [-9 -9]
   [-9 -9]
   [-9 -9]
   [-9 -9]
   [-9 -9]
   [-9 -9]
   [-9 -9]
   [-9 -9]
   [-9 -9]
   [-9 -9]
   [-9 -9]
   [-9 -9]
   [-9 -9]
   [-9 -9]
   [-9 -9]
   [-9 -9]
   [-9 -9]
   [-9 -9]
   [-9 -9]
   [-9 -9]
   [-9 -9]
   [-9 -9]
   [-9 -9]
   [-9 -9]
   [-9 -9]
   [-9 -9]
   [-9 -9]
   [-9 -9]
   [-9 -9]
   [-9 -9]
   [-9 -9]
   [-9 -9]
   [-9 -9]
   [-9 -9]
   [-9 -9]
   [-9 -9]
   [-9 -9]
   [-9 -9]
   [-9 -9]]

  [[-9 -9]
   [ 0  0]
   [-9 -9]
   [-9 -9]
   [-9 -9]
   [-9 -9]
   [-9 -9]
   [-9 -9]
   [-9 -9]
   [-9 -9]
   [-9 -9]
   [-9 -9]
   [-9 -9]
   [-9 -9]
   [-9 -9]
   [-9 -9]
   [-9 -9]
   [-9 -9]
   [-9 -9]
   [-9 -9]
   [-9 -9]
   [-9 -9]
   [-9 -9]
   [-9 -9]
   [-9 -9]
   [-9 -9]
   [-9 -9]
   [-9 -9]
   [-9 -9]
   [-9 -9]
   [-9 -9]
   [-9 -9]
   [-9 -9]
   [-9 -9]
   [-9 -9]
   [-9 -9]
   [-9 -9]
   [-9 -9]
   [-9 -9]
   [-9 -9]
   [-9 -9]
   [-9 -9]
   [-9 -9]
   [-9 -9]
   [-9 -9]
   [-9 -9]
   [-9 -9]
   [-9 -9]
   [-9 -9]
   [-9 -9]
   [-9 -9]
   [-9 -9]
   [-9 -9]
   [-9 -9]]

  [[-9 -9]
   [-9 -9]
   [-9 -9]
   [-9 -9]
   [-9 -9]
   [-9 -9]
   [-9 -9]
   [-9 -9]
   [-9 -9]
   [-9 -9]
   [-9 -9]
   [-9 -9]
   [-9 -9]
   [-9 -9]
   [-9 -9]
   [-9 -9]
   [-9 -9]
   [-9 -9]
   [-9 -9]
   [-9 -9]
   [-9 -9]
   [-9 -9]
   [-9 -9]
   [-9 -9]
   [-9 -9]
   [-9 -9]
   [-9 -9]
   [-9 -9]
   [-9 -9]
   [-9 -9]
   [-9 -9]
   [-9 -9]
   [-9 -9]
   [-9 -9]
   [-9 -9]
   [-9 -9]
   [-9 -9]
   [-9 -9]
   [-9 -9]
   [-9 -9]
   [-9 -9]
   [-9 -9]
   [-9 -9]
   [-9 -9]
   [-9 -9]
   [-9 -9]
   [-9 -9]
   [-9 -9]
   [-9 -9]
   [-9 -9]
   [-9 -9]
   [-9 -9]
   [-9 -9]
   [ 0  0]]

  [[-9 -9]
   [-9 -9]
   [-9 -9]
   [-9 -9]
   [-9 -9]
   [-9 -9]
   [-9 -9]
   [-9 -9]
   [-9 -9]
   [-9 -9]
   [-9 -9]
   [-9 -9]
   [-9 -9]
   [-9 -9]
   [-9 -9]
   [-9 -9]
   [-9 -9]
   [-9 -9]
   [-9 -9]
   [-9 -9]
   [-9 -9]
   [-9 -9]
   [-9 -9]
   [-9 -9]
   [-9 -9]
   [-9 -9]
   [-9 -9]
   [-9 -9]
   [-9 -9]
   [-9 -9]
   [-9 -9]
   [-9 -9]
   [-9 -9]
   [-9 -9]
   [-9 -9]
   [-9 -9]
   [-9 -9]
   [-9 -9]
   [-9 -9]
   [-9 -9]
   [-9 -9]
   [-9 -9]
   [-9 -9]
   [-9 -9]
   [-9 -9]
   [-9 -9]
   [-9 -9]
   [-9 -9]
   [-9 -9]
   [-9 -9]
   [-9 -9]
   [-9 -9]
   [-9 -9]
   [ 0  0]]

  [[-9 -9]
   [-9 -9]
   [-9 -9]
   [-9 -9]
   [-9 -9]
   [-9 -9]
   [-9 -9]
   [-9 -9]
   [-9 -9]
   [-9 -9]
   [-9 -9]
   [-9 -9]
   [-9 -9]
   [-9 -9]
   [-9 -9]
   [-9 -9]
   [-9 -9]
   [-9 -9]
   [-9 -9]
   [-9 -9]
   [-9 -9]
   [-9 -9]
   [-9 -9]
   [-9 -9]
   [-9 -9]
   [-9 -9]
   [-9 -9]
   [-9 -9]
   [-9 -9]
   [-9 -9]
   [-9 -9]
   [-9 -9]
   [-9 -9]
   [-9 -9]
   [-9 -9]
   [-9 -9]
   [-9 -9]
   [-9 -9]
   [-9 -9]
   [-9 -9]
   [-9 -9]
   [-9 -9]
   [-9 -9]
   [-9 -9]
   [-9 -9]
   [-9 -9]
   [-9 -9]
   [-9 -9]
   [-9 -9]
   [-9 -9]
   [-9 -9]
   [-9 -9]
   [-9 -9]
   [ 0  0]]

  [[-9 -9]
   [-9 -9]
   [-9 -9]
   [-9 -9]
   [-9 -9]
   [-9 -9]
   [-9 -9]
   [-9 -9]
   [-9 -9]
   [-9 -9]
   [-9 -9]
   [-9 -9]
   [-9 -9]
   [-9 -9]
   [-9 -9]
   [-9 -9]
   [-9 -9]
   [-9 -9]
   [-9 -9]
   [-9 -9]
   [-9 -9]
   [-9 -9]
   [-9 -9]
   [-9 -9]
   [-9 -9]
   [-9 -9]
   [-9 -9]
   [-9 -9]
   [-9 -9]
   [-9 -9]
   [-9 -9]
   [-9 -9]
   [-9 -9]
   [-9 -9]
   [-9 -9]
   [-9 -9]
   [-9 -9]
   [-9 -9]
   [-9 -9]
   [-9 -9]
   [-9 -9]
   [-9 -9]
   [-9 -9]
   [-9 -9]
   [-9 -9]
   [-9 -9]
   [-9 -9]
   [-9 -9]
   [-9 -9]
   [-9 -9]
   [-9 -9]
   [-9 -9]
   [-9 -9]
   [ 0  0]]]


 [[[ 0  0]
   [-9 -9]
   [-9 -9]
   [-9 -9]
   [-9 -9]
   [-9 -9]
   [-9 -9]
   [-9 -9]
   [-9 -9]
   [-9 -9]
   [-9 -9]
   [-9 -9]
   [-9 -9]
   [-9 -9]
   [-9 -9]
   [-9 -9]
   [-9 -9]
   [-9 -9]
   [-9 -9]
   [-9 -9]
   [-9 -9]
   [-9 -9]
   [-9 -9]
   [-9 -9]
   [-9 -9]
   [-9 -9]
   [-9 -9]
   [-9 -9]
   [-9 -9]
   [-9 -9]
   [-9 -9]
   [-9 -9]
   [-9 -9]
   [-9 -9]
   [-9 -9]
   [-9 -9]
   [-9 -9]
   [-9 -9]
   [-9 -9]
   [-9 -9]
   [-9 -9]
   [-9 -9]
   [-9 -9]
   [-9 -9]
   [-9 -9]
   [-9 -9]
   [-9 -9]
   [-9 -9]
   [-9 -9]
   [-9 -9]
   [-9 -9]
   [-9 -9]
   [-9 -9]
   [-9 -9]]

  [[-9 -9]
   [ 0  0]
   [-9 -9]
   [-9 -9]
   [-9 -9]
   [-9 -9]
   [-9 -9]
   [-9 -9]
   [-9 -9]
   [-9 -9]
   [-9 -9]
   [-9 -9]
   [-9 -9]
   [-9 -9]
   [-9 -9]
   [-9 -9]
   [-9 -9]
   [-9 -9]
   [-9 -9]
   [-9 -9]
   [-9 -9]
   [-9 -9]
   [-9 -9]
   [-9 -9]
   [-9 -9]
   [-9 -9]
   [-9 -9]
   [-9 -9]
   [-9 -9]
   [-9 -9]
   [-9 -9]
   [-9 -9]
   [-9 -9]
   [-9 -9]
   [-9 -9]
   [-9 -9]
   [-9 -9]
   [-9 -9]
   [-9 -9]
   [-9 -9]
   [-9 -9]
   [-9 -9]
   [-9 -9]
   [-9 -9]
   [-9 -9]
   [-9 -9]
   [-9 -9]
   [-9 -9]
   [-9 -9]
   [-9 -9]
   [-9 -9]
   [-9 -9]
   [-9 -9]
   [-9 -9]]

  [[-9 -9]
   [-9 -9]
   [-9 -9]
   [-9 -9]
   [-9 -9]
   [-9 -9]
   [-9 -9]
   [-9 -9]
   [-9 -9]
   [-9 -9]
   [-9 -9]
   [-9 -9]
   [-9 -9]
   [-9 -9]
   [-9 -9]
   [-9 -9]
   [-9 -9]
   [-9 -9]
   [-9 -9]
   [-9 -9]
   [-9 -9]
   [-9 -9]
   [-9 -9]
   [-9 -9]
   [-9 -9]
   [-9 -9]
   [-9 -9]
   [-9 -9]
   [-9 -9]
   [-9 -9]
   [-9 -9]
   [-9 -9]
   [-9 -9]
   [-9 -9]
   [-9 -9]
   [-9 -9]
   [-9 -9]
   [-9 -9]
   [-9 -9]
   [-9 -9]
   [-9 -9]
   [-9 -9]
   [-9 -9]
   [-9 -9]
   [-9 -9]
   [-9 -9]
   [-9 -9]
   [-9 -9]
   [-9 -9]
   [-9 -9]
   [-9 -9]
   [-9 -9]
   [-9 -9]
   [ 0  0]]

  [[-9 -9]
   [-9 -9]
   [-9 -9]
   [-9 -9]
   [-9 -9]
   [-9 -9]
   [-9 -9]
   [-9 -9]
   [-9 -9]
   [-9 -9]
   [-9 -9]
   [-9 -9]
   [-9 -9]
   [-9 -9]
   [-9 -9]
   [-9 -9]
   [-9 -9]
   [-9 -9]
   [-9 -9]
   [-9 -9]
   [-9 -9]
   [-9 -9]
   [-9 -9]
   [-9 -9]
   [-9 -9]
   [-9 -9]
   [-9 -9]
   [-9 -9]
   [-9 -9]
   [-9 -9]
   [-9 -9]
   [-9 -9]
   [-9 -9]
   [-9 -9]
   [-9 -9]
   [-9 -9]
   [-9 -9]
   [-9 -9]
   [-9 -9]
   [-9 -9]
   [-9 -9]
   [-9 -9]
   [-9 -9]
   [-9 -9]
   [-9 -9]
   [-9 -9]
   [-9 -9]
   [-9 -9]
   [-9 -9]
   [-9 -9]
   [-9 -9]
   [-9 -9]
   [-9 -9]
   [ 0  0]]

  [[-9 -9]
   [-9 -9]
   [-9 -9]
   [-9 -9]
   [-9 -9]
   [-9 -9]
   [-9 -9]
   [-9 -9]
   [-9 -9]
   [-9 -9]
   [-9 -9]
   [-9 -9]
   [-9 -9]
   [-9 -9]
   [-9 -9]
   [-9 -9]
   [-9 -9]
   [-9 -9]
   [-9 -9]
   [-9 -9]
   [-9 -9]
   [-9 -9]
   [-9 -9]
   [-9 -9]
   [-9 -9]
   [-9 -9]
   [-9 -9]
   [-9 -9]
   [-9 -9]
   [-9 -9]
   [-9 -9]
   [-9 -9]
   [-9 -9]
   [-9 -9]
   [-9 -9]
   [-9 -9]
   [-9 -9]
   [-9 -9]
   [-9 -9]
   [-9 -9]
   [-9 -9]
   [-9 -9]
   [-9 -9]
   [-9 -9]
   [-9 -9]
   [-9 -9]
   [-9 -9]
   [-9 -9]
   [-9 -9]
   [-9 -9]
   [-9 -9]
   [-9 -9]
   [-9 -9]
   [ 0  0]]

  [[-9 -9]
   [-9 -9]
   [-9 -9]
   [-9 -9]
   [-9 -9]
   [-9 -9]
   [-9 -9]
   [-9 -9]
   [-9 -9]
   [-9 -9]
   [-9 -9]
   [-9 -9]
   [-9 -9]
   [-9 -9]
   [-9 -9]
   [-9 -9]
   [-9 -9]
   [-9 -9]
   [-9 -9]
   [-9 -9]
   [-9 -9]
   [-9 -9]
   [-9 -9]
   [-9 -9]
   [-9 -9]
   [-9 -9]
   [-9 -9]
   [-9 -9]
   [-9 -9]
   [-9 -9]
   [-9 -9]
   [-9 -9]
   [-9 -9]
   [-9 -9]
   [-9 -9]
   [-9 -9]
   [-9 -9]
   [-9 -9]
   [-9 -9]
   [-9 -9]
   [-9 -9]
   [-9 -9]
   [-9 -9]
   [-9 -9]
   [-9 -9]
   [-9 -9]
   [-9 -9]
   [-9 -9]
   [-9 -9]
   [-9 -9]
   [-9 -9]
   [-9 -9]
   [-9 -9]
   [ 0  0]]]


 [[[ 0  0]
   [-9 -9]
   [-9 -9]
   [-9 -9]
   [-9 -9]
   [-9 -9]
   [-9 -9]
   [-9 -9]
   [-9 -9]
   [-9 -9]
   [-9 -9]
   [-9 -9]
   [-9 -9]
   [-9 -9]
   [-9 -9]
   [-9 -9]
   [-9 -9]
   [-9 -9]
   [-9 -9]
   [-9 -9]
   [-9 -9]
   [-9 -9]
   [-9 -9]
   [-9 -9]
   [-9 -9]
   [-9 -9]
   [-9 -9]
   [-9 -9]
   [-9 -9]
   [-9 -9]
   [-9 -9]
   [-9 -9]
   [-9 -9]
   [-9 -9]
   [-9 -9]
   [-9 -9]
   [-9 -9]
   [-9 -9]
   [-9 -9]
   [-9 -9]
   [-9 -9]
   [-9 -9]
   [-9 -9]
   [-9 -9]
   [-9 -9]
   [-9 -9]
   [-9 -9]
   [-9 -9]
   [-9 -9]
   [-9 -9]
   [-9 -9]
   [-9 -9]
   [-9 -9]
   [-9 -9]]

  [[-9 -9]
   [ 0  0]
   [-9 -9]
   [-9 -9]
   [-9 -9]
   [-9 -9]
   [-9 -9]
   [-9 -9]
   [-9 -9]
   [-9 -9]
   [-9 -9]
   [-9 -9]
   [-9 -9]
   [-9 -9]
   [-9 -9]
   [-9 -9]
   [-9 -9]
   [-9 -9]
   [-9 -9]
   [-9 -9]
   [-9 -9]
   [-9 -9]
   [-9 -9]
   [-9 -9]
   [-9 -9]
   [-9 -9]
   [-9 -9]
   [-9 -9]
   [-9 -9]
   [-9 -9]
   [-9 -9]
   [-9 -9]
   [-9 -9]
   [-9 -9]
   [-9 -9]
   [-9 -9]
   [-9 -9]
   [-9 -9]
   [-9 -9]
   [-9 -9]
   [-9 -9]
   [-9 -9]
   [-9 -9]
   [-9 -9]
   [-9 -9]
   [-9 -9]
   [-9 -9]
   [-9 -9]
   [-9 -9]
   [-9 -9]
   [-9 -9]
   [-9 -9]
   [-9 -9]
   [-9 -9]]

  [[-9 -9]
   [-9 -9]
   [-9 -9]
   [-9 -9]
   [-9 -9]
   [-9 -9]
   [-9 -9]
   [-9 -9]
   [-9 -9]
   [-9 -9]
   [-9 -9]
   [-9 -9]
   [-9 -9]
   [-9 -9]
   [-9 -9]
   [-9 -9]
   [-9 -9]
   [-9 -9]
   [-9 -9]
   [-9 -9]
   [-9 -9]
   [-9 -9]
   [-9 -9]
   [-9 -9]
   [-9 -9]
   [-9 -9]
   [-9 -9]
   [-9 -9]
   [-9 -9]
   [-9 -9]
   [-9 -9]
   [-9 -9]
   [-9 -9]
   [-9 -9]
   [-9 -9]
   [-9 -9]
   [-9 -9]
   [-9 -9]
   [-9 -9]
   [-9 -9]
   [-9 -9]
   [-9 -9]
   [-9 -9]
   [-9 -9]
   [-9 -9]
   [-9 -9]
   [-9 -9]
   [-9 -9]
   [-9 -9]
   [-9 -9]
   [-9 -9]
   [-9 -9]
   [-9 -9]
   [ 0  0]]

  [[-9 -9]
   [-9 -9]
   [-9 -9]
   [-9 -9]
   [-9 -9]
   [-9 -9]
   [-9 -9]
   [-9 -9]
   [-9 -9]
   [-9 -9]
   [-9 -9]
   [-9 -9]
   [-9 -9]
   [-9 -9]
   [-9 -9]
   [-9 -9]
   [-9 -9]
   [-9 -9]
   [-9 -9]
   [-9 -9]
   [-9 -9]
   [-9 -9]
   [-9 -9]
   [-9 -9]
   [-9 -9]
   [-9 -9]
   [-9 -9]
   [-9 -9]
   [-9 -9]
   [-9 -9]
   [-9 -9]
   [-9 -9]
   [-9 -9]
   [-9 -9]
   [-9 -9]
   [-9 -9]
   [-9 -9]
   [-9 -9]
   [-9 -9]
   [-9 -9]
   [-9 -9]
   [-9 -9]
   [-9 -9]
   [-9 -9]
   [-9 -9]
   [-9 -9]
   [-9 -9]
   [-9 -9]
   [-9 -9]
   [-9 -9]
   [-9 -9]
   [-9 -9]
   [-9 -9]
   [ 0  0]]

  [[-9 -9]
   [-9 -9]
   [-9 -9]
   [-9 -9]
   [-9 -9]
   [-9 -9]
   [-9 -9]
   [-9 -9]
   [-9 -9]
   [-9 -9]
   [-9 -9]
   [-9 -9]
   [-9 -9]
   [-9 -9]
   [-9 -9]
   [-9 -9]
   [-9 -9]
   [-9 -9]
   [-9 -9]
   [-9 -9]
   [-9 -9]
   [-9 -9]
   [-9 -9]
   [-9 -9]
   [-9 -9]
   [-9 -9]
   [-9 -9]
   [-9 -9]
   [-9 -9]
   [-9 -9]
   [-9 -9]
   [-9 -9]
   [-9 -9]
   [-9 -9]
   [-9 -9]
   [-9 -9]
   [-9 -9]
   [-9 -9]
   [-9 -9]
   [-9 -9]
   [-9 -9]
   [-9 -9]
   [-9 -9]
   [-9 -9]
   [-9 -9]
   [-9 -9]
   [-9 -9]
   [-9 -9]
   [-9 -9]
   [-9 -9]
   [-9 -9]
   [-9 -9]
   [-9 -9]
   [ 0  0]]

  [[-9 -9]
   [-9 -9]
   [-9 -9]
   [-9 -9]
   [-9 -9]
   [-9 -9]
   [-9 -9]
   [-9 -9]
   [-9 -9]
   [-9 -9]
   [-9 -9]
   [-9 -9]
   [-9 -9]
   [-9 -9]
   [-9 -9]
   [-9 -9]
   [-9 -9]
   [-9 -9]
   [-9 -9]
   [-9 -9]
   [-9 -9]
   [-9 -9]
   [-9 -9]
   [-9 -9]
   [-9 -9]
   [-9 -9]
   [-9 -9]
   [-9 -9]
   [-9 -9]
   [-9 -9]
   [-9 -9]
   [-9 -9]
   [-9 -9]
   [-9 -9]
   [-9 -9]
   [-9 -9]
   [-9 -9]
   [-9 -9]
   [-9 -9]
   [-9 -9]
   [-9 -9]
   [-9 -9]
   [-9 -9]
   [-9 -9]
   [-9 -9]
   [-9 -9]
   [-9 -9]
   [-9 -9]
   [-9 -9]
   [-9 -9]
   [-9 -9]
   [-9 -9]
   [-9 -9]
   [ 0  0]]]]
output t
[[-4.97416   -8.592163  -9.01496   -8.488591  -8.575473  -8.721918
  -8.784292  -4.728094  -8.593892  -9.136492  -8.57245   -8.706186
  -9.101727  -4.919448  -8.6163025 -8.488649  -4.0575233 -9.092902
  -8.935091  -5.646715  -9.356958  -5.5647507 -8.513741  -5.87535
  -8.3713665 -5.2861295 -9.082949  -1.8334086 -8.709396  -8.630671
  -8.848874  -8.559659  -8.606648  -6.430092  -8.700322  -8.739686
  -8.716772  -8.905605  -8.748362  -2.284348  -8.873635  -8.5931225
  -6.027108  -8.642173  -9.115116  -2.166514  -8.84692   -6.032615
  -8.479993  -2.3394434 -8.951751  -6.0733695 -8.94056   -8.975004 ]
 [-9.3308    -3.2543828 -9.380684  -9.507264  -9.825876  -9.506702
  -9.974163  -9.126678  -3.3436604 -9.582958  -9.366256  -9.305648
  -9.357642  -9.9634495 -9.639729  -9.193138  -9.737488  -9.023252
  -9.62089   -9.636911  -9.085398  -9.256581  -9.53566   -9.375969
  -9.373035  -9.05098   -9.137188  -8.940565  -1.9162284 -9.683361
  -9.222996  -9.775295  -9.000644  -9.526286  -4.5935726 -9.511615
  -9.072131  -9.346843  -9.126379  -9.588119  -9.053647  -9.448677
  -9.842054  -9.419568  -9.359469  -9.762339  -9.057893  -9.310332
  -9.401542  -9.075226  -9.082857  -9.597957  -9.321952  -9.005951 ]
 [-8.501554  -8.531943  -1.6561513 -8.728425  -8.491687  -8.378416
  -8.83242   -8.581167  -8.605833  -1.6916718 -8.569068  -8.526818
  -8.405506  -8.431812  -1.668339  -8.722362  -8.379221  -1.6849799
  -8.751065  -8.817418  -8.381911  -8.426147  -8.772255  -8.640997
  -8.531895  -8.666543  -8.63035   -8.559273  -8.683877  -2.5868592
  -8.595275  -8.458942  -8.515585  -8.591028  -8.534846  -4.656451
  -8.580023  -8.403904  -8.599748  -8.739647  -2.6531782 -8.873534
  -8.6381235 -4.7557526 -8.4839945 -8.585167  -8.740028  -8.445952
  -8.53022   -8.504579  -8.581454  -8.415536  -8.614329  -8.728986 ]
 [-8.908508  -8.914426  -9.120683  -1.2779477 -9.027364  -8.980013
  -8.862367  -8.906101  -9.036734  -8.976528  -1.2778068 -9.027739
  -9.189123  -9.265518  -9.081356  -8.986122  -9.167556  -9.101327
  -9.159969  -8.913271  -8.937501  -8.961148  -8.878825  -9.058265
  -9.063662  -9.069068  -9.10514   -9.088411  -9.218491  -9.009273
  -5.5071745 -9.022328  -9.144292  -9.195997  -9.102924  -9.2228985
  -1.9999771 -9.128381  -9.1425495 -9.220363  -9.180536  -9.120241
  -9.188284  -9.212886  -9.231301  -9.146087  -9.026896  -8.919081
  -9.258173  -9.100588  -9.132363  -8.8839445 -8.945413  -9.185243 ]
 [-8.137396  -8.327155  -8.018782  -7.9982862 -2.6436772 -8.277742
  -8.587156  -8.972979  -8.210756  -8.786743  -8.353653  -2.637661
  -8.912565  -8.393854  -8.349505  -2.7053893 -8.156346  -8.623748
  -2.6617038 -8.472109  -2.7058933 -8.191643  -2.7450848 -8.528571
  -2.7220247 -8.74135   -2.6936176 -8.483434  -8.408197  -8.320093
  -7.967285  -1.6763777 -8.63169   -8.029598  -8.323814  -8.431012
  -8.692394  -5.2758284 -8.527785  -8.390961  -8.145861  -1.6737744
  -8.300155  -8.426113  -4.862499  -8.132786  -1.6623374 -8.555965
  -5.477526  -8.42203   -1.6822052 -8.0905695 -5.232564  -8.275953 ]
 [-9.300825  -9.266579  -8.969296  -9.05905   -9.061726  -1.7956078
  -9.236317  -9.281164  -9.142617  -9.305081  -9.320382  -8.952965
  -1.7943699 -9.162552  -9.07      -9.1225    -9.145798  -8.968899
  -9.18725   -9.056673  -9.1496935 -9.086323  -9.290189  -9.310866
  -9.30555   -8.830611  -9.063349  -9.356053  -8.990772  -9.405855
  -9.0726385 -9.209509  -3.493936  -9.098113  -9.338426  -9.420182
  -9.076108  -9.321122  -4.360501  -9.070489  -9.153593  -9.320878
  -9.23316   -8.97512   -9.345219  -9.177427  -9.358783  -9.218212
  -8.863143  -9.331779  -9.357225  -9.693204  -9.113102  -8.982587 ]]

=========================
Layer 0 encoder
z
[[-0.6931472 -0.6931472]
 [-0.6931472 -0.6931472]]

u
[[[-0.6931472 -0.6931472]
  [-0.6931472 -0.6931472]]

 [[-0.6931472 -0.6931472]
  [-0.6931472 -0.6931472]]]

v
[[-0.6931472 -0.6931472]
 [-0.6931472 -0.6931472]]

y_categorical
[[-0.6931472  -0.69314724]]

y_bernoulli
[[-0.6931472  -0.6931472 ]
 [-0.6931472  -0.69314724]]

rho_categorical
[[-6.3915567e+00 -1.5384380e+00]
 [-8.6112108e+00  5.9146073e-04]
 [-5.6483297e+00 -3.8069792e+00]
 [-4.0261126e+00 -4.2658205e+00]
 [-4.3697691e+00 -2.0426335e+00]
 [-5.7209554e+00 -4.5286999e+00]]

x_categorical
[[-8.569358 -4.390692]]

x_bernoulli
[[-0.01520276 -4.1938543 ]
 [-4.1938686  -0.015203  ]]

z_prime
[[-0.6931472 -0.6931472]
 [-0.6931472 -0.6931472]]

=========================
Layer 1 encoder
z
[[-0.6931472 -0.6931472]
 [-0.6931472 -0.6931472]]

u
[[[-0.6931472 -0.6931472]
  [-0.6931472 -0.6931472]]

 [[-0.6931472 -0.6931472]
  [-0.6931472 -0.6931472]]]

v
[[-0.6931472 -0.6931472]
 [-0.6931472 -0.6931472]]

y_categorical
[[-0.6931472 -0.6931472]]

y_bernoulli
[[-0.6931472 -0.6931472]
 [-0.6931472 -0.6931472]]

rho_categorical
[[-4.8409038e+00 -2.8265843e-01]
 [-5.2873025e+00  7.5562054e-04]
 [-3.9996929e+00 -2.9850228e+00]
 [-6.8071222e+00 -4.9595747e+00]
 [-3.7088728e+00 -2.4386318e+00]
 [-3.9686811e+00 -2.6908417e+00]]

x_categorical
[[-6.7759275 -4.630648 ]]

x_bernoulli
[[-0.11067814 -2.2559574 ]
 [-2.2559576  -0.1106782 ]]

z_prime
[[-0.6931472 -0.6931472]
 [-0.6931472 -0.6931472]]

=========================
Layer 2 encoder
z
[[-0.6931472 -0.6931472]
 [-0.6931472 -0.6931472]]

u
[[[-0.6931472 -0.6931472]
  [-0.6931472 -0.6931472]]

 [[-0.6931472 -0.6931472]
  [-0.6931472 -0.6931472]]]

v
[[-0.6931472 -0.6931472]
 [-0.6931472 -0.6931472]]

y_categorical
[[-0.6931472 -0.6931472]]

y_bernoulli
[[-0.6931472 -0.6931472]
 [-0.6931472 -0.6931472]]

rho_categorical
[[-1.4050258e+00 -4.7273788e+00]
 [-5.3812399e+00 -1.5166914e+00]
 [-3.3503194e+00 -5.0985336e+00]
 [-3.5857730e+00  8.4039020e-05]
 [-2.4089408e+00 -4.6231737e+00]
 [-2.4908435e+00 -4.5993299e+00]]

x_categorical
[[-5.1895146 -1.5192353]]

x_bernoulli
[[-0.02515042 -3.6954298 ]
 [-3.6954298  -0.02515042]]

z_prime
[[-0.6931472 -0.6931472]
 [-0.6931472 -0.6931472]]

=========================
Layer 3 encoder
z
[[-0.6931472 -0.6931472]
 [-0.6931472 -0.6931472]]

u
[[[-0.6931472 -0.6931472]
  [-0.6931472 -0.6931472]]

 [[-0.6931472 -0.6931472]
  [-0.6931472 -0.6931472]]]

v
[[-0.6931472 -0.6931472]
 [-0.6931472 -0.6931472]]

y_categorical
[[-0.6931472 -0.6931472]]

y_bernoulli
[[-0.6931472 -0.6931472]
 [-0.6931472 -0.6931472]]

rho_categorical
[[-3.4667068  -1.1067605 ]
 [-7.2936993  -1.071203  ]
 [-4.0745616  -0.91315347]
 [-6.07103    -1.2783823 ]
 [-5.197788   -0.94634926]
 [-4.8347692  -2.1984963 ]]

x_categorical
[[-7.286866  -2.1752641]]

x_bernoulli
[[-0.00600834 -5.117602  ]
 [-5.1176105  -0.00600839]]

z_prime
[[-0.6931472 -0.6931472]
 [-0.6931472 -0.6931472]]

=========================
Layer 4 encoder
z
[[-0.6931472 -0.6931472]
 [-0.6931472 -0.6931472]]

u
[[[-0.6931472 -0.6931472]
  [-0.6931472 -0.6931472]]

 [[-0.6931472 -0.6931472]
  [-0.6931472 -0.6931472]]]

v
[[-0.6931472 -0.6931472]
 [-0.6931472 -0.6931472]]

y_categorical
[[-0.6931472 -0.6931472]]

y_bernoulli
[[-0.6931472 -0.6931472]
 [-0.6931472 -0.6931472]]

rho_categorical
[[-1.3399929  -3.3980052 ]
 [-0.26928374 -3.27714   ]
 [-2.807163   -1.6683042 ]
 [-2.6696537  -1.7337124 ]
 [-2.3409617  -1.086109  ]
 [-2.1846328  -1.4329268 ]]

x_categorical
[[-1.1215664 -1.9834164]]

x_bernoulli
[[-1.2141815  -0.3523315 ]
 [-0.35233152 -1.2141815 ]]

z_prime
[[-1.2141815  -0.35233152]
 [-0.35233152 -1.2141815 ]]

=========================
Layer 5 encoder
z
[[-1.2141815  -0.35233152]
 [-0.35233152 -1.2141815 ]]

u
[[[-1.2141815  -1.2141815 ]
  [-0.35233152 -0.35233152]]

 [[-0.35233152 -0.35233152]
  [-1.2141815  -1.2141815 ]]]

v
[[-0.35233152 -0.35233152]
 [-1.2141815  -1.2141815 ]]

y_categorical
[[-1.2132692  -0.35250363]]

y_bernoulli
[[-0.3526537 -1.2134194]
 [-1.2134192 -0.3526536]]

rho_categorical
[[-1.8235273  -0.71248776]
 [-3.8437648  -0.10880106]
 [-1.6533252  -0.59685916]
 [-2.5421834  -0.25182667]
 [-2.0205202  -0.46297824]
 [-2.0706944  -0.07894599]]

x_categorical
[[-3.2023044 -0.2150715]]

x_bernoulli
[[-0.04919655 -3.0364308 ]
 [-3.0364294  -0.04919648]]

z_prime
[[-0.02109823 -3.8690984 ]
 [-3.8690963  -0.02109823]]

====================
Layer 5 decoder
x_bernoulli
[[-0.00897551 -4.7177415 ]
 [-4.717739   -0.00897551]]

y_bernoulli
[[-1.0746866e-03 -6.8363090e+00]
 [-6.8363056e+00 -1.0746866e-03]]

x_categorical
[[-4.717739   -0.00897552]]

y_categorical
[[-6.8363056e+00 -1.0746901e-03]]

v
[[-11.429921   -0.1391534]
 [ -6.846473   -2.049251 ]]

rho_categorical
[[ -4.7251973  -1.5762997]
 [-12.000795   -6.397369 ]
 [-10.970751   -4.622735 ]
 [-12.317986   -6.507655 ]
 [-11.26684    -0.3008302]
 [-10.565245   -3.4693043]]

t_categorical
[[[ -7.01637    -8.483757 ]
  [-13.971283   -8.912554 ]
  [-13.804337   -9.795494 ]
  [-13.884562   -9.081528 ]
  [-13.984013   -8.970531 ]
  [-13.79928    -9.510332 ]
  [-13.802992   -9.507778 ]
  [ -7.0491304  -8.280319 ]
  [-13.852896   -8.958958 ]
  [-13.718124   -9.983138 ]
  [-13.964764   -8.890144 ]
  [-13.832901   -9.548052 ]
  [-13.7721405  -9.706983 ]
  [ -7.016341   -8.096109 ]
  [-13.873638   -9.055483 ]
  [-13.849096   -8.904308 ]
  [ -7.19073    -7.6384206]
  [-13.770063   -9.988211 ]
  [-13.773222   -9.817042 ]
  [ -6.9592834  -8.657936 ]
  [-13.729446   -9.975467 ]
  [ -6.966568   -8.749914 ]
  [-13.823563   -9.088041 ]
  [ -6.9506865  -9.26683  ]
  [-13.9470825  -8.825289 ]
  [ -6.98453    -8.343703 ]
  [-13.762129  -10.279446 ]
  [-12.757433   -2.1878636]
  [-13.744453   -9.42177  ]
  [-13.773714   -9.160631 ]
  [-13.774054   -9.709359 ]
  [-13.89402    -8.943924 ]
  [-13.811649   -8.8995075]
  [ -7.7700877  -9.5352   ]
  [-13.881565   -9.445759 ]
  [-13.883747   -9.062937 ]
  [-13.775042   -9.387617 ]
  [-13.77359    -9.632586 ]
  [-13.9748955  -9.123056 ]
  [-12.7104225  -3.696925 ]
  [-13.811848   -9.59589  ]
  [-13.94508    -9.288786 ]
  [ -7.8377433  -8.752314 ]
  [-13.927408   -9.112741 ]
  [-13.767504   -9.712698 ]
  [-13.044607   -3.1047862]
  [-13.830793   -9.264542 ]
  [ -7.876302   -9.620134 ]
  [-13.790922   -8.865358 ]
  [-12.137901   -3.9599779]
  [-13.837648   -9.706551 ]
  [ -7.753899   -8.447933 ]
  [-13.751688   -9.227421 ]
  [-13.735924   -9.875321 ]]

 [[-16.67457   -11.64027  ]
  [-14.123546  -10.218732 ]
  [-16.2875    -12.213732 ]
  [-16.971272  -11.875481 ]
  [-18.024164  -11.199613 ]
  [-16.680033  -12.161055 ]
  [-17.588554  -11.075885 ]
  [-16.994087  -11.419434 ]
  [-14.112341  -10.160154 ]
  [-16.58035   -12.86682  ]
  [-16.933193  -11.702453 ]
  [-16.206331  -12.275064 ]
  [-17.436016  -11.239335 ]
  [-16.849422  -11.778654 ]
  [-16.796017  -11.643563 ]
  [-16.37153   -11.882273 ]
  [-17.307629  -11.11632  ]
  [-16.219898  -11.999304 ]
  [-16.967405  -11.750062 ]
  [-16.973839  -11.897814 ]
  [-16.886868  -11.604637 ]
  [-16.954315  -11.551199 ]
  [-17.001328  -11.416372 ]
  [-16.746716  -11.693163 ]
  [-16.549782  -12.014743 ]
  [-16.409233  -11.756296 ]
  [-16.79397   -11.350019 ]
  [-16.840572  -11.433195 ]
  [-15.20957    -6.800026 ]
  [-18.158035  -11.0347805]
  [-16.646885  -11.737722 ]
  [-17.572289  -11.347448 ]
  [-17.030014  -11.385087 ]
  [-16.727257  -11.679716 ]
  [-13.120951  -11.422442 ]
  [-17.026669  -11.594387 ]
  [-17.15352   -11.357325 ]
  [-17.004578  -11.549461 ]
  [-16.52594   -12.04922  ]
  [-16.9608    -11.614375 ]
  [-16.9515    -11.498463 ]
  [-17.21484   -11.505328 ]
  [-17.733862  -11.17651  ]
  [-16.301533  -12.197724 ]
  [-16.717506  -12.077838 ]
  [-17.854368  -11.059692 ]
  [-16.71776   -11.638136 ]
  [-17.361128  -11.459698 ]
  [-16.794456  -11.690793 ]
  [-17.554361  -11.3111725]
  [-16.27837   -12.139122 ]
  [-17.35233   -11.214579 ]
  [-16.32972   -12.03111  ]
  [-17.156406  -11.414254 ]]

 [[-16.792019  -11.007015 ]
  [-16.481098  -11.547657 ]
  [-11.994644  -10.589147 ]
  [-16.865253  -10.9199095]
  [-17.243956  -10.889793 ]
  [-17.640882  -10.601    ]
  [-16.62625   -10.970618 ]
  [-16.755571  -10.896178 ]
  [-17.158064  -10.740628 ]
  [-12.397527  -10.387011 ]
  [-16.382708  -11.576303 ]
  [-18.199368  -10.515117 ]
  [-17.537294  -10.610793 ]
  [-16.904404  -11.044019 ]
  [-13.506924   -9.359869 ]
  [-16.498766  -11.45715  ]
  [-16.90024   -10.935706 ]
  [-13.163433   -9.308411 ]
  [-16.704271  -11.098883 ]
  [-16.36011   -11.212417 ]
  [-16.841963  -11.100229 ]
  [-16.490768  -11.388148 ]
  [-16.965244  -11.007814 ]
  [-17.767578  -10.597913 ]
  [-16.479654  -11.192513 ]
  [-16.406883  -11.54193  ]
  [-17.319828  -10.716771 ]
  [-17.499428  -10.659454 ]
  [-17.31724   -10.700202 ]
  [-15.666648   -5.1578712]
  [-17.638908  -10.599171 ]
  [-16.904991  -11.088856 ]
  [-16.507584  -11.123131 ]
  [-16.84771   -10.950645 ]
  [-16.841902  -10.9629   ]
  [-15.024668   -9.735888 ]
  [-16.494085  -11.646187 ]
  [-17.259762  -10.761082 ]
  [-16.687344  -11.212912 ]
  [-17.336946  -10.658285 ]
  [-15.877161   -5.823717 ]
  [-16.384945  -11.708104 ]
  [-16.589096  -11.471405 ]
  [-14.029927  -10.237043 ]
  [-16.692734  -11.337688 ]
  [-17.610596  -10.566    ]
  [-16.338099  -11.373696 ]
  [-16.962776  -10.949665 ]
  [-16.916458  -10.956404 ]
  [-16.641537  -11.136713 ]
  [-17.34199   -10.617958 ]
  [-16.595797  -11.566006 ]
  [-16.82079   -11.081501 ]
  [-17.363733  -10.5981655]]

 [[-17.50357   -10.30115  ]
  [-16.690214  -10.206357 ]
  [-17.310137  -11.214634 ]
  [-13.872168  -10.775255 ]
  [-17.253498  -10.97988  ]
  [-16.985111  -10.357454 ]
  [-17.29331   -10.150832 ]
  [-17.88842   -10.489672 ]
  [-17.400785  -10.676603 ]
  [-17.447803  -10.37093  ]
  [-14.611128   -9.99413  ]
  [-17.389015  -11.322469 ]
  [-16.963264  -11.333347 ]
  [-16.56819   -11.689261 ]
  [-16.950356  -10.832232 ]
  [-17.355112  -10.292009 ]
  [-16.74749   -11.298119 ]
  [-16.81719   -10.995923 ]
  [-16.909058  -11.899872 ]
  [-17.421816  -10.292442 ]
  [-17.242659  -10.235925 ]
  [-16.371265  -10.430547 ]
  [-17.629803  -10.359164 ]
  [-16.549911  -10.56227  ]
  [-17.096695  -10.71221  ]
  [-16.836237  -11.181492 ]
  [-16.415056  -11.073121 ]
  [-17.568377  -11.12325  ]
  [-17.024788  -11.202068 ]
  [-17.472633  -10.464598 ]
  [-15.295686   -7.9089775]
  [-17.497084  -10.6083   ]
  [-16.596413  -11.324684 ]
  [-17.07693   -11.221375 ]
  [-16.994097  -10.731187 ]
  [-16.327196  -11.730094 ]
  [-14.368738  -10.62159  ]
  [-17.426088  -11.031414 ]
  [-16.455181  -11.046685 ]
  [-16.434633  -11.095948 ]
  [-16.560665  -11.225367 ]
  [-16.834974  -10.8568535]
  [-16.432924  -11.446974 ]
  [-16.861362  -11.148351 ]
  [-16.411985  -11.53474  ]
  [-17.078766  -11.072174 ]
  [-17.474575  -10.731459 ]
  [-17.042305  -10.014369 ]
  [-16.19649   -11.997489 ]
  [-16.884966  -11.267543 ]
  [-16.873474  -11.611839 ]
  [-17.238585  -10.274773 ]
  [-17.268885  -10.119178 ]
  [-16.447824  -11.315796 ]]

 [[-17.690794   -8.507389 ]
  [-17.14287    -8.707941 ]
  [-18.249958   -8.318205 ]
  [-18.046837   -8.314052 ]
  [-13.178404   -8.068182 ]
  [-17.601734   -8.707966 ]
  [-16.853727   -9.197049 ]
  [-16.522987   -9.938841 ]
  [-17.434252   -8.584713 ]
  [-16.645609   -9.461915 ]
  [-17.363668   -8.799983 ]
  [-14.143427   -7.5206146]
  [-16.514093   -9.797796 ]
  [-17.401506   -8.84259  ]
  [-17.27018    -8.816927 ]
  [-13.382162   -7.8010235]
  [-17.209883   -8.488337 ]
  [-16.97052    -9.334656 ]
  [-13.089537   -8.138189 ]
  [-17.334724   -9.034292 ]
  [-13.618003   -7.8308697]
  [-17.712074   -8.564987 ]
  [-14.234596   -7.489211 ]
  [-16.869968   -9.145749 ]
  [-13.782896   -7.603486 ]
  [-17.0512     -9.530999 ]
  [-13.722499   -7.644058 ]
  [-17.044643   -9.009498 ]
  [-17.082474   -8.914069 ]
  [-17.44408    -8.7141905]
  [-18.632034   -8.271876 ]
  [-17.082901   -1.7078586]
  [-16.718683   -9.31091  ]
  [-18.345722   -8.337936 ]
  [-17.411057   -8.76256  ]
  [-17.23382    -9.005816 ]
  [-16.949863   -9.371745 ]
  [-16.101307   -7.729204 ]
  [-16.877369   -9.056676 ]
  [-17.091074   -8.851694 ]
  [-17.702686   -8.485282 ]
  [-16.884912   -1.7095988]
  [-17.085386   -8.713612 ]
  [-16.984348   -8.927875 ]
  [-14.877394   -7.8202696]
  [-17.83292    -8.486892 ]
  [-17.3652     -1.6856925]
  [-16.665787   -9.064528 ]
  [-14.759761   -8.946052 ]
  [-17.123613   -8.974187 ]
  [-16.708576   -1.70242  ]
  [-17.91171    -8.427576 ]
  [-15.153681   -8.095926 ]
  [-17.493263   -8.694605 ]]

 [[-14.842728  -10.3866005]
  [-14.822518  -10.325276 ]
  [-15.832647   -9.866378 ]
  [-15.218851   -9.937879 ]
  [-15.696074   -9.7445345]
  [-12.184006   -9.263306 ]
  [-14.847923  -10.253324 ]
  [-14.857471  -10.096084 ]
  [-15.04368   -10.357154 ]
  [-14.694527  -10.300762 ]
  [-14.624168  -10.639065 ]
  [-15.7713585  -9.85413  ]
  [-12.77054    -8.586863 ]
  [-15.206756  -10.042666 ]
  [-15.280905  -10.031241 ]
  [-15.091785  -10.029488 ]
  [-15.085741  -10.070066 ]
  [-15.814989   -9.789894 ]
  [-15.097607  -10.099595 ]
  [-15.54004    -9.836831 ]
  [-14.9294815 -10.213659 ]
  [-15.21698    -9.901357 ]
  [-14.778181  -10.283805 ]
  [-14.789433  -10.40482  ]
  [-14.823756  -10.32488  ]
  [-16.153316   -9.795285 ]
  [-15.2571125  -9.866851 ]
  [-14.639992  -10.439058 ]
  [-15.861504   -9.782598 ]
  [-14.731419  -10.370928 ]
  [-15.038335   -9.993441 ]
  [-15.066444  -10.116376 ]
  [-15.060221   -3.5483148]
  [-14.994548  -10.072213 ]
  [-14.80567   -10.672124 ]
  [-14.471622  -10.756299 ]
  [-15.17271   -10.030232 ]
  [-14.764847  -10.446923 ]
  [-12.906834   -9.147821 ]
  [-15.282272  -10.033477 ]
  [-15.123674  -10.052132 ]
  [-14.778864  -10.601089 ]
  [-14.785997  -10.429037 ]
  [-15.426785   -9.9360485]
  [-14.610598  -10.528423 ]
  [-14.899099  -10.0617285]
  [-14.802268  -10.460759 ]
  [-14.927657  -10.168132 ]
  [-16.14795    -9.771239 ]
  [-14.841492  -10.538592 ]
  [-14.621927  -10.5922985]
  [-14.429016  -11.190638 ]
  [-15.322697   -9.840761 ]
  [-15.755383   -9.791811 ]]]

u
[[[  2.5201066    0.13028537]
  [  2.060064     1.114896  ]]

 [[-11.429921    -0.1391534 ]
  [ -6.846473    -2.049251  ]]]

z
[[ 0.32833302  2.2967572 ]
 [ 0.671667   -1.2967572 ]]

====================
Layer 4 decoder
x_bernoulli
[[-0.87947714 -0.02713013]
 [-0.5361432  -3.6206446 ]]

y_bernoulli
[[-1.4672688  -0.01154912]
 [-0.26208484 -4.466913  ]]

x_categorical
[[-0.5361432 -3.6206446]]

y_categorical
[[-0.26208487 -4.466913  ]]

v
[[-2.3609347  -4.4940643 ]
 [-0.39287415 -8.086794  ]]

rho_categorical
[[ -1.2897972 -12.144818 ]
 [ -1.9196098  -3.6259484]
 [ -1.9665167 -12.193785 ]
 [ -6.5477204 -12.532958 ]
 [ -3.8743038  -9.15808  ]
 [ -7.054279  -10.713644 ]]

t_categorical
[[[ -8.695537  -14.917952 ]
  [-10.617265  -16.84763  ]
  [ -9.94768   -17.589884 ]
  [ -9.567631  -17.875584 ]
  [-10.286078  -17.028017 ]
  [ -9.506451  -18.224064 ]
  [ -9.680592  -17.814072 ]
  [ -9.452808  -14.307814 ]
  [-10.176012  -17.019415 ]
  [ -9.895959  -17.627792 ]
  [-10.597393  -16.841072 ]
  [ -9.501958  -18.250668 ]
  [-10.234109  -17.345158 ]
  [ -8.220522  -15.602257 ]
  [-10.017028  -17.218506 ]
  [ -9.907575  -17.171837 ]
  [ -9.659428  -14.030252 ]
  [ -9.919026  -17.643852 ]
  [ -9.69065   -17.887337 ]
  [ -8.345606  -15.611946 ]
  [-10.618821  -17.251814 ]
  [ -9.349178  -14.426453 ]
  [ -9.55661   -17.88831  ]
  [ -8.319057  -15.4595585]
  [ -9.741394  -17.307156 ]
  [ -8.517496  -15.228697 ]
  [ -9.759638  -17.880447 ]
  [ -3.0433779 -16.483374 ]
  [ -9.5138    -18.138294 ]
  [ -9.723169  -17.57734  ]
  [ -9.598951  -18.019753 ]
  [-10.130506  -17.045622 ]
  [-10.452274  -16.850485 ]
  [ -9.24298   -15.174681 ]
  [ -9.609757  -17.975765 ]
  [-10.701084  -16.940733 ]
  [ -9.600023  -17.918867 ]
  [ -9.789173  -17.684254 ]
  [-10.735285  -17.017862 ]
  [ -2.5638685 -17.97411  ]
  [ -9.803281  -17.677261 ]
  [ -9.593526  -17.969585 ]
  [ -9.195782  -15.147511 ]
  [-10.057209  -17.252659 ]
  [-10.218898  -17.349792 ]
  [ -2.6633768 -17.767136 ]
  [-10.356803  -17.141666 ]
  [ -8.739693  -15.988944 ]
  [ -9.867898  -17.155708 ]
  [ -2.5603561 -16.7149   ]
  [ -9.9681425 -17.565609 ]
  [ -9.520361  -14.695069 ]
  [-10.705821  -16.976204 ]
  [ -9.673248  -17.902155 ]]

 [[ -9.951088  -12.930149 ]
  [ -8.490453   -4.5474644]
  [ -9.959186  -12.972052 ]
  [-10.428499  -12.80752  ]
  [-11.084002  -12.587172 ]
  [-10.261886  -12.867632 ]
  [-11.207057  -12.542944 ]
  [ -9.845506  -13.086084 ]
  [ -8.663202   -4.5385222]
  [-10.388966  -12.824875 ]
  [-10.132739  -12.943211 ]
  [ -9.918419  -13.038435 ]
  [-10.147435  -12.861603 ]
  [-10.8243685 -12.606758 ]
  [-10.2230425 -12.764938 ]
  [ -9.863304  -13.1064415]
  [-10.548839  -12.643152 ]
  [ -9.786379  -13.371904 ]
  [-10.574649  -12.714811 ]
  [-10.575315  -12.726753 ]
  [ -9.91051   -13.195116 ]
  [ -9.990948  -13.003563 ]
  [-10.167741  -12.803543 ]
  [-10.034835  -12.922188 ]
  [-10.066136  -12.939617 ]
  [ -9.801586  -13.276192 ]
  [ -9.78312   -13.045465 ]
  [ -9.750498  -13.396479 ]
  [ -1.9366499 -12.2368145]
  [-10.591911  -12.672571 ]
  [ -9.939666  -13.057503 ]
  [-11.259827  -12.57346  ]
  [ -9.767422  -13.24614  ]
  [-10.170149  -12.818033 ]
  [ -9.331404   -5.2566733]
  [-10.306936  -12.815462 ]
  [ -9.848035  -13.151199 ]
  [-10.085229  -12.93722  ]
  [ -9.947053  -13.201069 ]
  [-10.382239  -12.768923 ]
  [ -9.851611  -13.211119 ]
  [-10.182262  -12.860979 ]
  [-10.62725   -12.617025 ]
  [ -9.973369  -12.941988 ]
  [-10.175824  -12.96162  ]
  [-10.759526  -12.6221485]
  [ -9.856917  -13.262257 ]
  [-10.152889  -12.934383 ]
  [-10.091109  -12.898827 ]
  [ -9.922787  -13.153221 ]
  [ -9.847236  -13.274151 ]
  [-10.340493  -12.731182 ]
  [ -9.915263  -13.004797 ]
  [ -9.844889  -13.241934 ]]

 [[ -9.484801  -17.236229 ]
  [ -9.504267  -17.303497 ]
  [ -7.955779  -14.39439  ]
  [-10.361635  -16.615974 ]
  [ -9.520143  -17.549011 ]
  [ -9.273746  -17.754082 ]
  [-10.405524  -16.276503 ]
  [ -9.618339  -16.803564 ]
  [ -9.880188  -16.820194 ]
  [ -7.9498234 -14.595778 ]
  [ -9.47939   -17.213285 ]
  [ -9.785501  -17.205898 ]
  [ -9.36487   -17.317616 ]
  [ -9.310096  -17.794647 ]
  [ -8.229182  -14.034325 ]
  [-10.032346  -16.791573 ]
  [ -9.210203  -17.953274 ]
  [ -7.915141  -14.566802 ]
  [-10.198801  -16.693966 ]
  [-10.313465  -16.295477 ]
  [ -9.168832  -18.321533 ]
  [ -9.235962  -17.80027  ]
  [-10.727205  -16.745481 ]
  [-10.334178  -16.78272  ]
  [ -9.434622  -17.120066 ]
  [ -9.643964  -17.02878  ]
  [-10.004916  -16.884026 ]
  [ -9.678749  -17.079975 ]
  [-10.354144  -16.546906 ]
  [ -2.6762528 -16.919436 ]
  [ -9.870488  -16.927486 ]
  [ -9.425112  -17.597431 ]
  [ -9.407821  -17.122461 ]
  [ -9.772032  -16.902018 ]
  [ -9.612968  -17.088686 ]
  [ -8.885338  -14.655967 ]
  [ -9.58622   -17.266115 ]
  [ -9.362304  -17.586779 ]
  [ -9.684925  -17.11296  ]
  [-10.315261  -16.529362 ]
  [ -2.7098677 -16.570475 ]
  [-10.528355  -16.589266 ]
  [ -9.887235  -17.012054 ]
  [ -8.471582  -14.957401 ]
  [ -9.351656  -17.710487 ]
  [ -9.821834  -16.683321 ]
  [-10.005964  -16.514944 ]
  [ -9.412466  -17.502953 ]
  [ -9.473157  -17.341806 ]
  [ -9.387762  -17.38066  ]
  [ -9.6194725 -16.828909 ]
  [ -9.249943  -18.054966 ]
  [ -9.904782  -16.939236 ]
  [-10.54079   -16.243532 ]]

 [[-11.271459  -18.05857  ]
  [-11.237669  -17.107552 ]
  [-11.821986  -17.56015  ]
  [-10.374045  -14.429497 ]
  [-11.628826  -17.767632 ]
  [-11.42127   -16.898655 ]
  [-11.261688  -17.979275 ]
  [-11.542099  -17.896866 ]
  [-11.941759  -17.339756 ]
  [-11.524703  -17.4757   ]
  [-10.476762  -14.427744 ]
  [-11.735067  -17.84106  ]
  [-11.972923  -17.25497  ]
  [-12.562338  -16.84912  ]
  [-11.529388  -17.481384 ]
  [-11.822662  -16.847534 ]
  [-11.981865  -16.81977  ]
  [-12.203182  -16.183298 ]
  [-11.886472  -17.550232 ]
  [-11.8012495 -17.491974 ]
  [-11.298368  -17.527533 ]
  [-11.260917  -16.933628 ]
  [-11.143755  -18.630562 ]
  [-11.5469265 -17.099514 ]
  [-11.777853  -17.38031  ]
  [-11.493118  -17.251928 ]
  [-11.643327  -16.55935  ]
  [-12.006626  -17.507523 ]
  [-12.862508  -16.837383 ]
  [-11.860481  -17.114557 ]
  [ -6.955392  -16.222641 ]
  [-12.174597  -17.273916 ]
  [-11.405169  -17.524408 ]
  [-12.576172  -16.88436  ]
  [-12.4327135 -16.882998 ]
  [-11.471647  -17.350975 ]
  [-10.63866   -14.398165 ]
  [-11.776539  -17.224756 ]
  [-11.688059  -17.09711  ]
  [-12.658477  -16.601656 ]
  [-11.883994  -16.652393 ]
  [-12.097336  -17.06287  ]
  [-11.900336  -16.722641 ]
  [-12.506763  -16.812496 ]
  [-12.699325  -16.138323 ]
  [-11.834918  -16.574926 ]
  [-11.71508   -17.58417  ]
  [-11.950205  -16.92344  ]
  [-11.895176  -16.621376 ]
  [-11.450148  -17.859346 ]
  [-11.355092  -18.217299 ]
  [-11.561204  -17.695644 ]
  [-12.385498  -16.985687 ]
  [-11.761489  -17.092308 ]]

 [[-11.3873625 -16.219687 ]
  [-12.200398  -15.387426 ]
  [-11.728473  -15.871159 ]
  [-11.104397  -16.836617 ]
  [-10.378456  -11.305473 ]
  [-11.746466  -15.994083 ]
  [-11.397607  -15.995602 ]
  [-11.708848  -15.520496 ]
  [-11.4914875 -15.968481 ]
  [-12.098586  -15.388638 ]
  [-11.739248  -15.884247 ]
  [ -9.979001  -12.378843 ]
  [-11.843639  -15.452557 ]
  [-12.358723  -15.661243 ]
  [-11.541496  -15.999337 ]
  [-10.419594  -11.212798 ]
  [-11.445292  -15.694324 ]
  [-11.109085  -16.576946 ]
  [-10.139799  -11.539905 ]
  [-11.607788  -16.082779 ]
  [-11.620026  -10.961239 ]
  [-11.72272   -15.946569 ]
  [-10.971987  -11.114202 ]
  [-11.047263  -16.869333 ]
  [-10.13155   -11.491578 ]
  [-11.5729    -16.015436 ]
  [-10.619903  -11.52137  ]
  [-11.663663  -15.812354 ]
  [-11.210799  -16.423576 ]
  [-12.497237  -15.559794 ]
  [-11.566787  -16.126242 ]
  [ -5.1727953 -15.736828 ]
  [-11.207242  -16.2609   ]
  [-11.92747   -15.870763 ]
  [-11.611785  -15.998253 ]
  [-11.058852  -17.098877 ]
  [-11.8115425 -15.750696 ]
  [ -9.944023  -13.795368 ]
  [-11.560436  -15.777515 ]
  [-11.64658   -15.775125 ]
  [-11.781244  -15.772142 ]
  [ -5.03582   -15.462172 ]
  [-11.528954  -15.776278 ]
  [-11.315413  -16.141357 ]
  [-10.712847  -12.539759 ]
  [-11.551933  -16.086555 ]
  [ -5.4515944 -15.38034  ]
  [-11.709046  -15.484785 ]
  [-10.023056  -14.421957 ]
  [-11.036169  -17.075813 ]
  [ -5.632797  -14.930171 ]
  [-11.522992  -16.075974 ]
  [-11.468019  -12.855263 ]
  [-11.576037  -16.039267 ]]

 [[-12.027112  -14.625532 ]
  [-11.483389  -14.78743  ]
  [-12.92383   -14.382887 ]
  [-11.423454  -15.40566  ]
  [-12.033297  -14.327653 ]
  [-10.23299   -14.119066 ]
  [-11.816431  -14.761072 ]
  [-11.747555  -14.459304 ]
  [-11.82057   -15.215933 ]
  [-11.318352  -15.201935 ]
  [-10.92883   -15.452466 ]
  [-11.9282    -14.891908 ]
  [-11.177108  -12.933482 ]
  [-12.353292  -14.517901 ]
  [-11.910194  -14.834532 ]
  [-11.564341  -14.714403 ]
  [-11.645012  -14.766639 ]
  [-12.350353  -14.3997555]
  [-12.240904  -14.477274 ]
  [-12.324518  -14.253548 ]
  [-11.3014145 -15.559294 ]
  [-11.576998  -14.745114 ]
  [-11.13019   -14.862004 ]
  [-11.674557  -15.004786 ]
  [-11.62915   -14.812504 ]
  [-11.625813  -15.503436 ]
  [-11.319009  -15.615646 ]
  [-11.339132  -14.96143  ]
  [-12.519535  -14.391413 ]
  [-12.091591  -14.549539 ]
  [-11.168264  -15.557963 ]
  [-12.383062  -14.371924 ]
  [ -7.9816895 -14.335772 ]
  [-11.237576  -15.756673 ]
  [-11.832968  -15.152189 ]
  [-11.0639    -15.819101 ]
  [-11.579855  -15.211749 ]
  [-11.692815  -15.014484 ]
  [-10.347629  -14.461777 ]
  [-11.885437  -14.855106 ]
  [-12.128122  -14.56268  ]
  [-11.715079  -15.089428 ]
  [-11.316088  -15.808193 ]
  [-11.701496  -15.036144 ]
  [-11.216068  -15.18816  ]
  [-11.116023  -14.611216 ]
  [-12.214738  -14.499682 ]
  [-11.734154  -14.870764 ]
  [-11.969553  -14.894341 ]
  [-11.978096  -14.847849 ]
  [-11.311652  -15.385975 ]
  [-11.397003  -14.687458 ]
  [-11.850085  -14.46238  ]
  [-11.661818  -14.7960205]]]

u
[[[ 1.2122191   1.7036684 ]
  [ 0.33136934  2.2068222 ]]

 [[-2.3609347  -4.4940643 ]
  [-0.39287415 -8.086794  ]]]

z
[[ 2.0652194   0.7312732 ]
 [-1.0652194   0.26872683]]

====================
Layer 3 decoder
x_bernoulli
[[-0.04277086 -0.48838258]
 [-3.1732097  -0.9509289 ]]

y_bernoulli
[[-2.632141e-04 -4.658572e+00]
 [-8.242304e+00 -9.525210e-03]]

x_categorical
[[-3.1732097 -0.9509289]]

y_categorical
[[-8.242304   -0.00952521]]

v
[[ -8.342889    -3.2764976 ]
 [-10.588927    -0.04839255]]

rho_categorical
[[-5.633876  -8.793847 ]
 [-6.740422  -9.537022 ]
 [-4.4085436 -7.5485   ]
 [-7.447435  -8.807824 ]
 [-4.4230103 -2.8962007]
 [-4.39343   -1.1079084]]

t_categorical
[[[-12.268739  -10.465609 ]
  [-13.003647  -15.051249 ]
  [-12.926371  -15.569212 ]
  [-13.526905  -14.640262 ]
  [-13.139624  -14.920918 ]
  [-12.950568  -15.434046 ]
  [-13.974198  -14.6262455]
  [-12.622587  -10.989687 ]
  [-12.871814  -15.285837 ]
  [-12.919092  -15.577347 ]
  [-13.451508  -14.60458  ]
  [-14.044645  -14.626374 ]
  [-13.239212  -15.072205 ]
  [-11.750789  -10.696982 ]
  [-12.881046  -15.368828 ]
  [-13.341416  -14.597702 ]
  [-12.24859   -10.719654 ]
  [-13.015881  -15.422243 ]
  [-12.939971  -15.53391  ]
  [-11.845127  -11.062488 ]
  [-13.4235525 -14.965334 ]
  [-12.079058  -11.809106 ]
  [-13.273411  -14.799236 ]
  [-11.748466  -11.316225 ]
  [-13.3762245 -14.495443 ]
  [-12.26116   -11.498203 ]
  [-12.99615   -15.511464 ]
  [-11.098605  -14.193254 ]
  [-13.210026  -14.99773  ]
  [-13.897528  -14.5049515]
  [-13.684991  -14.772743 ]
  [-12.825672  -15.406616 ]
  [-14.439624  -14.264622 ]
  [ -7.2339754 -14.908845 ]
  [-12.887924  -15.593033 ]
  [-13.883457  -14.5335865]
  [-12.930588  -15.414046 ]
  [-13.380928  -14.9302845]
  [-13.847531  -14.612324 ]
  [-10.9668665 -14.74334  ]
  [-13.324875  -14.981931 ]
  [-12.816306  -15.758777 ]
  [ -6.891215  -14.943802 ]
  [-13.068591  -15.093031 ]
  [-12.831019  -15.760773 ]
  [-11.480507  -14.095396 ]
  [-13.466602  -14.7813835]
  [ -6.674921  -16.028069 ]
  [-13.609971  -14.38834  ]
  [-10.888963  -14.432693 ]
  [-13.3957205 -14.974625 ]
  [ -7.8281574 -14.253572 ]
  [-13.305467  -14.856936 ]
  [-13.247788  -15.084173 ]]

 [[-13.936026  -14.315475 ]
  [-11.977798  -10.297667 ]
  [-13.5574875 -14.717299 ]
  [-13.913046  -14.775127 ]
  [-13.479871  -15.315845 ]
  [-13.5594425 -15.02265  ]
  [-13.403823  -15.404657 ]
  [-13.665241  -14.309875 ]
  [-12.108652  -11.154078 ]
  [-13.422508  -15.319823 ]
  [-13.261946  -15.586267 ]
  [-13.566599  -14.628666 ]
  [-14.653969  -14.335234 ]
  [-13.837343  -14.852641 ]
  [-13.780439  -14.70252  ]
  [-13.862362  -14.335363 ]
  [-14.635511  -14.457676 ]
  [-13.724585  -14.301247 ]
  [-14.502541  -14.545676 ]
  [-14.586448  -14.51313  ]
  [-13.656734  -14.586688 ]
  [-13.611399  -14.701988 ]
  [-13.389128  -15.160381 ]
  [-13.74102   -14.599834 ]
  [-14.777163  -14.235859 ]
  [-13.669975  -14.295853 ]
  [-14.23377   -13.950234 ]
  [-13.406414  -14.456825 ]
  [-11.04277   -13.622205 ]
  [-13.157946  -16.143286 ]
  [-13.420225  -14.874502 ]
  [-14.206191  -14.725948 ]
  [-13.435673  -14.303143 ]
  [-13.945589  -14.60144  ]
  [ -6.8130536 -13.972558 ]
  [-13.575153  -15.006183 ]
  [-13.997878  -14.207343 ]
  [-13.46669   -15.015387 ]
  [-13.902706  -14.509839 ]
  [-13.553164  -15.053419 ]
  [-13.427307  -14.688978 ]
  [-13.347524  -15.315738 ]
  [-14.511419  -14.477203 ]
  [-13.5148945 -14.784788 ]
  [-13.437055  -15.212587 ]
  [-13.72529   -14.929674 ]
  [-13.21471   -15.418571 ]
  [-13.966694  -14.587353 ]
  [-14.163521  -14.424604 ]
  [-13.79402   -14.51587  ]
  [-14.227728  -14.202793 ]
  [-13.934544  -14.663407 ]
  [-13.509455  -14.752739 ]
  [-14.525829  -14.011002 ]]

 [[-13.381706  -13.884741 ]
  [-13.126849  -14.205585 ]
  [-11.3226795  -9.747808 ]
  [-13.230157  -14.024038 ]
  [-12.892271  -14.865055 ]
  [-13.397547  -13.910002 ]
  [-13.133544  -13.975563 ]
  [-13.545065  -13.651458 ]
  [-13.830215  -13.641944 ]
  [-12.265391   -9.455636 ]
  [-13.42402   -13.845591 ]
  [-13.387024  -14.033902 ]
  [-13.3835945 -13.804395 ]
  [-13.091662  -14.317685 ]
  [-12.035796   -8.444223 ]
  [-13.047643  -14.310303 ]
  [-13.185407  -14.09209  ]
  [-12.5571785  -8.943766 ]
  [-13.289775  -13.977608 ]
  [-14.241444  -13.400108 ]
  [-13.135068  -14.247428 ]
  [-14.010997  -13.589294 ]
  [-13.123292  -14.2816105]
  [-12.8750305 -14.79549  ]
  [-13.183472  -13.977743 ]
  [-13.126043  -14.150744 ]
  [-13.140483  -14.200942 ]
  [-13.066524  -14.294227 ]
  [-13.165875  -14.080469 ]
  [ -9.801904  -13.1800995]
  [-12.884336  -14.70702  ]
  [-13.533297  -13.898732 ]
  [-13.868616  -13.523845 ]
  [-13.693653  -13.695684 ]
  [-14.276933  -13.539106 ]
  [ -5.1266994 -13.219993 ]
  [-13.273879  -14.066843 ]
  [-14.208661  -13.588099 ]
  [-13.548461  -13.833626 ]
  [-12.951707  -14.421417 ]
  [ -9.18683   -14.555529 ]
  [-12.873763  -14.722829 ]
  [-13.268676  -14.082007 ]
  [ -5.1200275 -13.783438 ]
  [-13.337018  -14.043438 ]
  [-12.991287  -14.280539 ]
  [-13.297045  -13.831972 ]
  [-14.03196   -13.643839 ]
  [-12.875171  -14.748404 ]
  [-13.646329  -13.711777 ]
  [-12.948982  -14.344381 ]
  [-13.780428  -13.778806 ]
  [-13.468778  -13.883898 ]
  [-13.645525  -13.582146 ]]

 [[-13.770035  -14.839113 ]
  [-14.6402445 -13.551776 ]
  [-14.053433  -14.532829 ]
  [-12.323408   -9.321849 ]
  [-14.54928   -14.273806 ]
  [-14.03933   -13.858671 ]
  [-13.919839  -14.634081 ]
  [-14.350862  -14.39375  ]
  [-13.590038  -15.295323 ]
  [-14.3135805 -14.174984 ]
  [-12.40184   -10.519634 ]
  [-13.578221  -15.621927 ]
  [-13.858978  -14.666819 ]
  [-13.584501  -15.152752 ]
  [-14.52423   -14.058701 ]
  [-14.033364  -14.183521 ]
  [-14.032921  -14.180301 ]
  [-13.534946  -14.461609 ]
  [-13.861297  -14.819368 ]
  [-14.087811  -14.523175 ]
  [-14.184594  -14.055577 ]
  [-14.739904  -13.4958935]
  [-14.033235  -14.558319 ]
  [-14.017222  -14.216483 ]
  [-14.023184  -14.488652 ]
  [-13.885791  -13.996904 ]
  [-13.862176  -13.884085 ]
  [-13.642802  -15.305439 ]
  [-13.56357   -15.313151 ]
  [-13.956296  -14.431049 ]
  [-10.714945  -14.2524395]
  [-13.533927  -15.555513 ]
  [-13.835033  -14.048782 ]
  [-14.329598  -14.189425 ]
  [-13.967469  -14.445553 ]
  [-14.823099  -13.812583 ]
  [ -7.581972  -13.0677185]
  [-14.306196  -14.0956955]
  [-14.066368  -14.270547 ]
  [-14.033663  -14.256908 ]
  [-13.826197  -14.230417 ]
  [-13.979845  -14.465281 ]
  [-14.141881  -14.008107 ]
  [-13.955348  -14.436571 ]
  [-13.594856  -14.5095215]
  [-14.078314  -13.784052 ]
  [-13.68503   -15.083964 ]
  [-13.9846735 -14.351198 ]
  [-13.8116865 -14.187532 ]
  [-14.167065  -14.423603 ]
  [-14.185008  -14.400976 ]
  [-13.972166  -14.655571 ]
  [-14.340296  -14.220325 ]
  [-14.121491  -14.256031 ]]

 [[-12.852934  -11.981476 ]
  [-13.073669  -11.486912 ]
  [-13.997814  -11.195379 ]
  [-13.406197  -11.264021 ]
  [-11.430538   -6.0285273]
  [-12.877193  -12.062723 ]
  [-13.149033  -11.467588 ]
  [-13.150116  -11.371317 ]
  [-13.682446  -11.2165165]
  [-13.080996  -11.449383 ]
  [-13.100376  -11.657606 ]
  [-12.161633   -5.963966 ]
  [-12.788143  -11.807177 ]
  [-13.452978  -11.435167 ]
  [-12.770981  -12.176893 ]
  [-12.077368   -4.799799 ]
  [-13.172808  -11.173489 ]
  [-13.82794   -11.230013 ]
  [-11.9573765  -5.44675  ]
  [-13.632547  -11.384396 ]
  [-12.52412    -4.810021 ]
  [-13.120607  -11.666906 ]
  [-12.908356   -4.4304457]
  [-13.096481  -11.511847 ]
  [-12.233303   -4.6190896]
  [-13.074545  -11.707684 ]
  [-12.734024   -4.91802  ]
  [-12.816137  -11.996962 ]
  [-13.277658  -11.408581 ]
  [-13.711298  -11.291885 ]
  [-12.756121  -12.355579 ]
  [-10.492407  -10.808392 ]
  [-12.888542  -11.711552 ]
  [-13.042957  -11.794878 ]
  [-13.174885  -11.591757 ]
  [-13.069696  -11.705626 ]
  [-12.931257  -11.815678 ]
  [ -5.8193974 -12.22904  ]
  [-13.3771    -11.290678 ]
  [-12.843891  -11.887016 ]
  [-13.028318  -11.677458 ]
  [-10.71937   -10.804775 ]
  [-12.925306  -11.621473 ]
  [-13.071039  -11.524044 ]
  [ -5.8839693 -10.555113 ]
  [-13.435209  -11.420788 ]
  [-10.485041  -11.120668 ]
  [-13.259563  -11.218334 ]
  [ -5.794567  -12.455297 ]
  [-13.414427  -11.371214 ]
  [ -9.425821  -11.741261 ]
  [-14.29738   -11.151396 ]
  [ -5.8336773 -12.086054 ]
  [-13.643482  -11.324551 ]]

 [[-13.768648  -11.659306 ]
  [-13.803003  -11.612995 ]
  [-13.651539  -11.914074 ]
  [-14.585896  -11.138473 ]
  [-14.4       -11.114473 ]
  [-12.288802   -1.8029563]
  [-13.958395  -11.433758 ]
  [-13.963161  -11.350464 ]
  [-13.689203  -11.87402  ]
  [-14.577093  -11.143997 ]
  [-14.418081  -11.243687 ]
  [-13.89839   -11.5753975]
  [-13.384224   -1.8027518]
  [-14.031797  -11.436558 ]
  [-13.674316  -11.876797 ]
  [-14.157202  -11.3596325]
  [-14.390713  -11.272885 ]
  [-13.856609  -11.574466 ]
  [-13.804777  -11.602851 ]
  [-13.981806  -11.402485 ]
  [-13.804596  -11.630372 ]
  [-13.805946  -11.388843 ]
  [-14.726082  -11.145931 ]
  [-14.28632   -11.301965 ]
  [-14.204853  -11.335465 ]
  [-13.773575  -11.729914 ]
  [-14.306147  -11.107475 ]
  [-13.78833   -11.555027 ]
  [-13.9489155 -11.502884 ]
  [-14.292847  -11.262183 ]
  [-14.286289  -11.230869 ]
  [-13.793804  -11.596436 ]
  [-10.413624  -11.185122 ]
  [-14.542408  -11.1737385]
  [-13.904804  -11.585609 ]
  [-13.637007  -11.7008   ]
  [-13.862793  -11.546808 ]
  [-14.060324  -11.414591 ]
  [ -4.399742  -10.121056 ]
  [-13.662109  -11.9149475]
  [-13.987659  -11.465046 ]
  [-13.943962  -11.525659 ]
  [-14.51478   -11.227447 ]
  [-13.898897  -11.507524 ]
  [-13.813589  -11.542981 ]
  [-14.90835   -11.09229  ]
  [-13.600159  -11.893927 ]
  [-13.968208  -11.436505 ]
  [-13.622265  -12.079101 ]
  [-13.786583  -11.699365 ]
  [-14.052219  -11.394578 ]
  [-14.777069  -11.135607 ]
  [-14.370554  -11.176646 ]
  [-13.934597  -11.412206 ]]]

u
[[[  2.2346156    1.4531344 ]
  [  2.45005      0.04725809]]

 [[ -8.342889    -3.2764976 ]
  [-10.588927    -0.04839255]]]

z
[[ 3.2471967   0.11578469]
 [-2.2471967   0.8842153 ]]

====================
Layer 2 decoder
x_bernoulli
[[-4.1012764e-03 -1.1494257e+00]
 [-5.4984946e+00 -3.8099509e-01]]

y_bernoulli
[[-1.04665756e-04 -4.45045185e+00]
 [-9.16477776e+00 -1.17419362e-02]]

x_categorical
[[-5.4984946  -0.38099498]]

y_categorical
[[-9.164778   -0.01174193]]

v
[[ -9.574016    -3.6485486 ]
 [-10.255888    -0.03843129]]

rho_categorical
[[-13.959553   -3.0548198]
 [ -6.477052   -6.2951355]
 [-14.508162   -1.9901273]
 [ -5.9719276  -7.428381 ]
 [-14.337532   -0.7021953]
 [-12.619091   -6.545647 ]]

t_categorical
[[[-18.702963   -5.2017975]
  [-18.987272  -10.916455 ]
  [-19.274445  -11.252525 ]
  [-19.05484   -11.077035 ]
  [-19.174171  -10.810881 ]
  [-18.970646  -11.552785 ]
  [-19.112751  -11.288143 ]
  [-18.871468   -4.8829274]
  [-18.7302    -11.577984 ]
  [-18.689873  -12.21232  ]
  [-19.017117  -10.8284235]
  [-19.391026  -11.097592 ]
  [-18.867493  -11.56919  ]
  [-18.082954   -5.1707125]
  [-18.877392  -11.328256 ]
  [-18.702202  -11.654492 ]
  [-18.571062   -4.1547737]
  [-19.283175  -11.274734 ]
  [-18.93726   -11.681399 ]
  [-17.925325   -6.1672554]
  [-18.808807  -11.43672  ]
  [-18.143538   -5.9723954]
  [-18.869719  -11.420947 ]
  [-17.984776   -6.6187553]
  [-18.885925  -10.848999 ]
  [-18.33232    -5.6385574]
  [-20.062983  -11.014771 ]
  [-16.225716  -11.08011  ]
  [-18.748608  -12.070714 ]
  [-18.809204  -11.577255 ]
  [-19.081161  -11.413553 ]
  [-18.817757  -11.293305 ]
  [-18.659204  -11.548606 ]
  [-17.979218   -8.210081 ]
  [-19.394556  -11.073918 ]
  [-18.958921  -11.093182 ]
  [-18.786997  -11.911919 ]
  [-18.890738  -11.64643  ]
  [-19.597326  -10.763069 ]
  [-15.597925  -11.537149 ]
  [-19.147821  -11.29509  ]
  [-19.46077   -10.953477 ]
  [-18.20035    -7.264534 ]
  [-19.19289   -10.963314 ]
  [-18.825497  -11.702265 ]
  [-15.918602  -11.441243 ]
  [-18.865522  -11.41309  ]
  [-18.643713   -7.5871897]
  [-18.689827  -11.588441 ]
  [-15.875547  -11.236892 ]
  [-19.567924  -11.057666 ]
  [-18.298574   -6.771371 ]
  [-18.557644  -12.073228 ]
  [-18.869476  -11.781947 ]]

 [[-16.01325   -12.424919 ]
  [-15.204599   -7.1988688]
  [-16.379765  -12.111668 ]
  [-16.032326  -12.82831  ]
  [-15.968363  -12.967981 ]
  [-15.961258  -12.8645315]
  [-16.401384  -12.507366 ]
  [-16.091135  -12.190117 ]
  [-15.33341    -7.2108417]
  [-16.294762  -12.544939 ]
  [-15.98875   -12.754114 ]
  [-16.025797  -12.427131 ]
  [-16.78995   -12.098256 ]
  [-16.313637  -12.514601 ]
  [-16.56424   -12.188421 ]
  [-16.520834  -11.931454 ]
  [-16.47816   -12.345047 ]
  [-16.376766  -11.949469 ]
  [-16.383919  -12.484402 ]
  [-15.816328  -13.2118435]
  [-15.775894  -13.11929  ]
  [-16.035664  -12.518659 ]
  [-17.01601   -12.009996 ]
  [-16.044619  -12.511404 ]
  [-15.962893  -12.692062 ]
  [-16.101143  -12.184191 ]
  [-17.010706  -11.547546 ]
  [-16.417734  -11.791664 ]
  [ -6.4805984 -12.835707 ]
  [-16.884638  -12.228326 ]
  [-15.77776   -13.0612545]
  [-15.940643  -13.004269 ]
  [-15.93166   -12.323237 ]
  [-17.156424  -12.011023 ]
  [-14.564568   -8.877684 ]
  [-16.678625  -12.249542 ]
  [-16.40373   -11.967888 ]
  [-16.420338  -12.238642 ]
  [-15.887762  -12.874315 ]
  [-16.89248   -12.201369 ]
  [-15.805075  -12.879496 ]
  [-15.878666  -12.95033  ]
  [-15.900385  -12.908169 ]
  [-16.446844  -12.075779 ]
  [-16.30139   -12.467448 ]
  [-16.472845  -12.421216 ]
  [-16.47744   -12.014662 ]
  [-15.878309  -12.980248 ]
  [-16.206625  -12.387556 ]
  [-16.276182  -12.236382 ]
  [-16.303898  -12.134522 ]
  [-16.726852  -12.191156 ]
  [-16.983423  -11.821935 ]
  [-15.8744755 -12.677589 ]]

 [[-19.459135  -10.903363 ]
  [-19.257822  -11.532675 ]
  [-18.18795    -3.7921953]
  [-19.380405  -10.962464 ]
  [-20.510624  -10.553522 ]
  [-19.801304  -10.586993 ]
  [-19.61745   -10.195844 ]
  [-19.609348  -10.30199  ]
  [-19.687122  -10.557078 ]
  [-19.084806   -3.1694145]
  [-19.798092  -10.461931 ]
  [-20.80691   -10.426192 ]
  [-19.301224  -11.107169 ]
  [-19.774632  -10.768354 ]
  [-18.46479    -3.520237 ]
  [-19.519619  -10.890091 ]
  [-19.410643  -11.05562  ]
  [-18.804987   -3.2430868]
  [-19.909836  -10.4433   ]
  [-19.441307  -10.282918 ]
  [-19.938179  -10.630776 ]
  [-19.50383   -10.812367 ]
  [-19.472914  -11.123232 ]
  [-19.197786  -11.847748 ]
  [-19.529636  -10.506239 ]
  [-20.847055  -10.095504 ]
  [-19.809185  -10.644914 ]
  [-20.435135  -10.284345 ]
  [-19.225424  -11.511607 ]
  [-15.979898  -10.897803 ]
  [-20.049774  -10.463068 ]
  [-19.521906  -11.112473 ]
  [-19.559986  -10.377525 ]
  [-19.481615  -10.827308 ]
  [-19.573761  -10.716482 ]
  [-18.187523   -6.9150076]
  [-19.63456   -10.856678 ]
  [-19.463095  -11.032627 ]
  [-19.993366  -10.502784 ]
  [-19.974712  -10.277757 ]
  [-15.441053  -11.437295 ]
  [-19.687159  -10.67443  ]
  [-19.234533  -11.728672 ]
  [-18.766735   -6.607374 ]
  [-20.737072  -10.3734255]
  [-19.558178  -10.500856 ]
  [-19.399471  -10.59995  ]
  [-19.518202  -10.9632435]
  [-20.485685  -10.266722 ]
  [-19.997562  -10.321301 ]
  [-20.214901   -9.934914 ]
  [-19.52678   -11.112449 ]
  [-19.255766  -11.595577 ]
  [-19.277931  -10.792411 ]]

 [[-16.741327  -13.140862 ]
  [-16.877165  -11.856975 ]
  [-15.267106  -14.2511215]
  [-14.707626   -8.338432 ]
  [-15.459448  -13.91914  ]
  [-16.437904  -12.017977 ]
  [-16.927984  -13.138008 ]
  [-15.801835  -13.631995 ]
  [-15.9530735 -13.396227 ]
  [-15.967333  -13.138361 ]
  [-14.313772   -8.925878 ]
  [-15.429561  -14.098831 ]
  [-15.330576  -13.93659  ]
  [-15.45135   -13.592044 ]
  [-15.60367   -13.360818 ]
  [-16.13241   -12.708111 ]
  [-15.375317  -13.395168 ]
  [-15.791772  -12.207251 ]
  [-15.3027725 -14.196816 ]
  [-16.01649   -13.441812 ]
  [-16.38789   -12.572855 ]
  [-16.895107  -11.836253 ]
  [-16.605139  -13.234184 ]
  [-15.97011   -12.816803 ]
  [-15.683847  -13.497131 ]
  [-15.543949  -12.643385 ]
  [-16.074154  -12.017101 ]
  [-15.314878  -14.237631 ]
  [-15.337169  -13.865976 ]
  [-16.040154  -13.086908 ]
  [ -5.975679  -13.395334 ]
  [-15.933306  -13.456911 ]
  [-15.403795  -12.785696 ]
  [-15.131201  -14.5116005]
  [-15.656666  -13.368532 ]
  [-15.327444  -13.407929 ]
  [-14.182672   -9.065605 ]
  [-15.182161  -14.169792 ]
  [-15.755262  -13.137886 ]
  [-15.442881  -13.346428 ]
  [-15.5682125 -12.787314 ]
  [-15.614516  -13.4530325]
  [-15.524273  -12.98603  ]
  [-15.319419  -13.75882  ]
  [-15.302716  -13.096146 ]
  [-15.171539  -13.479469 ]
  [-15.844934  -13.5056095]
  [-16.454338  -12.876412 ]
  [-15.324332  -13.114002 ]
  [-15.574732  -13.680231 ]
  [-15.444209  -13.841163 ]
  [-16.20405   -13.399924 ]
  [-15.895509  -13.2953615]
  [-15.610896  -13.298584 ]]

 [[-19.488708   -9.617348 ]
  [-19.013058   -9.796231 ]
  [-19.380592   -9.733643 ]
  [-19.099346   -9.772826 ]
  [-18.387684   -2.684373 ]
  [-20.14832    -9.57129  ]
  [-19.01519    -9.77424  ]
  [-18.543682   -9.8893   ]
  [-19.139519   -9.795713 ]
  [-18.772476   -9.816676 ]
  [-19.551888   -9.651922 ]
  [-19.355804   -2.6836658]
  [-18.716286   -9.769027 ]
  [-19.62324    -9.677251 ]
  [-19.477827   -9.614907 ]
  [-18.16663    -2.8467875]
  [-18.83429    -9.959943 ]
  [-19.161327   -9.715925 ]
  [-18.411215   -2.7330055]
  [-19.877998   -9.629209 ]
  [-18.530416   -2.8467588]
  [-19.709621   -9.635826 ]
  [-18.482498   -2.967513 ]
  [-19.081047   -9.713622 ]
  [-18.411293   -2.8984218]
  [-19.650766   -9.620494 ]
  [-18.858255   -2.81946  ]
  [-19.280603   -9.648206 ]
  [-19.173899   -9.724025 ]
  [-19.390034   -9.7322   ]
  [-20.067991   -9.535618 ]
  [-17.531876   -9.471094 ]
  [-18.97363    -9.7021475]
  [-20.004204   -9.594027 ]
  [-19.567104   -9.654871 ]
  [-19.683737   -9.609354 ]
  [-19.299892   -9.667836 ]
  [-18.16       -6.417932 ]
  [-18.939457   -9.834777 ]
  [-19.188084   -9.658437 ]
  [-19.373457   -9.669879 ]
  [-16.249973   -9.903745 ]
  [-18.988838   -9.76138  ]
  [-19.07506    -9.732366 ]
  [-18.10359    -5.4106455]
  [-19.583143   -9.673137 ]
  [-16.229965  -10.069999 ]
  [-18.761555   -9.953409 ]
  [-17.954086   -6.9677773]
  [-19.273808   -9.714806 ]
  [-16.121105   -9.919946 ]
  [-19.430601   -9.6926775]
  [-18.391727   -6.1753755]
  [-19.488867   -9.69992  ]]

 [[-18.018606  -11.650571 ]
  [-18.38332   -10.946524 ]
  [-18.20556   -11.182243 ]
  [-19.06015   -10.666281 ]
  [-18.149994  -11.34845  ]
  [-17.300102   -8.53423  ]
  [-18.066458  -11.549822 ]
  [-18.11959   -11.182563 ]
  [-18.45867   -11.042004 ]
  [-18.39298   -11.129034 ]
  [-18.711834  -11.085287 ]
  [-19.45504   -10.373848 ]
  [-17.860222   -8.361876 ]
  [-18.791128  -10.718433 ]
  [-18.822392  -10.582853 ]
  [-18.881514  -10.936132 ]
  [-19.564096  -10.90822  ]
  [-18.396442  -10.905058 ]
  [-18.284004  -10.942252 ]
  [-18.15856   -11.249065 ]
  [-19.163534  -10.41082  ]
  [-18.183826  -10.682015 ]
  [-19.512074  -10.779838 ]
  [-18.782722  -10.983704 ]
  [-19.060415  -10.851722 ]
  [-18.990038  -10.402931 ]
  [-18.579853  -10.648814 ]
  [-18.244238  -10.916639 ]
  [-18.918564  -10.618236 ]
  [-18.171686  -11.476856 ]
  [-18.805984  -10.771556 ]
  [-18.126068  -11.240664 ]
  [-12.801667  -12.282705 ]
  [-18.977745  -10.81135  ]
  [-18.648054  -11.044214 ]
  [-18.166422  -10.858604 ]
  [-18.918072  -10.358753 ]
  [-18.559875  -10.981624 ]
  [-16.938377   -9.6031475]
  [-19.017773  -10.527691 ]
  [-18.427734  -11.077548 ]
  [-18.331972  -11.289515 ]
  [-19.086906  -10.925072 ]
  [-18.355097  -10.854792 ]
  [-18.20924   -11.048101 ]
  [-18.115755  -11.62105  ]
  [-18.040987  -11.446291 ]
  [-18.618097  -10.62582  ]
  [-19.246344  -10.436995 ]
  [-18.46026   -11.10394  ]
  [-18.414928  -11.05051  ]
  [-17.88882   -12.367633 ]
  [-18.457005  -10.999594 ]
  [-18.93649   -10.218769 ]]]

u
[[[  2.3583996    1.536555  ]
  [  2.4208913    0.0377112 ]]

 [[ -9.574016    -3.6485486 ]
  [-10.255888    -0.03843129]]]

z
[[ 3.6238108   0.09129471]
 [-2.6238108   0.9087053 ]]

====================
Layer 1 decoder
x_bernoulli
[[-1.9330978e-03 -1.1831459e+00]
 [-6.2495546e+00 -3.6573529e-01]]

y_bernoulli
[[-2.2649765e-04 -3.0130782e+00]
 [-8.3931274e+00 -5.0388634e-02]]

x_categorical
[[-6.2495546 -0.3657353]]

y_categorical
[[-8.393127   -0.05038863]]

v
[[-14.815826    -9.070451  ]
 [ -8.394753    -0.05050962]]

rho_categorical
[[-14.24633    -9.180466 ]
 [-14.1410675  -9.122474 ]
 [ -7.1876183  -9.272217 ]
 [-14.023633   -0.3678231]
 [-13.735482   -9.261235 ]
 [ -6.748908   -6.8633146]]

t_categorical
[[[-20.03822   -11.384788 ]
  [-20.946629  -14.246687 ]
  [-19.90027   -15.340988 ]
  [-19.63918   -15.853666 ]
  [-19.981293  -14.886829 ]
  [-19.83257   -15.448409 ]
  [-20.212242  -14.93371  ]
  [-18.661219  -12.817426 ]
  [-20.265547  -14.524693 ]
  [-20.735065  -14.744028 ]
  [-20.697952  -14.305176 ]
  [-19.910297  -15.324266 ]
  [-19.979408  -15.143276 ]
  [-19.252457  -11.6142235]
  [-20.563534  -14.464854 ]
  [-20.066032  -14.632499 ]
  [-19.754831  -11.091797 ]
  [-20.730297  -14.784391 ]
  [-20.19476   -15.036075 ]
  [-18.722557  -12.481879 ]
  [-19.433163  -15.910846 ]
  [-20.216717  -11.228262 ]
  [-20.488127  -14.506254 ]
  [-18.950558  -12.111015 ]
  [-20.160358  -14.433803 ]
  [-19.18724   -11.735863 ]
  [-20.439018  -14.968214 ]
  [-15.421458  -14.889677 ]
  [-20.394045  -14.741142 ]
  [-20.009716  -14.941099 ]
  [-19.742893  -15.653089 ]
  [-20.100115  -14.669326 ]
  [-20.662895  -14.260545 ]
  [-19.635773  -12.357487 ]
  [-20.225792  -14.945358 ]
  [-20.1213    -14.770071 ]
  [-20.277607  -14.817207 ]
  [-20.425251  -14.816249 ]
  [-19.946423  -15.019464 ]
  [-15.939048  -14.387549 ]
  [-20.13462   -15.03064  ]
  [-20.292557  -14.841574 ]
  [-19.60779   -12.251757 ]
  [-19.688366  -15.581766 ]
  [-19.800194  -15.409479 ]
  [-15.802454  -14.827965 ]
  [-20.411526  -14.684296 ]
  [-19.07882   -13.051403 ]
  [-19.826435  -14.923423 ]
  [-16.42883   -14.542074 ]
  [-20.154629  -15.051498 ]
  [-19.997898  -11.76843  ]
  [-20.704086  -14.504408 ]
  [-19.705723  -15.75271  ]]

 [[-19.786156  -14.937748 ]
  [-18.390562  -10.719481 ]
  [-20.031199  -14.476707 ]
  [-20.146433  -14.727138 ]
  [-20.033333  -14.898005 ]
  [-19.869497  -15.048624 ]
  [-20.317825  -14.578823 ]
  [-19.69255   -15.241831 ]
  [-18.28843   -10.8191595]
  [-20.145481  -14.700047 ]
  [-20.159512  -14.559143 ]
  [-20.085785  -14.375725 ]
  [-19.797018  -14.974998 ]
  [-20.424522  -14.476552 ]
  [-20.038694  -14.589825 ]
  [-20.114517  -14.285568 ]
  [-20.191462  -14.528986 ]
  [-19.745705  -14.980658 ]
  [-20.35405   -14.537184 ]
  [-20.119125  -14.7624   ]
  [-20.244965  -14.275682 ]
  [-20.46409   -14.15189  ]
  [-20.648445  -14.178011 ]
  [-20.475199  -14.164243 ]
  [-19.75174   -15.183804 ]
  [-20.18492   -14.099948 ]
  [-19.967527  -14.261641 ]
  [-20.17539   -13.994533 ]
  [-14.326636  -13.439802 ]
  [-20.010841  -14.779187 ]
  [-19.925133  -14.692663 ]
  [-19.663012  -15.524101 ]
  [-21.204643  -13.393212 ]
  [-19.719864  -15.026438 ]
  [-19.149965  -10.1142435]
  [-19.805262  -15.067987 ]
  [-20.084345  -14.299397 ]
  [-19.744774  -15.215164 ]
  [-20.17578   -14.452784 ]
  [-20.411507  -14.43429  ]
  [-20.111568  -14.268921 ]
  [-20.428608  -14.324291 ]
  [-19.851376  -14.971978 ]
  [-20.18793   -14.308313 ]
  [-20.187164  -14.600546 ]
  [-19.800583  -15.0493355]
  [-20.087778  -14.385962 ]
  [-19.769617  -15.298231 ]
  [-20.324493  -14.330471 ]
  [-20.744503  -13.996614 ]
  [-19.79832   -14.918489 ]
  [-20.7608    -14.230265 ]
  [-20.124207  -14.324503 ]
  [-19.968273  -14.507258 ]]

 [[-16.275965  -14.48545  ]
  [-16.605488  -14.36245  ]
  [-14.668603  -11.590936 ]
  [-17.267376  -14.102969 ]
  [-15.867313  -15.277723 ]
  [-16.920025  -14.229704 ]
  [-15.732062  -15.051065 ]
  [-15.907285  -14.707573 ]
  [-16.237734  -14.509012 ]
  [-15.167693  -10.996404 ]
  [-16.984333  -14.147007 ]
  [-16.50641   -14.578623 ]
  [-15.846908  -14.916593 ]
  [-16.624561  -14.437712 ]
  [-14.942667  -11.333928 ]
  [-15.830713  -15.109713 ]
  [-16.688553  -14.268083 ]
  [-15.766176  -10.771311 ]
  [-16.429998  -14.406206 ]
  [-16.198288  -14.270897 ]
  [-16.340248  -14.589928 ]
  [-16.474548  -14.361859 ]
  [-16.356417  -14.612431 ]
  [-16.602257  -14.428619 ]
  [-17.196508  -13.949733 ]
  [-16.852716  -14.203922 ]
  [-16.78952   -14.320982 ]
  [-15.950443  -14.915683 ]
  [-15.626398  -15.730443 ]
  [ -7.896905  -15.174472 ]
  [-17.084688  -14.203997 ]
  [-15.676014  -15.744567 ]
  [-16.179804  -14.374975 ]
  [-16.088057  -14.654255 ]
  [-16.3755    -14.4389925]
  [-15.183987  -12.232702 ]
  [-16.329115  -14.580624 ]
  [-16.07828   -14.771716 ]
  [-16.411697  -14.493512 ]
  [-16.099236  -14.579575 ]
  [ -7.879666  -14.354742 ]
  [-15.675221  -15.551665 ]
  [-15.95755   -14.980224 ]
  [-16.42948   -11.83882  ]
  [-16.820644  -14.395887 ]
  [-16.380253  -14.255758 ]
  [-16.27094   -14.290138 ]
  [-16.276987  -14.601728 ]
  [-16.057886  -14.765579 ]
  [-16.253208  -14.4907875]
  [-16.545872  -14.128412 ]
  [-15.759216  -15.465609 ]
  [-15.69175   -15.569677 ]
  [-15.871941  -14.716242 ]]

 [[-20.631155   -9.422772 ]
  [-19.890596   -9.736459 ]
  [-20.763493   -9.404272 ]
  [-18.956741   -1.2838777]
  [-21.009743   -9.34162  ]
  [-19.940434   -9.6482725]
  [-20.661184   -9.411887 ]
  [-21.181868   -9.31009  ]
  [-20.625298   -9.44696  ]
  [-20.350323   -9.487882 ]
  [-19.201038   -1.2826878]
  [-21.511412   -9.274177 ]
  [-20.525305   -9.457606 ]
  [-20.3308     -9.548835 ]
  [-20.326336   -9.504171 ]
  [-20.12416    -9.55717  ]
  [-20.15828    -9.667119 ]
  [-19.95628    -9.978095 ]
  [-20.967922   -9.358996 ]
  [-20.83261    -9.380115 ]
  [-20.11733    -9.52205  ]
  [-19.852785   -9.902494 ]
  [-20.779682   -9.395379 ]
  [-20.119074   -9.558031 ]
  [-20.540031   -9.44727  ]
  [-20.031017   -9.906828 ]
  [-19.908575   -9.959254 ]
  [-21.007181   -9.352944 ]
  [-20.448435   -9.484818 ]
  [-20.295918   -9.550124 ]
  [-14.138664   -8.7942095]
  [-20.751484   -9.407512 ]
  [-20.04288    -9.66332  ]
  [-20.431782   -9.495236 ]
  [-20.320343   -9.547878 ]
  [-20.154589   -9.537024 ]
  [-19.214441   -2.0084515]
  [-20.32278    -9.5011835]
  [-20.18526    -9.585259 ]
  [-20.164757   -9.571263 ]
  [-20.04787    -9.671179 ]
  [-20.377392   -9.513991 ]
  [-20.061749   -9.733152 ]
  [-20.345139   -9.491061 ]
  [-20.024488   -9.83882  ]
  [-20.051172   -9.607106 ]
  [-20.77908    -9.393874 ]
  [-20.23051    -9.514651 ]
  [-20.04235    -9.752652 ]
  [-20.693537   -9.412453 ]
  [-20.681438   -9.421369 ]
  [-20.98167    -9.3414135]
  [-20.430676   -9.473359 ]
  [-20.22546    -9.566655 ]]

 [[-19.853006  -15.386026 ]
  [-19.75156   -15.3924675]
  [-20.424355  -14.754739 ]
  [-20.122948  -14.796581 ]
  [-19.077606  -11.778547 ]
  [-20.658134  -14.763706 ]
  [-20.161053  -14.749086 ]
  [-19.86403   -14.804228 ]
  [-20.025082  -14.98506  ]
  [-19.548725  -15.677038 ]
  [-19.74223   -15.637204 ]
  [-19.540108  -11.480521 ]
  [-20.541384  -14.3373165]
  [-19.791237  -15.516333 ]
  [-20.303656  -14.79385  ]
  [-20.069641  -11.160382 ]
  [-19.685986  -15.457542 ]
  [-20.164795  -14.84634  ]
  [-18.717041  -12.833856 ]
  [-20.35096   -14.909245 ]
  [-19.401077  -11.576472 ]
  [-20.672455  -14.696865 ]
  [-19.860191  -11.093561 ]
  [-20.428627  -14.561644 ]
  [-18.95762   -12.045173 ]
  [-20.087057  -15.010288 ]
  [-19.133686  -11.819355 ]
  [-20.936634  -14.438368 ]
  [-19.838783  -15.255986 ]
  [-19.948677  -15.204083 ]
  [-20.433659  -14.8448305]
  [-16.152153  -14.46638  ]
  [-21.010307  -14.265423 ]
  [-20.708902  -14.735071 ]
  [-20.216557  -14.931875 ]
  [-19.71973   -15.695274 ]
  [-20.366695  -14.72403  ]
  [-19.243736  -13.193511 ]
  [-20.8115    -14.367233 ]
  [-20.240467  -14.720092 ]
  [-19.897486  -15.269692 ]
  [-15.31278   -14.618568 ]
  [-20.28822   -14.554228 ]
  [-20.019758  -14.902666 ]
  [-19.120445  -13.501766 ]
  [-21.105082  -14.5434475]
  [-14.994975  -15.578145 ]
  [-19.964506  -14.747093 ]
  [-19.268623  -13.2286415]
  [-20.52893   -14.63632  ]
  [-14.90253   -14.839411 ]
  [-19.873222  -15.367731 ]
  [-19.48944   -13.009434 ]
  [-21.279453  -14.503934 ]]

 [[-17.69213   -12.43446  ]
  [-17.78297   -12.411308 ]
  [-16.852327  -12.918066 ]
  [-16.667006  -13.18368  ]
  [-17.11553   -12.603104 ]
  [-16.450466   -7.8030066]
  [-16.71312   -13.133898 ]
  [-17.039347  -12.676121 ]
  [-16.648186  -13.295088 ]
  [-16.717283  -13.058075 ]
  [-17.072975  -12.762672 ]
  [-16.59581   -13.460302 ]
  [-16.789005   -7.9368415]
  [-16.41563   -14.113209 ]
  [-17.675308  -12.423193 ]
  [-17.84165   -12.456757 ]
  [-17.25545   -12.686749 ]
  [-17.595385  -12.466624 ]
  [-16.66375   -13.219341 ]
  [-17.154503  -12.646812 ]
  [-17.352205  -12.556637 ]
  [-16.803112  -12.853392 ]
  [-16.723335  -13.0667095]
  [-16.599533  -13.373384 ]
  [-16.818668  -12.999136 ]
  [-16.82422   -13.010538 ]
  [-16.87874   -12.78141  ]
  [-17.288136  -12.535387 ]
  [-17.062202  -12.769154 ]
  [-16.488316  -13.634554 ]
  [-17.62366   -12.4362335]
  [-16.623474  -13.30034  ]
  [ -6.7509613 -13.268463 ]
  [-16.985834  -12.796056 ]
  [-16.656055  -13.291388 ]
  [-17.456154  -12.392767 ]
  [-16.655224  -13.246988 ]
  [-16.640026  -13.289795 ]
  [-16.341982   -8.840451 ]
  [-17.814796  -12.388933 ]
  [-17.365183  -12.591671 ]
  [-16.92913   -12.90204  ]
  [-16.60751   -13.376535 ]
  [-16.672346  -13.243759 ]
  [-17.496782  -12.461382 ]
  [-17.713913  -12.416153 ]
  [-16.77528   -12.941769 ]
  [-16.450819  -13.871134 ]
  [-17.991838  -12.331406 ]
  [-17.20332   -12.67374  ]
  [-16.8959    -12.891748 ]
  [-16.383724  -13.876741 ]
  [-17.219654  -12.5853   ]
  [-16.690485  -13.133438 ]]]

u
[[[  2.7610111    2.3096056 ]
  [  2.2401514    0.0492754 ]]

 [[-14.815826    -9.070451  ]
  [ -8.394753    -0.05050962]]]

z
[[ 6.376847    0.11038435]
 [-5.376847    0.88961565]]

====================
Layer 0 decoder
x_bernoulli
[[-7.6293945e-06 -1.1568171e+00]
 [-1.1753701e+01 -3.7758583e-01]]

y_bernoulli
[[ 0.0000000e+00 -4.9648857e+00]
 [-1.5932359e+01 -7.0031881e-03]]

x_categorical
[[-11.753701   -0.3775858]]

y_categorical
[[-1.5932359e+01 -7.0031658e-03]]

v
[[-16.190847    -1.2399095 ]
 [-17.411726    -0.35152975]]

rho_categorical
[[-14.121866   -6.8044333]
 [-14.557802   -2.88572  ]
 [-14.915918   -0.4755212]
 [-12.796315   -5.6947837]
 [-13.316668   -6.597401 ]
 [-13.174964   -6.073701 ]]

t_categorical
[[[-17.57839    -9.298837 ]
  [-18.784937  -12.401964 ]
  [-18.600298  -13.641892 ]
  [-19.068188  -12.489048 ]
  [-18.86076   -12.492318 ]
  [-18.491732  -13.722385 ]
  [-18.495108  -13.657675 ]
  [-17.222061  -10.011745 ]
  [-18.94719   -12.22615  ]
  [-19.03408   -13.127549 ]
  [-18.580057  -12.631106 ]
  [-18.868092  -13.175605 ]
  [-18.797895  -13.215987 ]
  [-17.529806   -9.096989 ]
  [-18.845684  -12.577916 ]
  [-19.712078  -11.7369995]
  [-18.091518   -8.25277  ]
  [-18.416945  -14.149586 ]
  [-20.17775   -12.744501 ]
  [-17.197844  -10.025252 ]
  [-18.670164  -13.389154 ]
  [-17.352194   -9.610579 ]
  [-18.594486  -12.953844 ]
  [-18.317394   -8.8008175]
  [-18.36542   -12.827959 ]
  [-17.744375   -9.059964 ]
  [-18.724342  -13.623766 ]
  [-17.452147  -12.661509 ]
  [-18.37858   -13.9280205]
  [-18.391073  -13.508942 ]
  [-18.577429  -13.608601 ]
  [-18.861675  -12.299051 ]
  [-18.819542  -12.202985 ]
  [-16.82894   -10.698761 ]
  [-18.447948  -13.879511 ]
  [-18.983778  -12.510578 ]
  [-18.575033  -13.373385 ]
  [-18.85997   -13.149641 ]
  [-19.629116  -12.416922 ]
  [-17.633787  -12.656291 ]
  [-18.481018  -13.7773905]
  [-19.489454  -12.672887 ]
  [-17.392979  -10.222927 ]
  [-18.731747  -12.880063 ]
  [-18.332851  -14.3100815]
  [-17.95247   -12.172955 ]
  [-19.020718  -12.7094345]
  [-16.980358  -10.74313  ]
  [-18.306494  -13.075702 ]
  [-17.352898  -13.120636 ]
  [-19.962345  -12.765793 ]
  [-16.705824  -10.31024  ]
  [-18.291216  -13.935556 ]
  [-18.594793  -13.623251 ]]

 [[-18.370846  -10.648765 ]
  [-17.772154   -3.6134694]
  [-18.372118  -10.730181 ]
  [-19.428314  -10.397754 ]
  [-18.656027  -10.973593 ]
  [-18.91105   -10.521578 ]
  [-18.229616  -11.740052 ]
  [-18.479465  -10.247722 ]
  [-17.620474   -3.745348 ]
  [-19.085732  -10.519143 ]
  [-18.901814  -10.424385 ]
  [-18.47431   -10.472984 ]
  [-18.590742  -10.621517 ]
  [-18.27636   -11.464065 ]
  [-18.195654  -11.512372 ]
  [-18.503418  -10.355049 ]
  [-18.191036  -11.642445 ]
  [-18.776873   -9.9444685]
  [-18.887043  -10.617061 ]
  [-19.110182  -10.534671 ]
  [-19.30738    -9.939941 ]
  [-18.690336  -10.361718 ]
  [-18.22669   -11.381075 ]
  [-18.482937  -10.637412 ]
  [-18.710163  -10.431993 ]
  [-18.652412  -10.019273 ]
  [-18.253473  -10.583637 ]
  [-18.615536   -9.907841 ]
  [-17.917177   -8.108141 ]
  [-18.292217  -11.458944 ]
  [-18.714725  -10.237132 ]
  [-19.231031  -10.595222 ]
  [-18.479336  -10.015713 ]
  [-18.324356  -11.066572 ]
  [-18.891909   -5.6487684]
  [-18.646309  -10.729297 ]
  [-18.653978  -10.132819 ]
  [-18.65504   -10.535698 ]
  [-19.882376   -9.934187 ]
  [-18.521946  -10.9017725]
  [-18.847847   -9.964088 ]
  [-18.615725  -10.666285 ]
  [-18.185398  -11.781945 ]
  [-18.314335  -10.878799 ]
  [-19.395472  -10.292805 ]
  [-18.319277  -11.376784 ]
  [-18.972055  -10.014524 ]
  [-19.209736  -10.2732935]
  [-18.541906  -10.632951 ]
  [-19.15508   -10.032922 ]
  [-19.009842   -9.977808 ]
  [-18.267544  -11.331663 ]
  [-18.352346  -10.724884 ]
  [-19.045145   -9.869221 ]]

 [[-19.166729   -9.326786 ]
  [-19.564138   -9.21375  ]
  [-18.091578   -1.7846051]
  [-19.095333   -9.3007765]
  [-20.220396   -9.387415 ]
  [-19.221914   -9.401485 ]
  [-18.621433   -9.760071 ]
  [-18.696476   -9.627725 ]
  [-19.012642   -9.41683  ]
  [-18.2943     -1.9540786]
  [-18.928036   -9.536625 ]
  [-19.725212   -9.407193 ]
  [-19.019638   -9.259332 ]
  [-19.633108   -9.350197 ]
  [-18.633924   -1.8427633]
  [-19.233307   -9.356152 ]
  [-19.299591   -9.287567 ]
  [-18.337847   -1.9255775]
  [-18.969873   -9.518001 ]
  [-18.58334    -9.654129 ]
  [-19.50988    -9.405945 ]
  [-19.140701   -9.346221 ]
  [-19.936811   -9.226066 ]
  [-20.1502     -9.129055 ]
  [-18.772877   -9.535057 ]
  [-18.780365   -9.847067 ]
  [-19.29202    -9.384083 ]
  [-19.054707   -9.592159 ]
  [-19.250793   -9.192675 ]
  [-17.703554   -8.363022 ]
  [-19.134792   -9.484062 ]
  [-20.2672     -9.225488 ]
  [-18.717842   -9.577297 ]
  [-19.113327   -9.33308  ]
  [-19.13295    -9.344119 ]
  [-18.053028   -6.0465536]
  [-19.502563   -9.33846  ]
  [-19.595823   -9.228156 ]
  [-19.18873    -9.458691 ]
  [-18.820673   -9.633435 ]
  [-18.475685   -7.7474556]
  [-19.104942   -9.452698 ]
  [-20.080463   -9.162659 ]
  [-17.604797   -6.886775 ]
  [-19.36443    -9.516026 ]
  [-18.807821   -9.490133 ]
  [-18.723595   -9.498308 ]
  [-19.590794   -9.255653 ]
  [-19.02055    -9.644547 ]
  [-18.908447   -9.591328 ]
  [-18.613499  -10.023378 ]
  [-20.33868    -9.226614 ]
  [-19.78759    -9.169438 ]
  [-18.73428    -9.352329 ]]

 [[-17.13214   -12.3011   ]
  [-16.700146  -11.029575 ]
  [-17.1502    -12.443384 ]
  [-15.507706   -6.6766148]
  [-17.330584  -12.393469 ]
  [-16.608425  -11.451519 ]
  [-17.157091  -12.303696 ]
  [-17.823713  -12.210001 ]
  [-18.096918  -11.834946 ]
  [-16.996235  -12.044338 ]
  [-15.45768    -6.79704  ]
  [-17.490147  -12.519251 ]
  [-16.81802   -12.66647  ]
  [-17.388628  -11.692823 ]
  [-17.047043  -11.942419 ]
  [-16.858227  -11.68084  ]
  [-18.314352  -10.869019 ]
  [-17.190638  -10.22735  ]
  [-17.01568   -12.728966 ]
  [-17.87056   -12.034977 ]
  [-16.618706  -12.255415 ]
  [-16.93008   -10.533068 ]
  [-18.395443  -11.889378 ]
  [-16.696095  -12.061924 ]
  [-16.936909  -12.432581 ]
  [-17.97421   -10.233669 ]
  [-17.028805  -10.372208 ]
  [-17.078093  -12.713964 ]
  [-16.89188   -12.39575  ]
  [-18.178349  -11.345793 ]
  [-15.213529  -10.8404045]
  [-17.61065   -12.096792 ]
  [-16.811216  -11.098841 ]
  [-17.384617  -11.83729  ]
  [-18.067774  -11.4239235]
  [-16.660124  -12.228409 ]
  [-14.930941   -7.6749105]
  [-17.105036  -11.802395 ]
  [-17.29731   -11.485369 ]
  [-16.890549  -11.797842 ]
  [-16.966005  -11.112041 ]
  [-17.392189  -11.776894 ]
  [-17.724669  -10.756521 ]
  [-16.701963  -12.627922 ]
  [-17.284664  -10.500713 ]
  [-16.736498  -11.251642 ]
  [-17.113983  -12.458662 ]
  [-16.738789  -12.280924 ]
  [-17.128246  -10.815599 ]
  [-17.024242  -12.4804   ]
  [-17.043861  -12.467955 ]
  [-17.20256   -12.460094 ]
  [-17.119148  -12.056757 ]
  [-17.259758  -11.599377 ]]

 [[-19.164139  -12.616075 ]
  [-17.983791  -12.695692 ]
  [-18.651508  -12.801859 ]
  [-18.820826  -12.385204 ]
  [-16.138622   -9.922701 ]
  [-18.894783  -12.9531   ]
  [-18.65007   -12.417702 ]
  [-18.61565   -12.113478 ]
  [-19.040152  -12.478249 ]
  [-17.48465   -13.292545 ]
  [-17.763418  -13.421507 ]
  [-16.160099  -10.187045 ]
  [-17.820755  -12.533177 ]
  [-18.324085  -13.031923 ]
  [-19.05179   -12.608093 ]
  [-16.435534   -9.131186 ]
  [-18.592865  -11.904907 ]
  [-17.588833  -13.454626 ]
  [-16.7066     -8.854873 ]
  [-18.314081  -13.100456 ]
  [-17.055864   -8.553379 ]
  [-17.968596  -13.29039  ]
  [-17.965286   -8.135033 ]
  [-17.69308   -13.111898 ]
  [-17.217762   -8.4728775]
  [-17.421272  -14.193965 ]
  [-16.883572   -8.744162 ]
  [-17.755024  -13.191652 ]
  [-17.77404   -13.119896 ]
  [-18.156322  -13.025773 ]
  [-18.028614  -13.32552  ]
  [-16.380926  -13.040798 ]
  [-17.52703   -13.30411  ]
  [-17.902748  -13.47422  ]
  [-17.72598   -13.4922905]
  [-17.99664   -13.193769 ]
  [-17.6991    -13.32593  ]
  [-16.906027  -11.008818 ]
  [-18.120312  -12.601245 ]
  [-17.453302  -13.815962 ]
  [-17.713482  -13.38266  ]
  [-16.85022   -12.166889 ]
  [-18.48948   -12.2919235]
  [-17.814465  -12.932154 ]
  [-16.32903   -10.660904 ]
  [-18.125477  -13.133964 ]
  [-16.594734  -12.531406 ]
  [-18.233704  -12.190016 ]
  [-16.307568  -11.288376 ]
  [-18.813314  -12.622732 ]
  [-16.52219   -12.445604 ]
  [-17.40092   -14.185044 ]
  [-15.65876   -11.968868 ]
  [-18.497894  -12.902464 ]]

 [[-17.790115  -10.372238 ]
  [-17.228271  -10.87739  ]
  [-18.041445   -9.946251 ]
  [-17.339247  -11.02179  ]
  [-17.45526   -10.818    ]
  [-15.809875   -7.665022 ]
  [-17.97984   -10.391955 ]
  [-17.005337  -11.222173 ]
  [-18.034275  -10.09062  ]
  [-17.08569   -11.274252 ]
  [-17.385597  -11.098746 ]
  [-17.797066  -10.531784 ]
  [-15.925082   -7.437038 ]
  [-17.599154  -10.735767 ]
  [-17.368008  -10.548965 ]
  [-17.83279   -10.779993 ]
  [-18.116869  -10.810511 ]
  [-18.279629  -10.299597 ]
  [-17.41084   -10.562809 ]
  [-17.98655   -10.428305 ]
  [-17.027554  -11.24104  ]
  [-16.941957  -11.102961 ]
  [-16.727934  -12.2325115]
  [-17.723673  -10.851973 ]
  [-17.266727  -11.166817 ]
  [-18.324627  -10.13863  ]
  [-16.852066  -11.599575 ]
  [-16.942038  -11.325077 ]
  [-17.836151  -10.579548 ]
  [-17.53907   -10.856318 ]
  [-17.28019   -11.069738 ]
  [-17.506182  -10.431129 ]
  [-15.900444  -10.065375 ]
  [-17.618124  -10.898485 ]
  [-18.263187  -10.450277 ]
  [-16.848003  -11.465839 ]
  [-17.118263  -11.026873 ]
  [-17.593632  -10.779424 ]
  [-15.567445   -9.239152 ]
  [-17.318653  -10.605776 ]
  [-18.060173  -10.543863 ]
  [-18.490465  -10.414267 ]
  [-18.384153  -10.72167  ]
  [-18.3885    -10.198967 ]
  [-17.073923  -11.050221 ]
  [-17.380596  -11.021425 ]
  [-17.190533  -10.398615 ]
  [-17.11456   -11.0972805]
  [-17.70131   -10.204586 ]
  [-17.737282  -10.501368 ]
  [-17.344402  -10.935305 ]
  [-17.276928  -11.079575 ]
  [-17.175486  -11.154345 ]
  [-16.91221   -11.510692 ]]]

u
[[[  2.844377     0.8064355 ]
  [  2.9129877    0.3012371 ]]

 [[-16.190847    -1.2399095 ]
  [-17.411726    -0.35152975]]]

z
[[ 2.2938068  0.8775   ]
 [-1.2938068  0.1225   ]]

--------------------------
