===================== Inference Activations ======================
--------------------------
Inference example 0
input t
[[[[ 0  0]
   [-9 -9]
   [-9 -9]
   [-9 -9]
   [-9 -9]
   [-9 -9]
   [-9 -9]
   [-9 -9]
   [-9 -9]
   [-9 -9]
   [-9 -9]
   [-9 -9]
   [-9 -9]
   [-9 -9]
   [-9 -9]
   [-9 -9]
   [-9 -9]
   [-9 -9]
   [-9 -9]
   [-9 -9]
   [-9 -9]
   [-9 -9]
   [-9 -9]
   [-9 -9]
   [-9 -9]
   [-9 -9]
   [-9 -9]
   [-9 -9]
   [-9 -9]
   [-9 -9]
   [-9 -9]
   [-9 -9]
   [-9 -9]
   [-9 -9]
   [-9 -9]
   [-9 -9]
   [-9 -9]
   [-9 -9]
   [-9 -9]
   [-9 -9]
   [-9 -9]
   [-9 -9]
   [-9 -9]
   [-9 -9]
   [-9 -9]
   [-9 -9]
   [-9 -9]
   [-9 -9]
   [-9 -9]
   [-9 -9]
   [-9 -9]
   [-9 -9]
   [-9 -9]
   [-9 -9]]

  [[-9 -9]
   [ 0  0]
   [-9 -9]
   [-9 -9]
   [-9 -9]
   [-9 -9]
   [-9 -9]
   [-9 -9]
   [-9 -9]
   [-9 -9]
   [-9 -9]
   [-9 -9]
   [-9 -9]
   [-9 -9]
   [-9 -9]
   [-9 -9]
   [-9 -9]
   [-9 -9]
   [-9 -9]
   [-9 -9]
   [-9 -9]
   [-9 -9]
   [-9 -9]
   [-9 -9]
   [-9 -9]
   [-9 -9]
   [-9 -9]
   [-9 -9]
   [-9 -9]
   [-9 -9]
   [-9 -9]
   [-9 -9]
   [-9 -9]
   [-9 -9]
   [-9 -9]
   [-9 -9]
   [-9 -9]
   [-9 -9]
   [-9 -9]
   [-9 -9]
   [-9 -9]
   [-9 -9]
   [-9 -9]
   [-9 -9]
   [-9 -9]
   [-9 -9]
   [-9 -9]
   [-9 -9]
   [-9 -9]
   [-9 -9]
   [-9 -9]
   [-9 -9]
   [-9 -9]
   [-9 -9]]

  [[-9 -9]
   [-9 -9]
   [-9 -9]
   [-9 -9]
   [-9 -9]
   [-9 -9]
   [-9 -9]
   [-9 -9]
   [-9 -9]
   [-9 -9]
   [-9 -9]
   [-9 -9]
   [-9 -9]
   [-9 -9]
   [-9 -9]
   [-9 -9]
   [-9 -9]
   [-9 -9]
   [-9 -9]
   [-9 -9]
   [-9 -9]
   [-9 -9]
   [-9 -9]
   [-9 -9]
   [-9 -9]
   [-9 -9]
   [-9 -9]
   [-9 -9]
   [-9 -9]
   [-9 -9]
   [-9 -9]
   [-9 -9]
   [-9 -9]
   [-9 -9]
   [-9 -9]
   [-9 -9]
   [-9 -9]
   [-9 -9]
   [-9 -9]
   [-9 -9]
   [-9 -9]
   [-9 -9]
   [-9 -9]
   [-9 -9]
   [-9 -9]
   [-9 -9]
   [-9 -9]
   [-9 -9]
   [-9 -9]
   [-9 -9]
   [-9 -9]
   [-9 -9]
   [-9 -9]
   [ 0  0]]

  [[-9 -9]
   [-9 -9]
   [-9 -9]
   [-9 -9]
   [-9 -9]
   [-9 -9]
   [-9 -9]
   [-9 -9]
   [-9 -9]
   [-9 -9]
   [-9 -9]
   [-9 -9]
   [-9 -9]
   [-9 -9]
   [-9 -9]
   [-9 -9]
   [-9 -9]
   [-9 -9]
   [-9 -9]
   [-9 -9]
   [-9 -9]
   [-9 -9]
   [-9 -9]
   [-9 -9]
   [-9 -9]
   [-9 -9]
   [-9 -9]
   [-9 -9]
   [-9 -9]
   [-9 -9]
   [-9 -9]
   [-9 -9]
   [-9 -9]
   [-9 -9]
   [-9 -9]
   [-9 -9]
   [-9 -9]
   [-9 -9]
   [-9 -9]
   [-9 -9]
   [-9 -9]
   [-9 -9]
   [-9 -9]
   [-9 -9]
   [-9 -9]
   [-9 -9]
   [-9 -9]
   [-9 -9]
   [-9 -9]
   [-9 -9]
   [-9 -9]
   [-9 -9]
   [-9 -9]
   [ 0  0]]

  [[-9 -9]
   [-9 -9]
   [-9 -9]
   [-9 -9]
   [-9 -9]
   [-9 -9]
   [-9 -9]
   [-9 -9]
   [-9 -9]
   [-9 -9]
   [-9 -9]
   [-9 -9]
   [-9 -9]
   [-9 -9]
   [-9 -9]
   [-9 -9]
   [-9 -9]
   [-9 -9]
   [-9 -9]
   [-9 -9]
   [-9 -9]
   [-9 -9]
   [-9 -9]
   [-9 -9]
   [-9 -9]
   [-9 -9]
   [-9 -9]
   [-9 -9]
   [-9 -9]
   [-9 -9]
   [-9 -9]
   [-9 -9]
   [-9 -9]
   [-9 -9]
   [-9 -9]
   [-9 -9]
   [-9 -9]
   [-9 -9]
   [-9 -9]
   [-9 -9]
   [-9 -9]
   [-9 -9]
   [-9 -9]
   [-9 -9]
   [-9 -9]
   [-9 -9]
   [-9 -9]
   [-9 -9]
   [-9 -9]
   [-9 -9]
   [-9 -9]
   [-9 -9]
   [-9 -9]
   [ 0  0]]

  [[-9 -9]
   [-9 -9]
   [-9 -9]
   [-9 -9]
   [-9 -9]
   [-9 -9]
   [-9 -9]
   [-9 -9]
   [-9 -9]
   [-9 -9]
   [-9 -9]
   [-9 -9]
   [-9 -9]
   [-9 -9]
   [-9 -9]
   [-9 -9]
   [-9 -9]
   [-9 -9]
   [-9 -9]
   [-9 -9]
   [-9 -9]
   [-9 -9]
   [-9 -9]
   [-9 -9]
   [-9 -9]
   [-9 -9]
   [-9 -9]
   [-9 -9]
   [-9 -9]
   [-9 -9]
   [-9 -9]
   [-9 -9]
   [-9 -9]
   [-9 -9]
   [-9 -9]
   [-9 -9]
   [-9 -9]
   [-9 -9]
   [-9 -9]
   [-9 -9]
   [-9 -9]
   [-9 -9]
   [-9 -9]
   [-9 -9]
   [-9 -9]
   [-9 -9]
   [-9 -9]
   [-9 -9]
   [-9 -9]
   [-9 -9]
   [-9 -9]
   [-9 -9]
   [-9 -9]
   [ 0  0]]]


 [[[ 0  0]
   [-9 -9]
   [-9 -9]
   [-9 -9]
   [-9 -9]
   [-9 -9]
   [-9 -9]
   [-9 -9]
   [-9 -9]
   [-9 -9]
   [-9 -9]
   [-9 -9]
   [-9 -9]
   [-9 -9]
   [-9 -9]
   [-9 -9]
   [-9 -9]
   [-9 -9]
   [-9 -9]
   [-9 -9]
   [-9 -9]
   [-9 -9]
   [-9 -9]
   [-9 -9]
   [-9 -9]
   [-9 -9]
   [-9 -9]
   [-9 -9]
   [-9 -9]
   [-9 -9]
   [-9 -9]
   [-9 -9]
   [-9 -9]
   [-9 -9]
   [-9 -9]
   [-9 -9]
   [-9 -9]
   [-9 -9]
   [-9 -9]
   [-9 -9]
   [-9 -9]
   [-9 -9]
   [-9 -9]
   [-9 -9]
   [-9 -9]
   [-9 -9]
   [-9 -9]
   [-9 -9]
   [-9 -9]
   [-9 -9]
   [-9 -9]
   [-9 -9]
   [-9 -9]
   [-9 -9]]

  [[-9 -9]
   [ 0  0]
   [-9 -9]
   [-9 -9]
   [-9 -9]
   [-9 -9]
   [-9 -9]
   [-9 -9]
   [-9 -9]
   [-9 -9]
   [-9 -9]
   [-9 -9]
   [-9 -9]
   [-9 -9]
   [-9 -9]
   [-9 -9]
   [-9 -9]
   [-9 -9]
   [-9 -9]
   [-9 -9]
   [-9 -9]
   [-9 -9]
   [-9 -9]
   [-9 -9]
   [-9 -9]
   [-9 -9]
   [-9 -9]
   [-9 -9]
   [-9 -9]
   [-9 -9]
   [-9 -9]
   [-9 -9]
   [-9 -9]
   [-9 -9]
   [-9 -9]
   [-9 -9]
   [-9 -9]
   [-9 -9]
   [-9 -9]
   [-9 -9]
   [-9 -9]
   [-9 -9]
   [-9 -9]
   [-9 -9]
   [-9 -9]
   [-9 -9]
   [-9 -9]
   [-9 -9]
   [-9 -9]
   [-9 -9]
   [-9 -9]
   [-9 -9]
   [-9 -9]
   [-9 -9]]

  [[-9 -9]
   [-9 -9]
   [-9 -9]
   [-9 -9]
   [-9 -9]
   [-9 -9]
   [-9 -9]
   [-9 -9]
   [-9 -9]
   [-9 -9]
   [-9 -9]
   [-9 -9]
   [-9 -9]
   [-9 -9]
   [-9 -9]
   [-9 -9]
   [-9 -9]
   [-9 -9]
   [-9 -9]
   [-9 -9]
   [-9 -9]
   [-9 -9]
   [-9 -9]
   [-9 -9]
   [-9 -9]
   [-9 -9]
   [-9 -9]
   [-9 -9]
   [-9 -9]
   [-9 -9]
   [-9 -9]
   [-9 -9]
   [-9 -9]
   [-9 -9]
   [-9 -9]
   [-9 -9]
   [-9 -9]
   [-9 -9]
   [-9 -9]
   [-9 -9]
   [-9 -9]
   [-9 -9]
   [-9 -9]
   [-9 -9]
   [-9 -9]
   [-9 -9]
   [-9 -9]
   [-9 -9]
   [-9 -9]
   [-9 -9]
   [-9 -9]
   [-9 -9]
   [-9 -9]
   [ 0  0]]

  [[-9 -9]
   [-9 -9]
   [-9 -9]
   [-9 -9]
   [-9 -9]
   [-9 -9]
   [-9 -9]
   [-9 -9]
   [-9 -9]
   [-9 -9]
   [-9 -9]
   [-9 -9]
   [-9 -9]
   [-9 -9]
   [-9 -9]
   [-9 -9]
   [-9 -9]
   [-9 -9]
   [-9 -9]
   [-9 -9]
   [-9 -9]
   [-9 -9]
   [-9 -9]
   [-9 -9]
   [-9 -9]
   [-9 -9]
   [-9 -9]
   [-9 -9]
   [-9 -9]
   [-9 -9]
   [-9 -9]
   [-9 -9]
   [-9 -9]
   [-9 -9]
   [-9 -9]
   [-9 -9]
   [-9 -9]
   [-9 -9]
   [-9 -9]
   [-9 -9]
   [-9 -9]
   [-9 -9]
   [-9 -9]
   [-9 -9]
   [-9 -9]
   [-9 -9]
   [-9 -9]
   [-9 -9]
   [-9 -9]
   [-9 -9]
   [-9 -9]
   [-9 -9]
   [-9 -9]
   [ 0  0]]

  [[-9 -9]
   [-9 -9]
   [-9 -9]
   [-9 -9]
   [-9 -9]
   [-9 -9]
   [-9 -9]
   [-9 -9]
   [-9 -9]
   [-9 -9]
   [-9 -9]
   [-9 -9]
   [-9 -9]
   [-9 -9]
   [-9 -9]
   [-9 -9]
   [-9 -9]
   [-9 -9]
   [-9 -9]
   [-9 -9]
   [-9 -9]
   [-9 -9]
   [-9 -9]
   [-9 -9]
   [-9 -9]
   [-9 -9]
   [-9 -9]
   [-9 -9]
   [-9 -9]
   [-9 -9]
   [-9 -9]
   [-9 -9]
   [-9 -9]
   [-9 -9]
   [-9 -9]
   [-9 -9]
   [-9 -9]
   [-9 -9]
   [-9 -9]
   [-9 -9]
   [-9 -9]
   [-9 -9]
   [-9 -9]
   [-9 -9]
   [-9 -9]
   [-9 -9]
   [-9 -9]
   [-9 -9]
   [-9 -9]
   [-9 -9]
   [-9 -9]
   [-9 -9]
   [-9 -9]
   [ 0  0]]

  [[-9 -9]
   [-9 -9]
   [-9 -9]
   [-9 -9]
   [-9 -9]
   [-9 -9]
   [-9 -9]
   [-9 -9]
   [-9 -9]
   [-9 -9]
   [-9 -9]
   [-9 -9]
   [-9 -9]
   [-9 -9]
   [-9 -9]
   [-9 -9]
   [-9 -9]
   [-9 -9]
   [-9 -9]
   [-9 -9]
   [-9 -9]
   [-9 -9]
   [-9 -9]
   [-9 -9]
   [-9 -9]
   [-9 -9]
   [-9 -9]
   [-9 -9]
   [-9 -9]
   [-9 -9]
   [-9 -9]
   [-9 -9]
   [-9 -9]
   [-9 -9]
   [-9 -9]
   [-9 -9]
   [-9 -9]
   [-9 -9]
   [-9 -9]
   [-9 -9]
   [-9 -9]
   [-9 -9]
   [-9 -9]
   [-9 -9]
   [-9 -9]
   [-9 -9]
   [-9 -9]
   [-9 -9]
   [-9 -9]
   [-9 -9]
   [-9 -9]
   [-9 -9]
   [-9 -9]
   [ 0  0]]]


 [[[ 0  0]
   [-9 -9]
   [-9 -9]
   [-9 -9]
   [-9 -9]
   [-9 -9]
   [-9 -9]
   [-9 -9]
   [-9 -9]
   [-9 -9]
   [-9 -9]
   [-9 -9]
   [-9 -9]
   [-9 -9]
   [-9 -9]
   [-9 -9]
   [-9 -9]
   [-9 -9]
   [-9 -9]
   [-9 -9]
   [-9 -9]
   [-9 -9]
   [-9 -9]
   [-9 -9]
   [-9 -9]
   [-9 -9]
   [-9 -9]
   [-9 -9]
   [-9 -9]
   [-9 -9]
   [-9 -9]
   [-9 -9]
   [-9 -9]
   [-9 -9]
   [-9 -9]
   [-9 -9]
   [-9 -9]
   [-9 -9]
   [-9 -9]
   [-9 -9]
   [-9 -9]
   [-9 -9]
   [-9 -9]
   [-9 -9]
   [-9 -9]
   [-9 -9]
   [-9 -9]
   [-9 -9]
   [-9 -9]
   [-9 -9]
   [-9 -9]
   [-9 -9]
   [-9 -9]
   [-9 -9]]

  [[-9 -9]
   [ 0  0]
   [-9 -9]
   [-9 -9]
   [-9 -9]
   [-9 -9]
   [-9 -9]
   [-9 -9]
   [-9 -9]
   [-9 -9]
   [-9 -9]
   [-9 -9]
   [-9 -9]
   [-9 -9]
   [-9 -9]
   [-9 -9]
   [-9 -9]
   [-9 -9]
   [-9 -9]
   [-9 -9]
   [-9 -9]
   [-9 -9]
   [-9 -9]
   [-9 -9]
   [-9 -9]
   [-9 -9]
   [-9 -9]
   [-9 -9]
   [-9 -9]
   [-9 -9]
   [-9 -9]
   [-9 -9]
   [-9 -9]
   [-9 -9]
   [-9 -9]
   [-9 -9]
   [-9 -9]
   [-9 -9]
   [-9 -9]
   [-9 -9]
   [-9 -9]
   [-9 -9]
   [-9 -9]
   [-9 -9]
   [-9 -9]
   [-9 -9]
   [-9 -9]
   [-9 -9]
   [-9 -9]
   [-9 -9]
   [-9 -9]
   [-9 -9]
   [-9 -9]
   [-9 -9]]

  [[-9 -9]
   [-9 -9]
   [-9 -9]
   [-9 -9]
   [-9 -9]
   [-9 -9]
   [-9 -9]
   [-9 -9]
   [-9 -9]
   [-9 -9]
   [-9 -9]
   [-9 -9]
   [-9 -9]
   [-9 -9]
   [-9 -9]
   [-9 -9]
   [-9 -9]
   [-9 -9]
   [-9 -9]
   [-9 -9]
   [-9 -9]
   [-9 -9]
   [-9 -9]
   [-9 -9]
   [-9 -9]
   [-9 -9]
   [-9 -9]
   [-9 -9]
   [-9 -9]
   [-9 -9]
   [-9 -9]
   [-9 -9]
   [-9 -9]
   [-9 -9]
   [-9 -9]
   [-9 -9]
   [-9 -9]
   [-9 -9]
   [-9 -9]
   [-9 -9]
   [-9 -9]
   [-9 -9]
   [-9 -9]
   [-9 -9]
   [-9 -9]
   [-9 -9]
   [-9 -9]
   [-9 -9]
   [-9 -9]
   [-9 -9]
   [-9 -9]
   [-9 -9]
   [-9 -9]
   [ 0  0]]

  [[-9 -9]
   [-9 -9]
   [-9 -9]
   [-9 -9]
   [-9 -9]
   [-9 -9]
   [-9 -9]
   [-9 -9]
   [-9 -9]
   [-9 -9]
   [-9 -9]
   [-9 -9]
   [-9 -9]
   [-9 -9]
   [-9 -9]
   [-9 -9]
   [-9 -9]
   [-9 -9]
   [-9 -9]
   [-9 -9]
   [-9 -9]
   [-9 -9]
   [-9 -9]
   [-9 -9]
   [-9 -9]
   [-9 -9]
   [-9 -9]
   [-9 -9]
   [-9 -9]
   [-9 -9]
   [-9 -9]
   [-9 -9]
   [-9 -9]
   [-9 -9]
   [-9 -9]
   [-9 -9]
   [-9 -9]
   [-9 -9]
   [-9 -9]
   [-9 -9]
   [-9 -9]
   [-9 -9]
   [-9 -9]
   [-9 -9]
   [-9 -9]
   [-9 -9]
   [-9 -9]
   [-9 -9]
   [-9 -9]
   [-9 -9]
   [-9 -9]
   [-9 -9]
   [-9 -9]
   [ 0  0]]

  [[-9 -9]
   [-9 -9]
   [-9 -9]
   [-9 -9]
   [-9 -9]
   [-9 -9]
   [-9 -9]
   [-9 -9]
   [-9 -9]
   [-9 -9]
   [-9 -9]
   [-9 -9]
   [-9 -9]
   [-9 -9]
   [-9 -9]
   [-9 -9]
   [-9 -9]
   [-9 -9]
   [-9 -9]
   [-9 -9]
   [-9 -9]
   [-9 -9]
   [-9 -9]
   [-9 -9]
   [-9 -9]
   [-9 -9]
   [-9 -9]
   [-9 -9]
   [-9 -9]
   [-9 -9]
   [-9 -9]
   [-9 -9]
   [-9 -9]
   [-9 -9]
   [-9 -9]
   [-9 -9]
   [-9 -9]
   [-9 -9]
   [-9 -9]
   [-9 -9]
   [-9 -9]
   [-9 -9]
   [-9 -9]
   [-9 -9]
   [-9 -9]
   [-9 -9]
   [-9 -9]
   [-9 -9]
   [-9 -9]
   [-9 -9]
   [-9 -9]
   [-9 -9]
   [-9 -9]
   [ 0  0]]

  [[-9 -9]
   [-9 -9]
   [-9 -9]
   [-9 -9]
   [-9 -9]
   [-9 -9]
   [-9 -9]
   [-9 -9]
   [-9 -9]
   [-9 -9]
   [-9 -9]
   [-9 -9]
   [-9 -9]
   [-9 -9]
   [-9 -9]
   [-9 -9]
   [-9 -9]
   [-9 -9]
   [-9 -9]
   [-9 -9]
   [-9 -9]
   [-9 -9]
   [-9 -9]
   [-9 -9]
   [-9 -9]
   [-9 -9]
   [-9 -9]
   [-9 -9]
   [-9 -9]
   [-9 -9]
   [-9 -9]
   [-9 -9]
   [-9 -9]
   [-9 -9]
   [-9 -9]
   [-9 -9]
   [-9 -9]
   [-9 -9]
   [-9 -9]
   [-9 -9]
   [-9 -9]
   [-9 -9]
   [-9 -9]
   [-9 -9]
   [-9 -9]
   [-9 -9]
   [-9 -9]
   [-9 -9]
   [-9 -9]
   [-9 -9]
   [-9 -9]
   [-9 -9]
   [-9 -9]
   [ 0  0]]]


 [[[ 0  0]
   [-9 -9]
   [-9 -9]
   [-9 -9]
   [-9 -9]
   [-9 -9]
   [-9 -9]
   [-9 -9]
   [-9 -9]
   [-9 -9]
   [-9 -9]
   [-9 -9]
   [-9 -9]
   [-9 -9]
   [-9 -9]
   [-9 -9]
   [-9 -9]
   [-9 -9]
   [-9 -9]
   [-9 -9]
   [-9 -9]
   [-9 -9]
   [-9 -9]
   [-9 -9]
   [-9 -9]
   [-9 -9]
   [-9 -9]
   [-9 -9]
   [-9 -9]
   [-9 -9]
   [-9 -9]
   [-9 -9]
   [-9 -9]
   [-9 -9]
   [-9 -9]
   [-9 -9]
   [-9 -9]
   [-9 -9]
   [-9 -9]
   [-9 -9]
   [-9 -9]
   [-9 -9]
   [-9 -9]
   [-9 -9]
   [-9 -9]
   [-9 -9]
   [-9 -9]
   [-9 -9]
   [-9 -9]
   [-9 -9]
   [-9 -9]
   [-9 -9]
   [-9 -9]
   [-9 -9]]

  [[-9 -9]
   [ 0  0]
   [-9 -9]
   [-9 -9]
   [-9 -9]
   [-9 -9]
   [-9 -9]
   [-9 -9]
   [-9 -9]
   [-9 -9]
   [-9 -9]
   [-9 -9]
   [-9 -9]
   [-9 -9]
   [-9 -9]
   [-9 -9]
   [-9 -9]
   [-9 -9]
   [-9 -9]
   [-9 -9]
   [-9 -9]
   [-9 -9]
   [-9 -9]
   [-9 -9]
   [-9 -9]
   [-9 -9]
   [-9 -9]
   [-9 -9]
   [-9 -9]
   [-9 -9]
   [-9 -9]
   [-9 -9]
   [-9 -9]
   [-9 -9]
   [-9 -9]
   [-9 -9]
   [-9 -9]
   [-9 -9]
   [-9 -9]
   [-9 -9]
   [-9 -9]
   [-9 -9]
   [-9 -9]
   [-9 -9]
   [-9 -9]
   [-9 -9]
   [-9 -9]
   [-9 -9]
   [-9 -9]
   [-9 -9]
   [-9 -9]
   [-9 -9]
   [-9 -9]
   [-9 -9]]

  [[-9 -9]
   [-9 -9]
   [-9 -9]
   [-9 -9]
   [-9 -9]
   [-9 -9]
   [-9 -9]
   [-9 -9]
   [-9 -9]
   [-9 -9]
   [-9 -9]
   [-9 -9]
   [-9 -9]
   [-9 -9]
   [-9 -9]
   [-9 -9]
   [-9 -9]
   [-9 -9]
   [-9 -9]
   [-9 -9]
   [-9 -9]
   [-9 -9]
   [-9 -9]
   [-9 -9]
   [-9 -9]
   [-9 -9]
   [-9 -9]
   [-9 -9]
   [-9 -9]
   [-9 -9]
   [-9 -9]
   [-9 -9]
   [-9 -9]
   [-9 -9]
   [-9 -9]
   [-9 -9]
   [-9 -9]
   [-9 -9]
   [-9 -9]
   [-9 -9]
   [-9 -9]
   [-9 -9]
   [-9 -9]
   [-9 -9]
   [-9 -9]
   [-9 -9]
   [-9 -9]
   [-9 -9]
   [-9 -9]
   [-9 -9]
   [-9 -9]
   [-9 -9]
   [-9 -9]
   [ 0  0]]

  [[-9 -9]
   [-9 -9]
   [-9 -9]
   [-9 -9]
   [-9 -9]
   [-9 -9]
   [-9 -9]
   [-9 -9]
   [-9 -9]
   [-9 -9]
   [-9 -9]
   [-9 -9]
   [-9 -9]
   [-9 -9]
   [-9 -9]
   [-9 -9]
   [-9 -9]
   [-9 -9]
   [-9 -9]
   [-9 -9]
   [-9 -9]
   [-9 -9]
   [-9 -9]
   [-9 -9]
   [-9 -9]
   [-9 -9]
   [-9 -9]
   [-9 -9]
   [-9 -9]
   [-9 -9]
   [-9 -9]
   [-9 -9]
   [-9 -9]
   [-9 -9]
   [-9 -9]
   [-9 -9]
   [-9 -9]
   [-9 -9]
   [-9 -9]
   [-9 -9]
   [-9 -9]
   [-9 -9]
   [-9 -9]
   [-9 -9]
   [-9 -9]
   [-9 -9]
   [-9 -9]
   [-9 -9]
   [-9 -9]
   [-9 -9]
   [-9 -9]
   [-9 -9]
   [-9 -9]
   [ 0  0]]

  [[-9 -9]
   [-9 -9]
   [-9 -9]
   [-9 -9]
   [-9 -9]
   [-9 -9]
   [-9 -9]
   [-9 -9]
   [-9 -9]
   [-9 -9]
   [-9 -9]
   [-9 -9]
   [-9 -9]
   [-9 -9]
   [-9 -9]
   [-9 -9]
   [-9 -9]
   [-9 -9]
   [-9 -9]
   [-9 -9]
   [-9 -9]
   [-9 -9]
   [-9 -9]
   [-9 -9]
   [-9 -9]
   [-9 -9]
   [-9 -9]
   [-9 -9]
   [-9 -9]
   [-9 -9]
   [-9 -9]
   [-9 -9]
   [-9 -9]
   [-9 -9]
   [-9 -9]
   [-9 -9]
   [-9 -9]
   [-9 -9]
   [-9 -9]
   [-9 -9]
   [-9 -9]
   [-9 -9]
   [-9 -9]
   [-9 -9]
   [-9 -9]
   [-9 -9]
   [-9 -9]
   [-9 -9]
   [-9 -9]
   [-9 -9]
   [-9 -9]
   [-9 -9]
   [-9 -9]
   [ 0  0]]

  [[-9 -9]
   [-9 -9]
   [-9 -9]
   [-9 -9]
   [-9 -9]
   [-9 -9]
   [-9 -9]
   [-9 -9]
   [-9 -9]
   [-9 -9]
   [-9 -9]
   [-9 -9]
   [-9 -9]
   [-9 -9]
   [-9 -9]
   [-9 -9]
   [-9 -9]
   [-9 -9]
   [-9 -9]
   [-9 -9]
   [-9 -9]
   [-9 -9]
   [-9 -9]
   [-9 -9]
   [-9 -9]
   [-9 -9]
   [-9 -9]
   [-9 -9]
   [-9 -9]
   [-9 -9]
   [-9 -9]
   [-9 -9]
   [-9 -9]
   [-9 -9]
   [-9 -9]
   [-9 -9]
   [-9 -9]
   [-9 -9]
   [-9 -9]
   [-9 -9]
   [-9 -9]
   [-9 -9]
   [-9 -9]
   [-9 -9]
   [-9 -9]
   [-9 -9]
   [-9 -9]
   [-9 -9]
   [-9 -9]
   [-9 -9]
   [-9 -9]
   [-9 -9]
   [-9 -9]
   [ 0  0]]]


 [[[ 0  0]
   [-9 -9]
   [-9 -9]
   [-9 -9]
   [-9 -9]
   [-9 -9]
   [-9 -9]
   [-9 -9]
   [-9 -9]
   [-9 -9]
   [-9 -9]
   [-9 -9]
   [-9 -9]
   [-9 -9]
   [-9 -9]
   [-9 -9]
   [-9 -9]
   [-9 -9]
   [-9 -9]
   [-9 -9]
   [-9 -9]
   [-9 -9]
   [-9 -9]
   [-9 -9]
   [-9 -9]
   [-9 -9]
   [-9 -9]
   [-9 -9]
   [-9 -9]
   [-9 -9]
   [-9 -9]
   [-9 -9]
   [-9 -9]
   [-9 -9]
   [-9 -9]
   [-9 -9]
   [-9 -9]
   [-9 -9]
   [-9 -9]
   [-9 -9]
   [-9 -9]
   [-9 -9]
   [-9 -9]
   [-9 -9]
   [-9 -9]
   [-9 -9]
   [-9 -9]
   [-9 -9]
   [-9 -9]
   [-9 -9]
   [-9 -9]
   [-9 -9]
   [-9 -9]
   [-9 -9]]

  [[-9 -9]
   [ 0  0]
   [-9 -9]
   [-9 -9]
   [-9 -9]
   [-9 -9]
   [-9 -9]
   [-9 -9]
   [-9 -9]
   [-9 -9]
   [-9 -9]
   [-9 -9]
   [-9 -9]
   [-9 -9]
   [-9 -9]
   [-9 -9]
   [-9 -9]
   [-9 -9]
   [-9 -9]
   [-9 -9]
   [-9 -9]
   [-9 -9]
   [-9 -9]
   [-9 -9]
   [-9 -9]
   [-9 -9]
   [-9 -9]
   [-9 -9]
   [-9 -9]
   [-9 -9]
   [-9 -9]
   [-9 -9]
   [-9 -9]
   [-9 -9]
   [-9 -9]
   [-9 -9]
   [-9 -9]
   [-9 -9]
   [-9 -9]
   [-9 -9]
   [-9 -9]
   [-9 -9]
   [-9 -9]
   [-9 -9]
   [-9 -9]
   [-9 -9]
   [-9 -9]
   [-9 -9]
   [-9 -9]
   [-9 -9]
   [-9 -9]
   [-9 -9]
   [-9 -9]
   [-9 -9]]

  [[-9 -9]
   [-9 -9]
   [-9 -9]
   [-9 -9]
   [-9 -9]
   [-9 -9]
   [-9 -9]
   [-9 -9]
   [-9 -9]
   [-9 -9]
   [-9 -9]
   [-9 -9]
   [-9 -9]
   [-9 -9]
   [-9 -9]
   [-9 -9]
   [-9 -9]
   [-9 -9]
   [-9 -9]
   [-9 -9]
   [-9 -9]
   [-9 -9]
   [-9 -9]
   [-9 -9]
   [-9 -9]
   [-9 -9]
   [-9 -9]
   [-9 -9]
   [-9 -9]
   [-9 -9]
   [-9 -9]
   [-9 -9]
   [-9 -9]
   [-9 -9]
   [-9 -9]
   [-9 -9]
   [-9 -9]
   [-9 -9]
   [-9 -9]
   [-9 -9]
   [-9 -9]
   [-9 -9]
   [-9 -9]
   [-9 -9]
   [-9 -9]
   [-9 -9]
   [-9 -9]
   [-9 -9]
   [-9 -9]
   [-9 -9]
   [-9 -9]
   [-9 -9]
   [-9 -9]
   [ 0  0]]

  [[-9 -9]
   [-9 -9]
   [-9 -9]
   [-9 -9]
   [-9 -9]
   [-9 -9]
   [-9 -9]
   [-9 -9]
   [-9 -9]
   [-9 -9]
   [-9 -9]
   [-9 -9]
   [-9 -9]
   [-9 -9]
   [-9 -9]
   [-9 -9]
   [-9 -9]
   [-9 -9]
   [-9 -9]
   [-9 -9]
   [-9 -9]
   [-9 -9]
   [-9 -9]
   [-9 -9]
   [-9 -9]
   [-9 -9]
   [-9 -9]
   [-9 -9]
   [-9 -9]
   [-9 -9]
   [-9 -9]
   [-9 -9]
   [-9 -9]
   [-9 -9]
   [-9 -9]
   [-9 -9]
   [-9 -9]
   [-9 -9]
   [-9 -9]
   [-9 -9]
   [-9 -9]
   [-9 -9]
   [-9 -9]
   [-9 -9]
   [-9 -9]
   [-9 -9]
   [-9 -9]
   [-9 -9]
   [-9 -9]
   [-9 -9]
   [-9 -9]
   [-9 -9]
   [-9 -9]
   [ 0  0]]

  [[-9 -9]
   [-9 -9]
   [-9 -9]
   [-9 -9]
   [-9 -9]
   [-9 -9]
   [-9 -9]
   [-9 -9]
   [-9 -9]
   [-9 -9]
   [-9 -9]
   [-9 -9]
   [-9 -9]
   [-9 -9]
   [-9 -9]
   [-9 -9]
   [-9 -9]
   [-9 -9]
   [-9 -9]
   [-9 -9]
   [-9 -9]
   [-9 -9]
   [-9 -9]
   [-9 -9]
   [-9 -9]
   [-9 -9]
   [-9 -9]
   [-9 -9]
   [-9 -9]
   [-9 -9]
   [-9 -9]
   [-9 -9]
   [-9 -9]
   [-9 -9]
   [-9 -9]
   [-9 -9]
   [-9 -9]
   [-9 -9]
   [-9 -9]
   [-9 -9]
   [-9 -9]
   [-9 -9]
   [-9 -9]
   [-9 -9]
   [-9 -9]
   [-9 -9]
   [-9 -9]
   [-9 -9]
   [-9 -9]
   [-9 -9]
   [-9 -9]
   [-9 -9]
   [-9 -9]
   [ 0  0]]

  [[-9 -9]
   [-9 -9]
   [-9 -9]
   [-9 -9]
   [-9 -9]
   [-9 -9]
   [-9 -9]
   [-9 -9]
   [-9 -9]
   [-9 -9]
   [-9 -9]
   [-9 -9]
   [-9 -9]
   [-9 -9]
   [-9 -9]
   [-9 -9]
   [-9 -9]
   [-9 -9]
   [-9 -9]
   [-9 -9]
   [-9 -9]
   [-9 -9]
   [-9 -9]
   [-9 -9]
   [-9 -9]
   [-9 -9]
   [-9 -9]
   [-9 -9]
   [-9 -9]
   [-9 -9]
   [-9 -9]
   [-9 -9]
   [-9 -9]
   [-9 -9]
   [-9 -9]
   [-9 -9]
   [-9 -9]
   [-9 -9]
   [-9 -9]
   [-9 -9]
   [-9 -9]
   [-9 -9]
   [-9 -9]
   [-9 -9]
   [-9 -9]
   [-9 -9]
   [-9 -9]
   [-9 -9]
   [-9 -9]
   [-9 -9]
   [-9 -9]
   [-9 -9]
   [-9 -9]
   [ 0  0]]]


 [[[ 0  0]
   [-9 -9]
   [-9 -9]
   [-9 -9]
   [-9 -9]
   [-9 -9]
   [-9 -9]
   [-9 -9]
   [-9 -9]
   [-9 -9]
   [-9 -9]
   [-9 -9]
   [-9 -9]
   [-9 -9]
   [-9 -9]
   [-9 -9]
   [-9 -9]
   [-9 -9]
   [-9 -9]
   [-9 -9]
   [-9 -9]
   [-9 -9]
   [-9 -9]
   [-9 -9]
   [-9 -9]
   [-9 -9]
   [-9 -9]
   [-9 -9]
   [-9 -9]
   [-9 -9]
   [-9 -9]
   [-9 -9]
   [-9 -9]
   [-9 -9]
   [-9 -9]
   [-9 -9]
   [-9 -9]
   [-9 -9]
   [-9 -9]
   [-9 -9]
   [-9 -9]
   [-9 -9]
   [-9 -9]
   [-9 -9]
   [-9 -9]
   [-9 -9]
   [-9 -9]
   [-9 -9]
   [-9 -9]
   [-9 -9]
   [-9 -9]
   [-9 -9]
   [-9 -9]
   [-9 -9]]

  [[-9 -9]
   [ 0  0]
   [-9 -9]
   [-9 -9]
   [-9 -9]
   [-9 -9]
   [-9 -9]
   [-9 -9]
   [-9 -9]
   [-9 -9]
   [-9 -9]
   [-9 -9]
   [-9 -9]
   [-9 -9]
   [-9 -9]
   [-9 -9]
   [-9 -9]
   [-9 -9]
   [-9 -9]
   [-9 -9]
   [-9 -9]
   [-9 -9]
   [-9 -9]
   [-9 -9]
   [-9 -9]
   [-9 -9]
   [-9 -9]
   [-9 -9]
   [-9 -9]
   [-9 -9]
   [-9 -9]
   [-9 -9]
   [-9 -9]
   [-9 -9]
   [-9 -9]
   [-9 -9]
   [-9 -9]
   [-9 -9]
   [-9 -9]
   [-9 -9]
   [-9 -9]
   [-9 -9]
   [-9 -9]
   [-9 -9]
   [-9 -9]
   [-9 -9]
   [-9 -9]
   [-9 -9]
   [-9 -9]
   [-9 -9]
   [-9 -9]
   [-9 -9]
   [-9 -9]
   [-9 -9]]

  [[-9 -9]
   [-9 -9]
   [-9 -9]
   [-9 -9]
   [-9 -9]
   [-9 -9]
   [-9 -9]
   [-9 -9]
   [-9 -9]
   [-9 -9]
   [-9 -9]
   [-9 -9]
   [-9 -9]
   [-9 -9]
   [-9 -9]
   [-9 -9]
   [-9 -9]
   [-9 -9]
   [-9 -9]
   [-9 -9]
   [-9 -9]
   [-9 -9]
   [-9 -9]
   [-9 -9]
   [-9 -9]
   [-9 -9]
   [-9 -9]
   [-9 -9]
   [-9 -9]
   [-9 -9]
   [-9 -9]
   [-9 -9]
   [-9 -9]
   [-9 -9]
   [-9 -9]
   [-9 -9]
   [-9 -9]
   [-9 -9]
   [-9 -9]
   [-9 -9]
   [-9 -9]
   [-9 -9]
   [-9 -9]
   [-9 -9]
   [-9 -9]
   [-9 -9]
   [-9 -9]
   [-9 -9]
   [-9 -9]
   [-9 -9]
   [-9 -9]
   [-9 -9]
   [-9 -9]
   [ 0  0]]

  [[-9 -9]
   [-9 -9]
   [-9 -9]
   [-9 -9]
   [-9 -9]
   [-9 -9]
   [-9 -9]
   [-9 -9]
   [-9 -9]
   [-9 -9]
   [-9 -9]
   [-9 -9]
   [-9 -9]
   [-9 -9]
   [-9 -9]
   [-9 -9]
   [-9 -9]
   [-9 -9]
   [-9 -9]
   [-9 -9]
   [-9 -9]
   [-9 -9]
   [-9 -9]
   [-9 -9]
   [-9 -9]
   [-9 -9]
   [-9 -9]
   [-9 -9]
   [-9 -9]
   [-9 -9]
   [-9 -9]
   [-9 -9]
   [-9 -9]
   [-9 -9]
   [-9 -9]
   [-9 -9]
   [-9 -9]
   [-9 -9]
   [-9 -9]
   [-9 -9]
   [-9 -9]
   [-9 -9]
   [-9 -9]
   [-9 -9]
   [-9 -9]
   [-9 -9]
   [-9 -9]
   [-9 -9]
   [-9 -9]
   [-9 -9]
   [-9 -9]
   [-9 -9]
   [-9 -9]
   [ 0  0]]

  [[-9 -9]
   [-9 -9]
   [-9 -9]
   [-9 -9]
   [-9 -9]
   [-9 -9]
   [-9 -9]
   [-9 -9]
   [-9 -9]
   [-9 -9]
   [-9 -9]
   [-9 -9]
   [-9 -9]
   [-9 -9]
   [-9 -9]
   [-9 -9]
   [-9 -9]
   [-9 -9]
   [-9 -9]
   [-9 -9]
   [-9 -9]
   [-9 -9]
   [-9 -9]
   [-9 -9]
   [-9 -9]
   [-9 -9]
   [-9 -9]
   [-9 -9]
   [-9 -9]
   [-9 -9]
   [-9 -9]
   [-9 -9]
   [-9 -9]
   [-9 -9]
   [-9 -9]
   [-9 -9]
   [-9 -9]
   [-9 -9]
   [-9 -9]
   [-9 -9]
   [-9 -9]
   [-9 -9]
   [-9 -9]
   [-9 -9]
   [-9 -9]
   [-9 -9]
   [-9 -9]
   [-9 -9]
   [-9 -9]
   [-9 -9]
   [-9 -9]
   [-9 -9]
   [-9 -9]
   [ 0  0]]

  [[-9 -9]
   [-9 -9]
   [-9 -9]
   [-9 -9]
   [-9 -9]
   [-9 -9]
   [-9 -9]
   [-9 -9]
   [-9 -9]
   [-9 -9]
   [-9 -9]
   [-9 -9]
   [-9 -9]
   [-9 -9]
   [-9 -9]
   [-9 -9]
   [-9 -9]
   [-9 -9]
   [-9 -9]
   [-9 -9]
   [-9 -9]
   [-9 -9]
   [-9 -9]
   [-9 -9]
   [-9 -9]
   [-9 -9]
   [-9 -9]
   [-9 -9]
   [-9 -9]
   [-9 -9]
   [-9 -9]
   [-9 -9]
   [-9 -9]
   [-9 -9]
   [-9 -9]
   [-9 -9]
   [-9 -9]
   [-9 -9]
   [-9 -9]
   [-9 -9]
   [-9 -9]
   [-9 -9]
   [-9 -9]
   [-9 -9]
   [-9 -9]
   [-9 -9]
   [-9 -9]
   [-9 -9]
   [-9 -9]
   [-9 -9]
   [-9 -9]
   [-9 -9]
   [-9 -9]
   [ 0  0]]]]
output t
[[-4.74151   -8.367368  -8.583462  -8.121136  -8.315248  -8.269554
  -8.366025  -4.5411854 -8.316915  -8.672731  -8.3514    -8.25724
  -8.730818  -4.684892  -8.306659  -8.192538  -3.9494226 -8.63079
  -8.467602  -5.257959  -9.013541  -5.223973  -8.135329  -5.421386
  -8.058141  -4.98897   -8.564894  -1.949594  -8.269037  -8.267593
  -8.3884945 -8.279924  -8.376047  -6.141204  -8.272653  -8.516197
  -8.294499  -8.481522  -8.516448  -2.2583063 -8.45549   -8.19054
  -5.8200746 -8.33291   -8.731655  -2.187736  -8.557025  -5.817741
  -8.172786  -2.2885942 -8.542889  -5.7997117 -8.688631  -8.4987   ]
 [-9.015405  -3.2375793 -9.062525  -9.155583  -9.395706  -9.1669655
  -9.511915  -8.853613  -3.3156428 -9.234016  -9.030104  -9.01781
  -9.009966  -9.571723  -9.240306  -8.913698  -9.339481  -8.797214
  -9.269314  -9.2873    -8.827043  -8.949379  -9.126499  -9.047525
  -9.075402  -8.812387  -8.832166  -8.708696  -2.4749317 -9.225639
  -8.94299   -9.395198  -8.753787  -9.155661  -4.4722247 -9.140814
  -8.803772  -9.010101  -8.863199  -9.199843  -8.806496  -9.089581
  -9.418319  -9.08642   -9.027089  -9.3314295 -8.794165  -8.98645
  -9.070394  -8.792088  -8.845127  -9.187227  -8.999901  -8.769774 ]
 [-8.35961   -8.362463  -1.6768522 -8.655066  -8.239071  -8.207647
  -8.800414  -8.487522  -8.503428  -1.7129104 -8.420027  -8.323903
  -8.285635  -8.220603  -1.6900067 -8.592909  -8.208408  -1.70634
  -8.648271  -8.802308  -8.163474  -8.261776  -8.624071  -8.502499
  -8.408994  -8.511435  -8.490082  -8.402325  -8.617362  -2.9680896
  -8.450411  -8.2486    -8.40082   -8.478216  -8.403962  -4.1500406
  -8.392448  -8.235123  -8.437294  -8.665315  -3.0227346 -8.763599
  -8.468118  -4.2199655 -8.261414  -8.501078  -8.680104  -8.270965
  -8.349556  -8.35238   -8.471194  -8.189038  -8.471004  -8.727247 ]
 [-8.495668  -8.760129  -8.66136   -1.2985362 -8.570175  -8.790291
  -8.483539  -8.443584  -8.61233   -8.663519  -1.2982519 -8.496067
  -8.788459  -8.960611  -8.770931  -8.753941  -8.951681  -8.953427
  -8.678673  -8.528394  -8.710162  -8.809898  -8.448386  -8.871618
  -8.694947  -8.885761  -8.936878  -8.591225  -8.856655  -8.690527
  -5.1860147 -8.580738  -8.927653  -8.85959   -8.813251  -8.986385
  -2.0084352 -8.814184  -8.920347  -9.048715  -8.992436  -8.8156595
  -9.018422  -8.901212  -9.128677  -8.954806  -8.571959  -8.6728735
  -9.113874  -8.675198  -8.679863  -8.494845  -8.674196  -8.937677 ]
 [-7.610883  -7.8536754 -7.485269  -7.470125  -2.685195  -7.7475085
  -8.155581  -8.689791  -7.709365  -8.424869  -7.8516564 -2.6746087
  -8.593976  -7.901623  -7.8513412 -2.7696111 -7.6608815 -8.187835
  -2.709973  -7.9835453 -2.7708566 -7.6627226 -2.824314  -8.0754595
  -2.7925086 -8.297346  -2.753139  -8.016323  -7.93043   -7.8273726
  -7.407658  -1.5626051 -8.209868  -7.4776    -7.8159075 -7.9280014
  -8.26039   -4.7520533 -8.090013  -7.914784  -7.625453  -1.5564623
  -7.822381  -7.959664  -4.473072  -7.601302  -1.5446689 -8.138308
  -4.90707   -7.9387474 -1.5828233 -7.5639896 -4.744505  -7.7673674]
 [-9.335946  -9.242645  -9.076625  -8.992636  -9.014281  -2.1350617
  -9.236204  -9.2015295 -9.181508  -9.18166   -9.22215   -8.997157
  -2.1343997 -9.1954775 -9.083916  -9.098171  -9.123589  -9.02336
  -9.214598  -9.081757  -9.094859  -9.036728  -9.203398  -9.27246
  -9.269375  -8.879987  -8.969326  -9.268267  -9.041117  -9.3705015
  -8.977459  -9.247209  -4.3820343 -9.009201  -9.365121  -9.280968
  -9.061277  -9.29453   -3.70066   -9.078863  -9.173424  -9.334369
  -9.161628  -9.01729   -9.260374  -9.076106  -9.374636  -9.188164
  -8.900072  -9.372094  -9.279402  -9.620746  -9.052989  -8.973562 ]]

=========================
Layer 0 encoder
z
[[-0.6931472 -0.6931472]
 [-0.6931472 -0.6931472]]

u
[[[-0.6931472 -0.6931472]
  [-0.6931472 -0.6931472]]

 [[-0.6931472 -0.6931472]
  [-0.6931472 -0.6931472]]]

v
[[-0.6931472 -0.6931472]
 [-0.6931472 -0.6931472]]

y_categorical
[[-0.6931472 -0.6931472]]

y_bernoulli
[[-0.6931472 -0.6931472]
 [-0.6931472 -0.6931472]]

rho_categorical
[[-5.9014888e+00 -1.2157105e+00]
 [-8.1140127e+00  8.3947700e-04]
 [-5.1850901e+00 -3.4669046e+00]
 [-3.6842570e+00 -3.9369175e+00]
 [-4.0387273e+00 -1.6915075e+00]
 [-5.3727455e+00 -3.7898512e+00]]

x_categorical
[[-8.023298  -3.6361935]]

x_bernoulli
[[-0.01235999 -4.399475  ]
 [-4.3994646  -0.01235986]]

z_prime
[[-0.6931472 -0.6931472]
 [-0.6931472 -0.6931472]]

=========================
Layer 1 encoder
z
[[-0.6931472 -0.6931472]
 [-0.6931472 -0.6931472]]

u
[[[-0.6931472 -0.6931472]
  [-0.6931472 -0.6931472]]

 [[-0.6931472 -0.6931472]
  [-0.6931472 -0.6931472]]]

v
[[-0.6931472 -0.6931472]
 [-0.6931472 -0.6931472]]

y_categorical
[[-0.6931472 -0.6931472]]

y_bernoulli
[[-0.6931472 -0.6931472]
 [-0.6931472 -0.6931472]]

rho_categorical
[[-4.2566476e+00 -1.7150530e-01]
 [-4.6848221e+00  8.8878698e-04]
 [-3.6785824e+00 -2.7921684e+00]
 [-6.1934633e+00 -4.7100439e+00]
 [-3.3694794e+00 -2.5550947e+00]
 [-3.6478992e+00 -2.5507004e+00]]

x_categorical
[[-6.137284 -4.23891 ]]

x_bernoulli
[[-0.1395985  -2.0379732 ]
 [-2.037972   -0.13959837]]

z_prime
[[-0.6931472 -0.6931472]
 [-0.6931472 -0.6931472]]

=========================
Layer 2 encoder
z
[[-0.6931472 -0.6931472]
 [-0.6931472 -0.6931472]]

u
[[[-0.6931472 -0.6931472]
  [-0.6931472 -0.6931472]]

 [[-0.6931472 -0.6931472]
  [-0.6931472 -0.6931472]]]

v
[[-0.6931472 -0.6931472]
 [-0.6931472 -0.6931472]]

y_categorical
[[-0.6931472 -0.6931472]]

y_bernoulli
[[-0.6931472 -0.6931472]
 [-0.6931472 -0.6931472]]

rho_categorical
[[-1.20012152e+00 -4.40631485e+00]
 [-4.62074947e+00 -8.12441409e-01]
 [-3.19875216e+00 -4.75273180e+00]
 [-3.42864275e+00  1.14553564e-04]
 [-2.28103065e+00 -4.28851175e+00]
 [-2.32916856e+00 -4.30132914e+00]]

x_categorical
[[-4.4225807  -0.82116735]]

x_bernoulli
[[-0.02691953 -3.6283345 ]
 [-3.6283329  -0.02691948]]

z_prime
[[-0.6931472 -0.6931472]
 [-0.6931472 -0.6931472]]

=========================
Layer 3 encoder
z
[[-0.6931472 -0.6931472]
 [-0.6931472 -0.6931472]]

u
[[[-0.6931472 -0.6931472]
  [-0.6931472 -0.6931472]]

 [[-0.6931472 -0.6931472]
  [-0.6931472 -0.6931472]]]

v
[[-0.6931472 -0.6931472]
 [-0.6931472 -0.6931472]]

y_categorical
[[-0.6931472 -0.6931472]]

y_bernoulli
[[-0.6931472 -0.6931472]
 [-0.6931472 -0.6931472]]

rho_categorical
[[-3.1763012  -0.93181753]
 [-6.7357936  -0.8363643 ]
 [-3.7317078  -0.77314657]
 [-5.715955   -1.0369772 ]
 [-4.8404484  -0.9093144 ]
 [-4.499846   -1.615749  ]]

x_categorical
[[-6.723765  -1.5920477]]

x_bernoulli
[[-0.00588902 -5.1376023 ]
 [-5.137606   -0.00588906]]

z_prime
[[-0.6931472 -0.6931472]
 [-0.6931472 -0.6931472]]

=========================
Layer 4 encoder
z
[[-0.6931472 -0.6931472]
 [-0.6931472 -0.6931472]]

u
[[[-0.6931472 -0.6931472]
  [-0.6931472 -0.6931472]]

 [[-0.6931472 -0.6931472]
  [-0.6931472 -0.6931472]]]

v
[[-0.6931472 -0.6931472]
 [-0.6931472 -0.6931472]]

y_categorical
[[-0.6931472 -0.6931472]]

y_bernoulli
[[-0.6931472 -0.6931472]
 [-0.6931472 -0.6931472]]

rho_categorical
[[-1.3015792 -2.9356165]
 [-0.6207461 -2.5147848]
 [-2.7519004 -1.3960909]
 [-2.602068  -1.4107578]
 [-2.2760189 -0.8164413]
 [-2.0273302 -1.1065962]]

x_categorical
[[-1.158019  -1.5756028]]

x_bernoulli
[[-0.9235795  -0.50599575]
 [-0.50599575 -0.9235796 ]]

z_prime
[[-0.92357945 -0.50599575]
 [-0.50599575 -0.9235796 ]]

=========================
Layer 5 encoder
z
[[-0.92357945 -0.50599575]
 [-0.50599575 -0.9235796 ]]

u
[[[-0.92357945 -0.92357945]
  [-0.50599575 -0.50599575]]

 [[-0.50599575 -0.50599575]
  [-0.9235796  -0.9235796 ]]]

v
[[-0.50599575 -0.50599575]
 [-0.9235796  -0.9235796 ]]

y_categorical
[[-0.92280936 -0.5062057 ]]

y_bernoulli
[[-0.5063851 -0.9229888]
 [-0.9229888 -0.5063851]]

rho_categorical
[[-1.8183340e+00 -5.2611452e-01]
 [-3.8331249e+00 -2.3851823e-03]
 [-1.6697669e+00 -5.8486027e-01]
 [-2.5536101e+00 -2.2985978e-01]
 [-2.0070286e+00 -3.2666561e-01]
 [-2.0770047e+00 -6.6542067e-02]]

x_categorical
[[-3.1781528  -0.13759327]]

x_bernoulli
[[-0.04670051 -3.0872593 ]
 [-3.08726    -0.04670052]]

z_prime
[[-0.0310325 -3.488195 ]
 [-3.4881957 -0.0310325]]

====================
Layer 5 decoder
x_bernoulli
[[-0.020567  -3.8943334]
 [-3.8943338 -0.020567 ]]

y_bernoulli
[[-1.5057921e-03 -6.4992270e+00]
 [-6.4992285e+00 -1.5057921e-03]]

x_categorical
[[-3.8943338  -0.02056701]]

y_categorical
[[-6.4992285e+00 -1.5057904e-03]]

v
[[-10.459421    -0.16565016]
 [ -6.5184717   -1.8894643 ]]

rho_categorical
[[ -3.8984334  -2.0272048]
 [-11.400696   -6.399863 ]
 [-10.48732    -5.4768777]
 [-11.915406   -6.3071194]
 [-10.842037   -0.1895728]
 [-10.927298   -4.3458886]]

t_categorical
[[[ -6.2131453  -8.354194 ]
  [-13.194801   -8.802479 ]
  [-12.572877   -9.702888 ]
  [-13.032495   -8.971722 ]
  [-13.165299   -8.862397 ]
  [-12.698829   -9.402967 ]
  [-12.694167   -9.414442 ]
  [ -6.2491646  -8.152878 ]
  [-13.060092   -8.846584 ]
  [-12.49315    -9.893073 ]
  [-13.2153     -8.784755 ]
  [-12.694446   -9.450158 ]
  [-12.574719   -9.6284485]
  [ -6.2141027  -7.9634447]
  [-13.022165   -8.944683 ]
  [-13.081352   -8.792591 ]
  [ -6.403014   -7.504298 ]
  [-12.510708   -9.9025755]
  [-12.563022   -9.718113 ]
  [ -6.1513653  -8.527743 ]
  [-12.464972   -9.949162 ]
  [ -6.159793   -8.622696 ]
  [-12.98723    -8.976965 ]
  [ -6.1401687  -9.136431 ]
  [-13.245691   -8.711592 ]
  [ -6.178198   -8.212899 ]
  [-12.458343  -10.193862 ]
  [-11.287542   -2.5784888]
  [-12.722397   -9.315724 ]
  [-12.893458   -9.057796 ]
  [-12.6018095  -9.615831 ]
  [-13.111027   -8.830563 ]
  [-13.056231   -8.799979 ]
  [ -6.867383   -9.396799 ]
  [-12.761728   -9.338503 ]
  [-12.965343   -8.971783 ]
  [-12.750811   -9.279546 ]
  [-12.622909   -9.539603 ]
  [-12.945025   -9.035886 ]
  [-11.239976   -4.3395586]
  [-12.651752   -9.501836 ]
  [-12.890402   -9.17764  ]
  [ -6.9077473  -8.613605 ]
  [-13.001729   -9.006056 ]
  [-12.575991   -9.621579 ]
  [-11.5911045  -3.6682193]
  [-12.806376   -9.173079 ]
  [ -6.9158707  -9.482543 ]
  [-13.04051    -8.754982 ]
  [-10.652911   -4.5420313]
  [-12.610616   -9.621967 ]
  [ -6.8963947  -8.307883 ]
  [-12.773914   -9.137459 ]
  [-12.532829   -9.782544 ]]

 [[-16.16024   -11.043911 ]
  [-13.634019   -9.640397 ]
  [-15.731155  -11.624631 ]
  [-16.121206  -11.299646 ]
  [-17.109133  -10.632692 ]
  [-15.923903  -11.580568 ]
  [-16.665257  -10.545633 ]
  [-16.518053  -10.809597 ]
  [-13.623784   -9.580317 ]
  [-15.733891  -12.320471 ]
  [-16.25418   -11.100231 ]
  [-15.681489  -11.685175 ]
  [-16.741905  -10.651356 ]
  [-15.949436  -11.339464 ]
  [-16.107399  -11.067738 ]
  [-15.8562155 -11.280458 ]
  [-16.4911    -10.644232 ]
  [-15.724087  -11.393092 ]
  [-16.07635   -11.220654 ]
  [-16.102438  -11.349367 ]
  [-16.330105  -10.997406 ]
  [-16.377085  -10.947233 ]
  [-16.326603  -10.8115635]
  [-16.161015  -11.09757  ]
  [-15.92024   -11.437054 ]
  [-15.929646  -11.147682 ]
  [-16.344995  -10.740456 ]
  [-16.370546  -10.81443  ]
  [-14.053532   -7.303365 ]
  [-17.342302  -10.428097 ]
  [-16.110556  -11.133667 ]
  [-16.605038  -10.8318405]
  [-16.576582  -10.770082 ]
  [-16.016502  -11.097893 ]
  [-12.587083  -10.805401 ]
  [-16.245281  -11.001341 ]
  [-16.65004   -10.746085 ]
  [-16.354504  -10.945488 ]
  [-15.906019  -11.452288 ]
  [-16.1456    -11.024479 ]
  [-16.449959  -10.886848 ]
  [-16.548525  -10.905131 ]
  [-16.942806  -10.655173 ]
  [-15.739948  -11.608951 ]
  [-15.955434  -11.484847 ]
  [-16.993965  -10.507321 ]
  [-16.169945  -11.022718 ]
  [-16.667557  -10.863112 ]
  [-16.154558  -11.103454 ]
  [-16.974915  -10.699486 ]
  [-15.736448  -11.542299 ]
  [-16.59903   -10.63879  ]
  [-15.776296  -11.430571 ]
  [-16.65422   -10.806208 ]]

 [[-16.206083  -11.046468 ]
  [-15.859739  -11.593406 ]
  [-11.595596  -10.625336 ]
  [-16.247362  -10.963414 ]
  [-16.52455   -10.929245 ]
  [-17.03914   -10.636572 ]
  [-16.104416  -11.016066 ]
  [-16.230274  -10.936101 ]
  [-16.56395   -10.780432 ]
  [-11.990525  -10.418964 ]
  [-15.798372  -11.623852 ]
  [-17.501408  -10.5540905]
  [-16.9916    -10.645955 ]
  [-16.253521  -11.083598 ]
  [-13.033265   -9.392675 ]
  [-15.892326  -11.504616 ]
  [-16.313734  -10.972997 ]
  [-12.690483   -9.343432 ]
  [-16.097757  -11.145486 ]
  [-15.8212595 -11.261548 ]
  [-16.200653  -11.13953  ]
  [-15.89889   -11.430235 ]
  [-16.273739  -11.054274 ]
  [-17.112717  -10.637675 ]
  [-15.937695  -11.233925 ]
  [-15.827112  -11.592312 ]
  [-16.683125  -10.757746 ]
  [-16.900215  -10.698326 ]
  [-16.733631  -10.739452 ]
  [-14.597884   -6.224039 ]
  [-17.025673  -10.638795 ]
  [-16.233719  -11.128811 ]
  [-15.976324  -11.163694 ]
  [-16.255201  -10.9911785]
  [-16.232882  -11.002771 ]
  [-14.286041   -9.761965 ]
  [-15.846328  -11.694945 ]
  [-16.631243  -10.797806 ]
  [-16.053185  -11.25714  ]
  [-16.776455  -10.700489 ]
  [-14.772073   -6.7874827]
  [-15.781991  -11.761772 ]
  [-15.930088  -11.517994 ]
  [-13.291854  -10.265327 ]
  [-16.018328  -11.381574 ]
  [-17.066738  -10.6039295]
  [-15.790764  -11.420914 ]
  [-16.322113  -10.988393 ]
  [-16.32302   -10.996532 ]
  [-16.066946  -11.177907 ]
  [-16.82849   -10.657509 ]
  [-15.915963  -11.610639 ]
  [-16.187622  -11.123132 ]
  [-16.814777  -10.63802  ]]

 [[-16.917982  -10.069282 ]
  [-16.476805  -10.044626 ]
  [-16.723015  -10.650898 ]
  [-13.56391   -10.166964 ]
  [-16.572903  -10.720476 ]
  [-16.760946  -10.036871 ]
  [-16.68125   -10.09945  ]
  [-17.185322  -10.199686 ]
  [-16.811327  -10.244385 ]
  [-17.031263  -10.147742 ]
  [-14.294508   -9.380935 ]
  [-16.640926  -10.741333 ]
  [-16.479317  -10.815115 ]
  [-16.134823  -11.315178 ]
  [-16.557232  -10.581538 ]
  [-17.05458    -9.975843 ]
  [-16.44949   -10.69491  ]
  [-16.553839  -10.306661 ]
  [-16.234535  -11.463846 ]
  [-16.761816  -10.201914 ]
  [-16.958866  -10.05968  ]
  [-16.150688  -10.2313175]
  [-16.989693  -10.141069 ]
  [-16.249737  -10.640898 ]
  [-16.56784   -10.531311 ]
  [-16.5805    -10.506312 ]
  [-16.176674  -10.489949 ]
  [-16.909702  -10.518865 ]
  [-16.577827  -10.636377 ]
  [-17.055534  -10.0605545]
  [-14.416677   -8.291638 ]
  [-16.866646  -10.179771 ]
  [-16.374886  -10.690665 ]
  [-16.654436  -10.657999 ]
  [-16.558826  -10.422481 ]
  [-16.055752  -11.459658 ]
  [-13.992557   -9.916264 ]
  [-17.095116  -10.418226 ]
  [-16.085018  -11.213697 ]
  [-16.106447  -11.143679 ]
  [-16.311005  -10.672363 ]
  [-16.372478  -10.712826 ]
  [-16.1594    -10.93362  ]
  [-16.47808   -10.705822 ]
  [-16.157787  -10.873003 ]
  [-16.8634    -10.428543 ]
  [-16.851688  -10.318125 ]
  [-16.66079    -9.893917 ]
  [-15.952463  -11.400567 ]
  [-16.283203  -11.13936  ]
  [-16.295918  -11.204632 ]
  [-16.542156  -10.339396 ]
  [-16.777304  -10.06153  ]
  [-16.059856  -11.457596 ]]

 [[-17.278008   -7.8800406]
  [-16.859238   -8.088469 ]
  [-17.81263    -7.6914673]
  [-17.747252   -7.6846547]
  [-12.777491   -7.426421 ]
  [-17.045166   -8.086333 ]
  [-16.52435    -8.595101 ]
  [-16.249004   -9.396854 ]
  [-17.086704   -7.9642005]
  [-16.369186   -8.880297 ]
  [-16.895481   -8.1835165]
  [-13.740289   -6.8777895]
  [-16.231873   -9.218272 ]
  [-16.873222   -8.2329645]
  [-16.851025   -8.19638  ]
  [-12.991299   -7.1585827]
  [-17.051956   -7.86193  ]
  [-16.527317   -8.756032 ]
  [-12.697839   -7.496241 ]
  [-16.749868   -8.435238 ]
  [-13.216997   -7.187728 ]
  [-17.217154   -7.9415574]
  [-13.832682   -6.8441143]
  [-16.544933   -8.538868 ]
  [-13.375519   -6.959117 ]
  [-16.516022   -8.95127  ]
  [-13.315386   -7.00084  ]
  [-16.667019   -8.395941 ]
  [-16.724945   -8.301702 ]
  [-16.97377    -8.101133 ]
  [-18.129303   -7.640006 ]
  [-16.154106   -1.6061095]
  [-16.421356   -8.707615 ]
  [-17.815239   -7.708894 ]
  [-16.937094   -8.145402 ]
  [-16.740393   -8.393425 ]
  [-16.519844   -8.777146 ]
  [-15.485711   -7.0794735]
  [-16.582716   -8.453528 ]
  [-16.75217    -8.233718 ]
  [-17.310513   -7.8592587]
  [-15.995795   -1.6052376]
  [-16.810987   -8.0916195]
  [-16.67252    -8.3138275]
  [-14.254225   -7.170544 ]
  [-17.353163   -7.8628173]
  [-16.576492   -1.5769296]
  [-16.474897   -8.459367 ]
  [-14.154499   -8.296681 ]
  [-16.713074   -8.364466 ]
  [-15.887905   -1.6115476]
  [-17.457825   -7.8046823]
  [-14.527977   -7.4462647]
  [-17.010525   -8.078486 ]]

 [[-15.409887  -10.28437  ]
  [-15.465012  -10.235288 ]
  [-16.277351   -9.730003 ]
  [-16.091787   -9.823254 ]
  [-16.645168   -9.62425  ]
  [-12.266864   -9.107512 ]
  [-15.576088  -10.136356 ]
  [-15.733222   -9.99761  ]
  [-15.406354  -10.232697 ]
  [-15.537443  -10.20779  ]
  [-15.3542185 -10.553625 ]
  [-16.408756   -9.727228 ]
  [-12.853803   -8.427235 ]
  [-15.909433   -9.925115 ]
  [-15.796595   -9.91872  ]
  [-15.840445   -9.921277 ]
  [-15.803273   -9.962416 ]
  [-16.505419   -9.6613655]
  [-15.738548   -9.982248 ]
  [-16.358463   -9.712099 ]
  [-15.581261  -10.119158 ]
  [-16.129524   -9.78393  ]
  [-15.552847  -10.199835 ]
  [-15.494896  -10.307043 ]
  [-15.545404  -10.236891 ]
  [-16.692568   -9.660364 ]
  [-16.250889   -9.756275 ]
  [-15.349617  -10.357582 ]
  [-16.570827   -9.65904  ]
  [-15.495861  -10.271955 ]
  [-15.922683   -9.88876  ]
  [-15.705125   -9.9962   ]
  [-14.710829   -4.5760646]
  [-15.829554   -9.963894 ]
  [-15.293821  -10.570089 ]
  [-15.084263  -10.683615 ]
  [-15.880043   -9.915733 ]
  [-15.439138  -10.347183 ]
  [-12.84602    -8.98509  ]
  [-15.7842455  -9.923454 ]
  [-15.831345   -9.94099  ]
  [-15.336214  -10.499838 ]
  [-15.487213  -10.32568  ]
  [-16.139359   -9.805019 ]
  [-15.309091  -10.44528  ]
  [-15.7094345  -9.9475975]
  [-15.221584  -10.350261 ]
  [-15.676363  -10.057905 ]
  [-16.58773    -9.640218 ]
  [-15.334147  -10.444649 ]
  [-15.33853   -10.50356  ]
  [-15.100893  -11.123331 ]
  [-16.226524   -9.732628 ]
  [-16.599844   -9.674694 ]]]

u
[[[  2.4388123    0.153279  ]
  [  2.0173628    1.0610712 ]]

 [[-10.459421    -0.16565016]
  [ -6.5184717   -1.8894643 ]]]

z
[[ 0.37381873  2.1405656 ]
 [ 0.62618124 -1.1405656 ]]

====================
Layer 4 decoder
x_bernoulli
[[-0.82726824 -0.03689659]
 [-0.57490575 -3.318028  ]]

y_bernoulli
[[-1.083205   -0.02445388]
 [-0.41325867 -3.7231688 ]]

x_categorical
[[-0.57490575 -3.318028  ]]

y_categorical
[[-0.4132587 -3.7231688]]

v
[[-2.0766532  -3.7760856 ]
 [-0.62335604 -6.6885476 ]]

rho_categorical
[[ -1.0711792 -11.328678 ]
 [ -2.4784946  -3.3243022]
 [ -2.298216  -11.373655 ]
 [ -6.1646132 -12.078232 ]
 [ -3.4292517  -8.623741 ]
 [ -6.62061   -10.948616 ]]

t_categorical
[[[ -7.9656982 -14.1620655]
  [ -9.892335  -16.071947 ]
  [ -9.236266  -16.635666 ]
  [ -8.849593  -17.07911  ]
  [ -9.564586  -16.243162 ]
  [ -8.789689  -17.348663 ]
  [ -8.97258   -16.930325 ]
  [ -8.7235365 -13.553307 ]
  [ -9.452641  -16.242863 ]
  [ -9.186308  -16.679028 ]
  [ -9.875598  -16.068375 ]
  [ -8.792144  -17.35359  ]
  [ -9.527798  -16.412136 ]
  [ -7.488882  -14.843135 ]
  [ -9.295371  -16.427906 ]
  [ -9.186602  -16.398186 ]
  [ -8.925818  -13.285186 ]
  [ -9.21166   -16.667356 ]
  [ -8.977779  -16.951027 ]
  [ -7.6156282 -14.841181 ]
  [ -9.927661  -16.26572  ]
  [ -8.619741  -13.658392 ]
  [ -8.837619  -17.095345 ]
  [ -7.5885324 -14.686125 ]
  [ -9.020072  -16.538557 ]
  [ -7.7869844 -14.456286 ]
  [ -9.053403  -16.867405 ]
  [ -2.7124643 -15.248543 ]
  [ -8.798144  -17.293385 ]
  [ -9.009031  -16.777199 ]
  [ -8.891105  -17.104404 ]
  [ -9.406819  -16.270363 ]
  [ -9.735441  -16.080296 ]
  [ -8.505759  -14.30261  ]
  [ -8.892403  -17.090187 ]
  [ -9.985312  -16.132349 ]
  [ -8.882351  -17.074514 ]
  [ -9.079949  -16.780735 ]
  [-10.020467  -16.169674 ]
  [ -2.3922713 -16.751417 ]
  [ -9.093249  -16.768194 ]
  [ -8.873804  -17.112537 ]
  [ -8.459124  -14.252655 ]
  [ -9.337918  -16.441462 ]
  [ -9.505235  -16.42255  ]
  [ -2.4465194 -16.57386  ]
  [ -9.643441  -16.297228 ]
  [ -8.003423  -15.067143 ]
  [ -9.148238  -16.385328 ]
  [ -2.4004354 -15.446569 ]
  [ -9.2620325 -16.61203  ]
  [ -8.781973  -13.861531 ]
  [ -9.989037  -16.149961 ]
  [ -8.964769  -16.969036 ]]

 [[ -9.497808  -12.41024  ]
  [ -8.004284   -4.2544804]
  [ -9.505057  -12.399706 ]
  [ -9.987263  -12.025141 ]
  [-10.657426  -11.767975 ]
  [ -9.812592  -12.134741 ]
  [-10.800676  -11.725304 ]
  [ -9.383995  -12.601398 ]
  [ -8.177049   -4.24643  ]
  [ -9.943216  -12.042273 ]
  [ -9.674948  -12.258316 ]
  [ -9.460481  -12.489162 ]
  [ -9.709439  -12.176325 ]
  [-10.430781  -11.805824 ]
  [ -9.78912   -12.091871 ]
  [ -9.405906  -12.562792 ]
  [-10.155684  -11.889767 ]
  [ -9.322159  -12.803131 ]
  [-10.15979   -11.916641 ]
  [-10.147887  -11.938204 ]
  [ -9.447413  -12.588158 ]
  [ -9.533312  -12.404612 ]
  [ -9.721571  -12.139605 ]
  [ -9.582346  -12.323751 ]
  [ -9.620299  -12.295088 ]
  [ -9.337681  -12.748411 ]
  [ -9.327742  -12.625376 ]
  [ -9.2829075 -12.879581 ]
  [ -2.526313  -11.277807 ]
  [-10.150442  -11.904659 ]
  [ -9.47797   -12.490446 ]
  [-10.854128  -11.735252 ]
  [ -9.300985  -12.786398 ]
  [ -9.735369  -12.123905 ]
  [ -8.844612   -4.929988 ]
  [ -9.863553  -12.070629 ]
  [ -9.387907  -12.6202545]
  [ -9.630645  -12.27747  ]
  [ -9.486778  -12.538212 ]
  [ -9.944368  -12.006964 ]
  [ -9.386177  -12.666758 ]
  [ -9.727703  -12.193466 ]
  [-10.219135  -11.876938 ]
  [ -9.520381  -12.369638 ]
  [ -9.721262  -12.220409 ]
  [-10.343461  -11.835476 ]
  [ -9.390792  -12.666071 ]
  [ -9.700397  -12.239351 ]
  [ -9.645512  -12.252478 ]
  [ -9.461979  -12.538662 ]
  [ -9.387508  -12.668726 ]
  [ -9.912818  -12.012007 ]
  [ -9.459654  -12.436279 ]
  [ -9.383228  -12.68614  ]]

 [[ -9.173988  -16.436832 ]
  [ -9.193775  -16.462427 ]
  [ -7.6344223 -13.667214 ]
  [-10.056855  -15.787212 ]
  [ -9.209709  -16.590557 ]
  [ -8.9618845 -16.92421  ]
  [-10.101435  -15.576824 ]
  [ -9.308929  -16.093317 ]
  [ -9.572277  -16.015594 ]
  [ -7.628463  -13.862349 ]
  [ -9.170333  -16.415873 ]
  [ -9.477624  -16.25658  ]
  [ -9.052187  -16.5706   ]
  [ -8.998872  -16.9126   ]
  [ -7.9078665 -13.306108 ]
  [ -9.724767  -15.97145  ]
  [ -8.897662  -17.140533 ]
  [ -7.5937786 -13.834346 ]
  [ -9.894746  -15.874236 ]
  [-10.011264  -15.586455 ]
  [ -8.856746  -17.446693 ]
  [ -8.924095  -16.98676  ]
  [-10.42443   -15.820086 ]
  [-10.027045  -15.897409 ]
  [ -9.124361  -16.378387 ]
  [ -9.337881  -16.233856 ]
  [ -9.698224  -16.021904 ]
  [ -9.369568  -16.258444 ]
  [-10.045759  -15.761088 ]
  [ -3.0311573 -15.642181 ]
  [ -9.562941  -16.091501 ]
  [ -9.113729  -16.69236  ]
  [ -9.097288  -16.399296 ]
  [ -9.462992  -16.099808 ]
  [ -9.303377  -16.26268  ]
  [ -8.564104  -13.642032 ]
  [ -9.277136  -16.391895 ]
  [ -9.050513  -16.729586 ]
  [ -9.377041  -16.253948 ]
  [-10.010198  -15.7675295]
  [ -3.0810075 -15.256981 ]
  [-10.223578  -15.774724 ]
  [ -9.578585  -16.12619  ]
  [ -8.150262  -13.945139 ]
  [ -9.041928  -16.803026 ]
  [ -9.512743  -15.947419 ]
  [ -9.699408  -15.783219 ]
  [ -9.101429  -16.6332   ]
  [ -9.163072  -16.524206 ]
  [ -9.077567  -16.590706 ]
  [ -9.311545  -16.119896 ]
  [ -8.938006  -17.142868 ]
  [ -9.595446  -16.083614 ]
  [-10.234644  -15.522583 ]]

 [[-10.386587  -17.395113 ]
  [-10.339766  -16.819698 ]
  [-10.937172  -16.880127 ]
  [ -9.419523  -14.063916 ]
  [-10.789362  -17.01952  ]
  [-10.534176  -16.61263  ]
  [-10.36441   -17.29376  ]
  [-10.687647  -17.127209 ]
  [-11.050997  -16.652283 ]
  [-10.663034  -16.948448 ]
  [ -9.523327  -14.050088 ]
  [-10.838071  -17.04008  ]
  [-11.095602  -16.660267 ]
  [-11.688879  -16.30436  ]
  [-10.682989  -16.975344 ]
  [-10.936821  -16.465197 ]
  [-11.077124  -16.437332 ]
  [-11.256609  -15.868841 ]
  [-11.019833  -16.8022   ]
  [-10.920378  -16.749058 ]
  [-10.428806  -17.147007 ]
  [-10.3398285 -16.640656 ]
  [-10.2747555 -17.953394 ]
  [-10.676434  -16.700523 ]
  [-10.920683  -16.746851 ]
  [-10.555668  -16.919394 ]
  [-10.712141  -16.259754 ]
  [-11.107687  -16.76441  ]
  [-11.982563  -16.276651 ]
  [-10.973226  -16.589222 ]
  [ -6.9841924 -15.293472 ]
  [-11.282633  -16.548775 ]
  [-10.489145  -17.21079  ]
  [-11.7002125 -16.348064 ]
  [-11.56004   -16.335625 ]
  [-10.639162  -16.97655  ]
  [ -9.666458  -13.964752 ]
  [-10.87734   -16.795757 ]
  [-10.836391  -16.618748 ]
  [-11.819332  -16.174423 ]
  [-10.986034  -16.334766 ]
  [-11.234428  -16.487995 ]
  [-11.005985  -16.371956 ]
  [-11.647705  -16.318104 ]
  [-11.774801  -15.828833 ]
  [-10.921023  -16.313032 ]
  [-10.837723  -16.87421  ]
  [-11.028547  -16.432262 ]
  [-10.981245  -16.310347 ]
  [-10.615663  -17.18     ]
  [-10.498335  -17.569784 ]
  [-10.671503  -16.932293 ]
  [-11.500318  -16.379913 ]
  [-10.928586  -16.593864 ]]

 [[-10.474516  -15.677479 ]
  [-11.300918  -14.941901 ]
  [-10.817698  -15.314896 ]
  [-10.188428  -16.38742  ]
  [ -9.447214  -10.783562 ]
  [-10.841681  -15.344595 ]
  [-10.514095  -15.510149 ]
  [-10.896714  -15.075772 ]
  [-10.586975  -15.476711 ]
  [-11.243104  -14.942917 ]
  [-10.840458  -15.299686 ]
  [ -9.046285  -11.855366 ]
  [-10.988138  -15.001362 ]
  [-11.472481  -15.032646 ]
  [-10.637025  -15.450411 ]
  [ -9.487731  -10.698934 ]
  [-10.533768  -15.353012 ]
  [-10.251274  -16.010704 ]
  [ -9.208208  -11.025213 ]
  [-10.728786  -15.4133215]
  [-10.689926  -10.453239 ]
  [-10.815756  -15.342296 ]
  [-10.037947  -10.605439 ]
  [-10.156719  -16.38121  ]
  [ -9.197284  -10.972872 ]
  [-10.715732  -15.383114 ]
  [ -9.687435  -11.00273  ]
  [-10.767813  -15.292805 ]
  [-10.314604  -15.91763  ]
  [-11.608219  -14.974557 ]
  [-10.649334  -15.51413  ]
  [ -4.7473993 -14.780873 ]
  [-10.321194  -15.795662 ]
  [-11.014933  -15.236566 ]
  [-10.711595  -15.409511 ]
  [-10.162102  -16.496964 ]
  [-10.938587  -15.1928625]
  [ -9.002963  -13.084194 ]
  [-10.67636   -15.320017 ]
  [-10.745523  -15.284819 ]
  [-10.871477  -15.246851 ]
  [ -4.620184  -14.551493 ]
  [-10.622796  -15.335539 ]
  [-10.417613  -15.668877 ]
  [ -9.772563  -11.828355 ]
  [-10.643513  -15.494034 ]
  [ -5.021619  -14.550963 ]
  [-10.823416  -15.10643  ]
  [ -9.082165  -13.727419 ]
  [-10.142504  -16.530388 ]
  [ -5.2088885 -14.08255  ]
  [-10.615816  -15.50474  ]
  [-10.529291  -12.145117 ]
  [-10.676968  -15.444609 ]]

 [[-11.400686  -14.827015 ]
  [-10.957888  -15.113922 ]
  [-12.107782  -14.3622   ]
  [-10.621422  -16.002502 ]
  [-11.236866  -15.097914 ]
  [ -9.417331  -13.974404 ]
  [-11.015005  -15.230362 ]
  [-11.031729  -15.165341 ]
  [-10.997616  -15.089652 ]
  [-10.628956  -15.7661295]
  [-10.453504  -15.863685 ]
  [-11.103102  -15.20546  ]
  [-10.354936  -12.794233 ]
  [-11.564709  -14.928685 ]
  [-11.13928   -14.937455 ]
  [-10.995632  -15.185501 ]
  [-11.115817  -15.167916 ]
  [-11.538155  -14.87285  ]
  [-11.45022   -14.790337 ]
  [-11.520923  -14.910164 ]
  [-10.590061  -15.86726  ]
  [-10.771107  -15.512215 ]
  [-10.81765   -15.338179 ]
  [-10.958852  -15.39622  ]
  [-11.082998  -15.232157 ]
  [-10.778751  -15.639584 ]
  [-10.52902   -16.374052 ]
  [-10.746193  -15.404691 ]
  [-11.728491  -14.883103 ]
  [-11.380337  -15.04607  ]
  [-10.417326  -16.177868 ]
  [-11.588118  -14.682627 ]
  [ -8.210415  -13.892807 ]
  [-10.45956   -16.28444  ]
  [-11.085972  -15.206739 ]
  [-10.492611  -16.07976  ]
  [-10.781235  -15.626094 ]
  [-10.955734  -15.371586 ]
  [ -9.493286  -14.250259 ]
  [-11.128859  -14.939562 ]
  [-11.413121  -14.997175 ]
  [-10.9860935 -15.268564 ]
  [-10.553787  -16.165148 ]
  [-10.863141  -15.476549 ]
  [-10.625626  -15.605945 ]
  [-10.731178  -15.141526 ]
  [-11.442797  -14.469649 ]
  [-10.949969  -15.356197 ]
  [-11.133623  -14.909487 ]
  [-11.383015  -14.904402 ]
  [-10.637789  -15.804422 ]
  [-11.166172  -15.061046 ]
  [-11.129837  -15.157357 ]
  [-10.857684  -15.488394 ]]]

u
[[[ 1.1238424   1.5636214 ]
  [ 0.4844957   2.039732  ]]

 [[-2.0766532  -3.7760856 ]
  [-0.62335604 -6.6885476 ]]]

z
[[ 1.757264    0.9882414 ]
 [-0.757264    0.01175863]]

====================
Layer 3 decoder
x_bernoulli
[[-0.07779515 -0.31964105]
 [-2.5923233  -1.2961237 ]]

y_bernoulli
[[-4.7767162e-04 -4.1707911e+00]
 [-7.6467228e+00 -1.5560525e-02]]

x_categorical
[[-2.592323  -1.2961237]]

y_categorical
[[-7.646723   -0.01556052]]

v
[[-7.759305  -2.9167325]
 [-9.886559  -0.0720873]]

rho_categorical
[[-5.9885244 -8.818362 ]
 [-7.4489346 -9.435344 ]
 [-3.7349882 -7.689826 ]
 [-8.217171  -8.947005 ]
 [-3.756383  -3.2494159]
 [-3.7195446 -1.4525284]]

t_categorical
[[[-11.974507  -10.545496 ]
  [-12.72242   -14.801757 ]
  [-12.654025  -15.262227 ]
  [-13.250568  -14.352969 ]
  [-12.860825  -14.660732 ]
  [-12.674295  -15.165352 ]
  [-13.709332  -14.3026705]
  [-12.329175  -11.070545 ]
  [-12.5888    -15.048643 ]
  [-12.647212  -15.274019 ]
  [-13.17396   -14.315083 ]
  [-13.779102  -14.294778 ]
  [-12.971978  -14.750618 ]
  [-11.455453  -10.792872 ]
  [-12.600101  -15.140829 ]
  [-13.060241  -14.288229 ]
  [-11.953038  -10.831329 ]
  [-12.745705  -15.093541 ]
  [-12.666316  -15.233984 ]
  [-11.550516  -11.128927 ]
  [-13.164207  -14.609844 ]
  [-11.785366  -11.874926 ]
  [-12.994685  -14.526215 ]
  [-11.453615  -11.367688 ]
  [-13.094181  -14.165551 ]
  [-11.966548  -11.551873 ]
  [-12.725547  -15.164015 ]
  [-10.866557  -13.695573 ]
  [-12.935267  -14.720031 ]
  [-13.6262    -14.204831 ]
  [-13.418201  -14.441289 ]
  [-12.542129  -15.179816 ]
  [-14.168955  -13.928312 ]
  [ -7.6748686 -14.380686 ]
  [-12.611445  -15.328372 ]
  [-13.615463  -14.234647 ]
  [-12.653234  -15.163554 ]
  [-13.111972  -14.615891 ]
  [-13.581778  -14.304703 ]
  [-10.691099  -14.252639 ]
  [-13.0553055 -14.667542 ]
  [-12.537647  -15.52311  ]
  [ -7.3118315 -14.416046 ]
  [-12.791423  -14.837444 ]
  [-12.557846  -15.482903 ]
  [-11.206683  -13.6145525]
  [-13.197202  -14.488306 ]
  [ -7.0085077 -15.537356 ]
  [-13.330219  -14.047846 ]
  [-10.715088  -13.9195795]
  [-13.128767  -14.635444 ]
  [ -8.327394  -13.715765 ]
  [-13.0341015 -14.578229 ]
  [-12.97801   -14.760786 ]]

 [[-13.507088  -13.7951565]
  [-11.539429  -10.610618 ]
  [-13.12719   -14.21464  ]
  [-13.490599  -14.148991 ]
  [-13.057885  -14.690445 ]
  [-13.133334  -14.444411 ]
  [-12.982511  -14.785543 ]
  [-13.230795  -13.818859 ]
  [-11.669764  -11.290538 ]
  [-12.996193  -14.725171 ]
  [-12.831894  -15.082802 ]
  [-13.134663  -14.134042 ]
  [-14.23559   -13.737767 ]
  [-13.42012   -14.217798 ]
  [-13.357811  -14.1388855]
  [-13.43099   -13.811283 ]
  [-14.224979  -13.832525 ]
  [-13.289254  -13.77593  ]
  [-14.087212  -13.897845 ]
  [-14.170967  -13.869488 ]
  [-13.224377  -14.056093 ]
  [-13.181232  -14.181633 ]
  [-12.961632  -14.634491 ]
  [-13.313112  -14.069361 ]
  [-14.357489  -13.649165 ]
  [-13.234455  -13.790876 ]
  [-13.802061  -13.426685 ]
  [-12.967995  -13.99774  ]
  [-10.587403  -12.889593 ]
  [-12.730972  -15.618853 ]
  [-12.987215  -14.39403  ]
  [-13.790579  -14.058487 ]
  [-12.997459  -13.857259 ]
  [-13.523039  -14.019691 ]
  [ -7.6971602 -13.2036495]
  [-13.149786  -14.418575 ]
  [-13.565943  -13.672554 ]
  [-13.037619  -14.483745 ]
  [-13.47324   -13.940056 ]
  [-13.128401  -14.456957 ]
  [-12.991716  -14.215553 ]
  [-12.918861  -14.799871 ]
  [-14.099627  -13.860301 ]
  [-13.084846  -14.287401 ]
  [-13.008734  -14.642174 ]
  [-13.305599  -14.308096 ]
  [-12.779118  -14.980066 ]
  [-13.541451  -14.002937 ]
  [-13.740089  -13.854145 ]
  [-13.363253  -13.971243 ]
  [-13.797613  -13.634499 ]
  [-13.514122  -14.070501 ]
  [-13.078087  -14.256531 ]
  [-14.096008  -13.437749 ]]

 [[-12.171677  -13.638554 ]
  [-11.91749   -13.966995 ]
  [-10.098841   -9.888927 ]
  [-12.022022  -13.771091 ]
  [-11.684353  -14.618793 ]
  [-12.187926  -13.663012 ]
  [-11.92459   -13.743557 ]
  [-12.333159  -13.398079 ]
  [-12.621394  -13.374114 ]
  [-11.041679   -9.589632 ]
  [-12.214525  -13.598557 ]
  [-12.181215  -13.757124 ]
  [-12.171211  -13.558981 ]
  [-11.882986  -14.07612  ]
  [-10.812042   -8.664237 ]
  [-11.839582  -14.082002 ]
  [-11.974732  -13.859853 ]
  [-11.333543   -9.144823 ]
  [-12.083178  -13.730708 ]
  [-13.028978  -13.111243 ]
  [-11.926077  -14.006677 ]
  [-12.800263  -13.319498 ]
  [-11.918136  -14.020075 ]
  [-11.667225  -14.569336 ]
  [-11.971803  -13.746386 ]
  [-11.9186    -13.92712  ]
  [-11.933346  -13.956268 ]
  [-11.858432  -14.070385 ]
  [-11.956412  -13.841919 ]
  [ -8.57213   -12.753714 ]
  [-11.67632   -14.496293 ]
  [-12.325709  -13.628496 ]
  [-12.655277  -13.257679 ]
  [-12.484257  -13.432447 ]
  [-13.067738  -13.258421 ]
  [ -4.4703703 -12.749113 ]
  [-12.066178  -13.813355 ]
  [-13.000116  -13.3083515]
  [-12.341329  -13.570971 ]
  [-11.743955  -14.2142725]
  [ -7.9546733 -14.120723 ]
  [-11.666611  -14.51673  ]
  [-12.061182  -13.824079 ]
  [ -4.4616666 -13.314638 ]
  [-12.129747  -13.780743 ]
  [-11.780765  -14.06553  ]
  [-12.086415  -13.58248  ]
  [-12.823823  -13.365337 ]
  [-11.666243  -14.549876 ]
  [-12.436668  -13.458902 ]
  [-11.739236  -14.149767 ]
  [-12.572979  -13.499171 ]
  [-12.260776  -13.622968 ]
  [-12.433511  -13.305242 ]]

 [[-13.485897  -14.378319 ]
  [-14.344519  -13.030444 ]
  [-13.774395  -14.059576 ]
  [-12.026536   -9.793187 ]
  [-14.276335  -13.767462 ]
  [-13.742344  -13.377896 ]
  [-13.635104  -14.158234 ]
  [-14.074741  -13.881538 ]
  [-13.303958  -14.855365 ]
  [-14.033051  -13.727223 ]
  [-12.104298  -10.783983 ]
  [-13.295307  -15.1485615]
  [-13.577227  -14.226514 ]
  [-13.295969  -14.750455 ]
  [-14.246993  -13.608063 ]
  [-13.742929  -13.755038 ]
  [-13.741831  -13.73592  ]
  [-13.229     -13.982602 ]
  [-13.5816765 -14.334054 ]
  [-13.80532   -14.029404 ]
  [-13.896938  -13.623472 ]
  [-14.441761  -12.953212 ]
  [-13.75281   -14.070141 ]
  [-13.727438  -13.790674 ]
  [-13.742306  -14.028842 ]
  [-13.585154  -13.489664 ]
  [-13.558476  -13.363557 ]
  [-13.359961  -14.844448 ]
  [-13.276842  -14.919106 ]
  [-13.669637  -13.99197  ]
  [-10.389415  -13.687348 ]
  [-13.247411  -15.118263 ]
  [-13.53817   -13.572995 ]
  [-14.049834  -13.739489 ]
  [-13.681134  -14.002644 ]
  [-14.546473  -13.360661 ]
  [ -8.674521  -12.440066 ]
  [-14.023164  -13.659487 ]
  [-13.779537  -13.831236 ]
  [-13.745671  -13.827221 ]
  [-13.530762  -13.788562 ]
  [-13.695675  -14.018659 ]
  [-13.848853  -13.544355 ]
  [-13.672199  -14.010542 ]
  [-13.292698  -14.059639 ]
  [-13.7824745 -13.283693 ]
  [-13.402056  -14.623514 ]
  [-13.693596  -13.921092 ]
  [-13.514084  -13.72733  ]
  [-13.890317  -13.943263 ]
  [-13.908667  -13.925687 ]
  [-13.688147  -14.157016 ]
  [-14.056295  -13.757541 ]
  [-13.83743   -13.813406 ]]

 [[-11.670192  -11.928551 ]
  [-11.894196  -11.433596 ]
  [-12.822897  -11.080027 ]
  [-12.224005  -11.18652  ]
  [-10.22974    -6.385893 ]
  [-11.69772   -11.974333 ]
  [-11.976849  -11.400818 ]
  [-11.990358  -11.307762 ]
  [-12.507128  -11.120279 ]
  [-11.913176  -11.394325 ]
  [-11.924441  -11.575384 ]
  [-10.960593   -6.3198595]
  [-11.616922  -11.76672  ]
  [-12.282678  -11.32383  ]
  [-11.590239  -12.129574 ]
  [-10.876443   -5.1565084]
  [-11.988458  -11.113531 ]
  [-12.670108  -11.116213 ]
  [-10.756572   -5.8027716]
  [-12.467115  -11.256308 ]
  [-11.323078   -5.1693945]
  [-11.942358  -11.578955 ]
  [-11.70674    -4.78868  ]
  [-11.922212  -11.449005 ]
  [-11.031736   -4.9789805]
  [-11.90936   -11.612453 ]
  [-11.533017   -5.2779636]
  [-11.637926  -11.953964 ]
  [-12.103442  -11.331066 ]
  [-12.541449  -11.180624 ]
  [-11.571525  -12.29077  ]
  [ -9.347963  -10.607168 ]
  [-11.712971  -11.665997 ]
  [-11.861938  -11.702953 ]
  [-11.999385  -11.504335 ]
  [-11.894888  -11.618763 ]
  [-11.760372  -11.752134 ]
  [ -5.1651525 -11.962362 ]
  [-12.206089  -11.215303 ]
  [-11.663889  -11.846817 ]
  [-11.847475  -11.616131 ]
  [ -9.526216  -10.633503 ]
  [-11.743149  -11.572453 ]
  [-11.89389   -11.465267 ]
  [ -5.247959  -10.285595 ]
  [-12.258937  -11.319632 ]
  [ -9.287813  -11.012903 ]
  [-12.08481   -11.156265 ]
  [ -5.1307793 -12.1905155]
  [-12.242778  -11.278688 ]
  [ -8.275321  -11.634357 ]
  [-13.125942  -11.02589  ]
  [ -5.1846895 -11.81868  ]
  [-12.471925  -11.213747 ]]

 [[-12.235235  -11.08591  ]
  [-12.275311  -11.057431 ]
  [-12.099631  -11.233793 ]
  [-13.04046   -10.638561 ]
  [-12.877439  -10.675886 ]
  [-10.70948    -2.1502051]
  [-12.414646  -10.864797 ]
  [-12.438599  -10.852713 ]
  [-12.140738  -11.185323 ]
  [-13.0456295 -10.632204 ]
  [-12.889731  -10.712044 ]
  [-12.349212  -10.973677 ]
  [-11.803703   -2.1500425]
  [-12.485433  -10.859195 ]
  [-12.135893  -11.265082 ]
  [-12.625777  -10.840355 ]
  [-12.857315  -10.747343 ]
  [-12.312457  -11.017983 ]
  [-12.26186   -10.993805 ]
  [-12.441115  -10.8806305]
  [-12.273832  -11.054597 ]
  [-12.271966  -10.876599 ]
  [-13.20105   -10.625467 ]
  [-12.748172  -10.752357 ]
  [-12.677076  -10.796625 ]
  [-12.220649  -11.084552 ]
  [-12.78805   -10.685351 ]
  [-12.26456   -11.004069 ]
  [-12.406307  -10.950613 ]
  [-12.753925  -10.719652 ]
  [-12.761703  -10.747836 ]
  [-12.249325  -10.982422 ]
  [ -8.803849  -10.59988  ]
  [-13.004482  -10.664884 ]
  [-12.3658085 -10.982183 ]
  [-12.114416  -11.121597 ]
  [-12.320791  -10.950884 ]
  [-12.523024  -10.847782 ]
  [ -3.7350683  -9.44414  ]
  [-12.12485   -11.304098 ]
  [-12.451894  -10.921665 ]
  [-12.406779  -10.943557 ]
  [-12.966592  -10.680231 ]
  [-12.34683   -10.908997 ]
  [-12.288846  -10.995518 ]
  [-13.3864155 -10.589055 ]
  [-12.060297  -11.217927 ]
  [-12.4263735 -10.857943 ]
  [-12.075129  -11.436718 ]
  [-12.254452  -11.105387 ]
  [-12.522123  -10.844008 ]
  [-13.236225  -10.5837965]
  [-12.849079  -10.705898 ]
  [-12.395773  -10.875306 ]]]

u
[[[ 2.1701167   1.3652577 ]
  [ 2.387529    0.06960749]]

 [[-7.759305   -2.9167325 ]
  [-9.886559   -0.0720873 ]]]

z
[[ 2.9627686  0.1661899]
 [-1.9627686  0.8338101]]

====================
Layer 2 decoder
x_bernoulli
[[-0.00723267 -1.081667  ]
 [-4.93277    -0.4140467 ]]

y_bernoulli
[[-1.9788742e-04 -4.2829332e+00]
 [-8.5271482e+00 -1.3898253e-02]]

x_categorical
[[-4.93277   -0.4140467]]

y_categorical
[[-8.527148   -0.01389826]]

v
[[-8.939043   -3.421679  ]
 [-9.613024   -0.04757354]]

rho_categorical
[[-12.635423   -2.970005 ]
 [ -5.783351   -6.2357736]
 [-13.169549   -2.0685525]
 [ -5.4946756  -7.553875 ]
 [-12.985022   -0.7344022]
 [-11.323296   -6.88402  ]]

t_categorical
[[[-17.058018   -5.1175137]
  [-17.374228  -10.755934 ]
  [-17.702124  -10.841211 ]
  [-17.429714  -10.892673 ]
  [-17.568098  -10.635636 ]
  [-17.34692   -11.237955 ]
  [-17.52507   -10.968937 ]
  [-17.230858   -4.8026714]
  [-17.097244  -11.415506 ]
  [-17.099861  -11.809469 ]
  [-17.415518  -10.674415 ]
  [-17.80201   -10.758268 ]
  [-17.31859   -11.186986 ]
  [-16.428318   -5.089117 ]
  [-17.250742  -11.1441   ]
  [-17.066124  -11.494855 ]
  [-16.908646   -4.0974207]
  [-17.725208  -10.839405 ]
  [-17.33216   -11.288849 ]
  [-16.267519   -6.071573 ]
  [-17.402308  -10.998083 ]
  [-16.481451   -5.877762 ]
  [-17.235973  -11.243303 ]
  [-16.312288   -6.5226755]
  [-17.24894   -10.6920395]
  [-16.675623   -5.5458565]
  [-18.541718  -10.537466 ]
  [-15.076567  -10.41434  ]
  [-17.120823  -11.805741 ]
  [-17.192417  -11.384171 ]
  [-17.489914  -11.050648 ]
  [-17.184618  -11.132841 ]
  [-17.05608   -11.397953 ]
  [-16.277157   -8.035006 ]
  [-17.789734  -10.744337 ]
  [-17.392586  -10.88015  ]
  [-17.157612  -11.644304 ]
  [-17.298527  -11.299257 ]
  [-18.072815  -10.490599 ]
  [-14.609088  -10.871183 ]
  [-17.5632    -10.939964 ]
  [-17.850796  -10.664131 ]
  [-16.503637   -7.0690975]
  [-17.587566  -10.743923 ]
  [-17.246418  -11.32346  ]
  [-14.88312   -10.796015 ]
  [-17.288729  -11.145281 ]
  [-16.969625   -7.3599434]
  [-17.0554    -11.428129 ]
  [-14.852852  -10.552456 ]
  [-18.02707   -10.650759 ]
  [-16.618385   -6.631583 ]
  [-16.983112  -11.8322525]
  [-17.273888  -11.39601  ]]

 [[-14.547012  -12.221781 ]
  [-13.694745   -7.1924214]
  [-14.913561  -11.862858 ]
  [-14.581147  -12.362013 ]
  [-14.533924  -12.454382 ]
  [-14.500404  -12.45603  ]
  [-14.992367  -11.9903965]
  [-14.61512   -12.028688 ]
  [-13.823619   -7.204894 ]
  [-14.839733  -12.075413 ]
  [-14.517557  -12.396549 ]
  [-14.554234  -12.207848 ]
  [-15.34396   -11.73576  ]
  [-14.918449  -12.018944 ]
  [-15.12269   -11.831746 ]
  [-15.050726  -11.719884 ]
  [-15.081345  -11.902455 ]
  [-14.898059  -11.747931 ]
  [-14.964434  -11.995134 ]
  [-14.380103  -12.741297 ]
  [-14.297494  -12.866369 ]
  [-14.564481  -12.250273 ]
  [-15.56164   -11.660578 ]
  [-14.579643  -12.238148 ]
  [-14.505516  -12.38146  ]
  [-14.622265  -12.0076065]
  [-15.543759  -11.417493 ]
  [-14.934814  -11.628643 ]
  [ -5.7910557 -12.14488  ]
  [-15.4368305 -11.767018 ]
  [-14.301157  -12.832194 ]
  [-14.528335  -12.469224 ]
  [-14.449276  -12.191656 ]
  [-15.716051  -11.635601 ]
  [-13.05321    -8.740114 ]
  [-15.2270565 -11.820457 ]
  [-14.930007  -11.771674 ]
  [-14.953962  -11.9042015]
  [-14.413031  -12.562344 ]
  [-15.448571  -11.751145 ]
  [-14.3238735 -12.683814 ]
  [-14.411084  -12.608459 ]
  [-14.485205  -12.483543 ]
  [-14.982151  -11.823497 ]
  [-14.834995  -12.0485115]
  [-15.0524435 -11.941123 ]
  [-14.996722  -11.761177 ]
  [-14.412931  -12.617891 ]
  [-14.750195  -12.0677185]
  [-14.801493  -11.962072 ]
  [-14.83059   -11.887533 ]
  [-15.293077  -11.786095 ]
  [-15.516908  -11.575486 ]
  [-14.397866  -12.477971 ]]

 [[-17.769686  -10.797466 ]
  [-17.56202   -11.37731  ]
  [-16.473265   -3.8808627]
  [-17.72035   -10.811197 ]
  [-18.869913  -10.285444 ]
  [-18.122395  -10.455566 ]
  [-17.955257  -10.188175 ]
  [-17.93092   -10.294054 ]
  [-18.022118  -10.447485 ]
  [-17.370396   -3.25098  ]
  [-18.132278  -10.359764 ]
  [-19.203432  -10.178045 ]
  [-17.598206  -11.062674 ]
  [-18.09392   -10.574152 ]
  [-16.757639   -3.607971 ]
  [-17.840374  -10.749174 ]
  [-17.712086  -10.943317 ]
  [-17.099003   -3.3270411]
  [-18.268513  -10.307108 ]
  [-17.798315  -10.26988  ]
  [-18.261082  -10.448133 ]
  [-17.812893  -10.710583 ]
  [-17.809717  -10.886923 ]
  [-17.51083   -11.640631 ]
  [-17.847507  -10.465122 ]
  [-19.255226   -9.989782 ]
  [-18.151604  -10.465258 ]
  [-18.79758   -10.147825 ]
  [-17.533298  -11.405197 ]
  [-14.890038  -10.356274 ]
  [-18.399689  -10.302853 ]
  [-17.82843   -10.906469 ]
  [-17.877028  -10.36565  ]
  [-17.801264  -10.719347 ]
  [-17.897758  -10.594742 ]
  [-16.477352   -6.7663603]
  [-17.956661  -10.67185  ]
  [-17.76988   -10.883339 ]
  [-18.339891  -10.337971 ]
  [-18.327152  -10.195406 ]
  [-14.417136  -10.88183  ]
  [-18.020626  -10.53253  ]
  [-17.542542  -11.533854 ]
  [-17.04054    -6.464493 ]
  [-19.121376  -10.159916 ]
  [-17.879702  -10.449373 ]
  [-17.72736   -10.55794  ]
  [-17.830435  -10.798485 ]
  [-18.847097  -10.133621 ]
  [-18.334486  -10.234829 ]
  [-18.571625   -9.93335  ]
  [-17.831783  -10.902569 ]
  [-17.561865  -11.433023 ]
  [-17.602608  -10.75197  ]]

 [[-15.512114  -12.849928 ]
  [-15.645731  -12.076994 ]
  [-14.020739  -14.002043 ]
  [-13.368158   -8.523571 ]
  [-14.240888  -13.591408 ]
  [-15.205606  -12.231457 ]
  [-15.697878  -12.829874 ]
  [-14.578318  -13.272228 ]
  [-14.714664  -13.108484 ]
  [-14.742705  -12.997364 ]
  [-12.974823   -9.110646 ]
  [-14.178549  -13.733158 ]
  [-14.090308  -13.753826 ]
  [-14.21459   -13.443379 ]
  [-14.383236  -13.246733 ]
  [-14.898624  -12.742317 ]
  [-14.118856  -13.421705 ]
  [-14.513697  -12.310366 ]
  [-14.069584  -13.887779 ]
  [-14.786524  -13.108513 ]
  [-15.162718  -12.639018 ]
  [-15.656567  -12.009794 ]
  [-15.380561  -12.906149 ]
  [-14.746273  -12.833935 ]
  [-14.460136  -13.260262 ]
  [-14.265545  -12.753853 ]
  [-14.816828  -12.158708 ]
  [-14.059528  -13.936228 ]
  [-14.088367  -13.716119 ]
  [-14.803997  -12.941652 ]
  [ -5.502895  -12.880154 ]
  [-14.69356   -13.142466 ]
  [-14.138473  -12.982083 ]
  [-13.884609  -14.410894 ]
  [-14.422973  -13.20806  ]
  [-14.111516  -13.473431 ]
  [-12.839029   -9.170881 ]
  [-13.924358  -14.167849 ]
  [-14.538381  -13.044052 ]
  [-14.221676  -13.319374 ]
  [-14.320571  -12.918894 ]
  [-14.387896  -13.269648 ]
  [-14.279696  -13.050072 ]
  [-14.086415  -13.671476 ]
  [-14.027176  -13.219547 ]
  [-13.903458  -13.690777 ]
  [-14.611533  -13.198706 ]
  [-15.212587  -12.773117 ]
  [-14.062956  -13.251744 ]
  [-14.360312  -13.396954 ]
  [-14.216948  -13.580942 ]
  [-14.974449  -13.044233 ]
  [-14.661153  -13.082106 ]
  [-14.399328  -13.186196 ]]

 [[-17.916822   -9.567335 ]
  [-17.459467   -9.93922  ]
  [-17.80722    -9.674303 ]
  [-17.503893   -9.909405 ]
  [-16.746782   -2.7222104]
  [-18.631771   -9.356396 ]
  [-17.53421    -9.834702 ]
  [-17.296295  -10.034157 ]
  [-17.582994   -9.838974 ]
  [-17.380547   -9.960293 ]
  [-18.027302   -9.535252 ]
  [-17.727737   -2.7195523]
  [-17.332216   -9.934462 ]
  [-18.131798   -9.505175 ]
  [-17.933775   -9.5515   ]
  [-16.528418   -2.8841472]
  [-17.244928  -10.312061 ]
  [-17.769611   -9.641596 ]
  [-16.775375   -2.7694883]
  [-18.431534   -9.405989 ]
  [-16.891018   -2.883934 ]
  [-18.163853   -9.490101 ]
  [-16.824028   -3.0038602]
  [-17.57566    -9.7799225]
  [-16.755167   -2.9354773]
  [-18.264479   -9.434338 ]
  [-17.219822   -2.8564978]
  [-17.758602   -9.641548 ]
  [-17.650024   -9.745497 ]
  [-17.876339   -9.626078 ]
  [-18.507402   -9.368666 ]
  [-16.381214   -8.940542 ]
  [-17.48213    -9.823322 ]
  [-18.451466   -9.404373 ]
  [-18.039806   -9.533497 ]
  [-18.176098   -9.464634 ]
  [-17.857958   -9.59124  ]
  [-16.492271   -6.2530065]
  [-17.453026   -9.943026 ]
  [-17.643932   -9.713953 ]
  [-17.802925   -9.650398 ]
  [-15.166592   -9.407955 ]
  [-17.422323   -9.934507 ]
  [-17.542452   -9.822521 ]
  [-16.416685   -5.248303 ]
  [-18.028587   -9.551281 ]
  [-15.155703   -9.635294 ]
  [-17.264753  -10.228209 ]
  [-16.284586   -6.8179317]
  [-17.762892   -9.671104 ]
  [-15.045164   -9.4668045]
  [-17.873589   -9.614441 ]
  [-16.71583    -6.0071807]
  [-17.962906   -9.578962 ]]

 [[-16.37782   -12.218581 ]
  [-16.754116  -11.629382 ]
  [-16.504982  -11.524905 ]
  [-17.39693   -11.437495 ]
  [-16.482138  -12.247256 ]
  [-15.531583   -8.46504  ]
  [-16.389418  -12.256778 ]
  [-16.468746  -12.070893 ]
  [-16.770247  -11.208266 ]
  [-16.749844  -11.855664 ]
  [-17.086761  -11.713464 ]
  [-17.7793    -11.040459 ]
  [-16.090307   -8.294821 ]
  [-17.117958  -11.39484  ]
  [-17.166594  -11.10108  ]
  [-17.249771  -11.646864 ]
  [-17.945381  -11.517775 ]
  [-16.720726  -11.677306 ]
  [-16.606853  -11.596716 ]
  [-16.48235   -12.100503 ]
  [-17.524683  -11.115257 ]
  [-16.50033   -11.64869  ]
  [-17.90308   -11.420813 ]
  [-17.138435  -11.602554 ]
  [-17.436867  -11.509482 ]
  [-17.294106  -10.975851 ]
  [-16.912838  -11.604369 ]
  [-16.610332  -11.664846 ]
  [-17.251307  -11.390127 ]
  [-16.520292  -12.154374 ]
  [-17.15907   -11.616431 ]
  [-16.444     -11.879821 ]
  [-11.603888  -11.8631315]
  [-17.325504  -11.542767 ]
  [-16.994297  -11.483411 ]
  [-16.533722  -11.478188 ]
  [-17.245796  -11.104079 ]
  [-16.90775   -11.620262 ]
  [-15.144848   -9.506045 ]
  [-17.368721  -11.024423 ]
  [-16.778873  -11.790842 ]
  [-16.681942  -11.824064 ]
  [-17.437767  -11.502307 ]
  [-16.658014  -11.58344  ]
  [-16.57567   -11.7801075]
  [-16.47896   -12.286772 ]
  [-16.368916  -11.744879 ]
  [-16.946922  -11.368741 ]
  [-17.572206  -10.8340845]
  [-16.826576  -11.564458 ]
  [-16.774046  -11.745224 ]
  [-16.269712  -12.891636 ]
  [-16.809612  -11.850384 ]
  [-17.261555  -11.144572 ]]]

u
[[[ 2.2964706   1.4865195 ]
  [ 2.362082    0.04647658]]

 [[-8.939043   -3.421679  ]
  [-9.613024   -0.04757354]]]

z
[[ 3.4137483   0.10978148]
 [-2.4137483   0.8902185 ]]

====================
Layer 1 decoder
x_bernoulli
[[-2.9411316e-03 -1.1576437e+00]
 [-5.8304377e+00 -3.7720668e-01]]

y_bernoulli
[[-4.413128e-04 -2.745203e+00]
 [-7.726311e+00 -6.639117e-02]]

x_categorical
[[-5.8304377 -0.3772067]]

y_categorical
[[-7.726311   -0.06639116]]

v
[[-13.246131    -8.035161  ]
 [ -7.7303257   -0.06673728]]

rho_categorical
[[-13.274683    -8.251549  ]
 [-13.212414    -8.463123  ]
 [ -6.7089496   -8.387426  ]
 [-13.199561    -0.38213268]
 [-12.72537     -8.482097  ]
 [ -6.372154    -6.0063686 ]]

t_categorical
[[[-18.644814  -10.490659 ]
  [-19.63541   -13.335356 ]
  [-18.543076  -14.268246 ]
  [-18.25022   -14.918532 ]
  [-18.608793  -13.96298  ]
  [-18.452642  -14.440984 ]
  [-18.867676  -13.916478 ]
  [-17.239334  -11.925337 ]
  [-18.900751  -13.612463 ]
  [-19.428736  -13.66823  ]
  [-19.373243  -13.396694 ]
  [-18.54533   -14.296318 ]
  [-18.645195  -14.086546 ]
  [-17.833076  -10.724098 ]
  [-19.218147  -13.538307 ]
  [-18.691357  -13.723507 ]
  [-18.342812  -10.215165 ]
  [-19.429829  -13.685343 ]
  [-18.841667  -13.97224  ]
  [-17.298897  -11.581977 ]
  [-18.140114  -14.827994 ]
  [-18.832384  -10.331327 ]
  [-19.134842  -13.582413 ]
  [-17.52841   -11.207841 ]
  [-18.786745  -13.532552 ]
  [-17.769428  -10.836031 ]
  [-19.116127  -13.838447 ]
  [-14.483577  -13.573707 ]
  [-19.041702  -13.761211 ]
  [-18.643742  -14.004532 ]
  [-18.377308  -14.6142845]
  [-18.725418  -13.757795 ]
  [-19.342808  -13.354879 ]
  [-18.20567   -11.374701 ]
  [-18.863459  -13.925761 ]
  [-18.779959  -13.822031 ]
  [-18.916782  -13.837199 ]
  [-19.093662  -13.780634 ]
  [-18.60149   -14.034046 ]
  [-15.189193  -13.06485  ]
  [-18.785927  -13.99165  ]
  [-18.928438  -13.848912 ]
  [-18.178722  -11.247833 ]
  [-18.305872  -14.630236 ]
  [-18.441738  -14.36039  ]
  [-14.991008  -13.534293 ]
  [-19.08552   -13.702274 ]
  [-17.641636  -12.025099 ]
  [-18.44364   -14.014765 ]
  [-15.599962  -13.197283 ]
  [-18.819977  -13.975687 ]
  [-18.57949   -10.818817 ]
  [-19.403763  -13.539611 ]
  [-18.339634  -14.701828 ]]

 [[-18.27242   -14.270241 ]
  [-16.841854  -10.115765 ]
  [-18.523945  -13.780676 ]
  [-18.665176  -13.844696 ]
  [-18.571732  -13.970322 ]
  [-18.365593  -14.230261 ]
  [-18.907866  -13.643349 ]
  [-18.163914  -14.602875 ]
  [-16.736784  -10.216857 ]
  [-18.658625  -13.820478 ]
  [-18.652027  -13.780917 ]
  [-18.57473   -13.702496 ]
  [-18.306927  -14.190001 ]
  [-19.040195  -13.559162 ]
  [-18.564255  -13.805023 ]
  [-18.604736  -13.6182785]
  [-18.789564  -13.661739 ]
  [-18.213934  -14.327127 ]
  [-18.926964  -13.626204 ]
  [-18.65741   -13.868269 ]
  [-18.73166   -13.579291 ]
  [-18.969425  -13.440556 ]
  [-19.184864  -13.399205 ]
  [-18.98937   -13.446096 ]
  [-18.248688  -14.441838 ]
  [-18.667927  -13.462276 ]
  [-18.453873  -13.646514 ]
  [-18.651976  -13.369032 ]
  [-13.571225  -12.293879 ]
  [-18.526047  -13.909681 ]
  [-18.4031    -14.012453 ]
  [-18.220896  -14.593712 ]
  [-19.739693  -12.7853565]
  [-18.231693  -14.234077 ]
  [-17.588184   -9.478397 ]
  [-18.308714  -14.234087 ]
  [-18.569386  -13.643246 ]
  [-18.228325  -14.462906 ]
  [-18.664385  -13.71162  ]
  [-18.950691  -13.567728 ]
  [-18.589699  -13.61666  ]
  [-18.937445  -13.551889 ]
  [-18.409319  -14.126232 ]
  [-18.688463  -13.608412 ]
  [-18.68637   -13.770199 ]
  [-18.349194  -14.162271 ]
  [-18.563866  -13.698663 ]
  [-18.25724   -14.520097 ]
  [-18.842838  -13.574607 ]
  [-19.259586  -13.283756 ]
  [-18.275017  -14.231285 ]
  [-19.334743  -13.398483 ]
  [-18.617077  -13.630627 ]
  [-18.44735   -13.849681 ]]

 [[-15.298929  -13.569412 ]
  [-15.629295  -13.418908 ]
  [-13.677366  -10.766621 ]
  [-16.300255  -13.164623 ]
  [-14.890009  -14.260767 ]
  [-15.9427185 -13.296563 ]
  [-14.761982  -14.186409 ]
  [-14.931536  -13.843691 ]
  [-15.2643795 -13.586005 ]
  [-14.176586  -10.176435 ]
  [-16.010704  -13.233122 ]
  [-15.533194  -13.562954 ]
  [-14.867119  -14.033776 ]
  [-15.647379  -13.466608 ]
  [-13.951496  -10.509661 ]
  [-14.856842  -14.178135 ]
  [-15.709909  -13.350641 ]
  [-14.775364   -9.956475 ]
  [-15.461403  -13.474087 ]
  [-15.2319565 -13.404533 ]
  [-15.3615265 -13.625946 ]
  [-15.496355  -13.440898 ]
  [-15.388142  -13.614328 ]
  [-15.629711  -13.45462  ]
  [-16.221987  -13.076624 ]
  [-15.882328  -13.290949 ]
  [-15.818399  -13.36167  ]
  [-14.97489   -13.983274 ]
  [-14.651121  -14.814917 ]
  [ -7.413876  -13.886777 ]
  [-16.113209  -13.262213 ]
  [-14.697552  -14.766703 ]
  [-15.202902  -13.509588 ]
  [-15.113058  -13.733351 ]
  [-15.40024   -13.503775 ]
  [-14.192844  -11.172612 ]
  [-15.354162  -13.614933 ]
  [-15.099802  -13.8183155]
  [-15.438438  -13.537187 ]
  [-15.128567  -13.683905 ]
  [ -7.415062  -13.028622 ]
  [-14.703833  -14.622858 ]
  [-14.982611  -14.00897  ]
  [-15.439217  -10.777894 ]
  [-15.845638  -13.406448 ]
  [-15.40547   -13.380081 ]
  [-15.299147  -13.414478 ]
  [-15.29966   -13.639323 ]
  [-15.08128   -13.838251 ]
  [-15.276802  -13.582306 ]
  [-15.572596  -13.276173 ]
  [-14.780134  -14.479878 ]
  [-14.715763  -14.618756 ]
  [-14.899742  -13.838449 ]]

 [[-19.316149   -9.003434 ]
  [-18.543936   -9.618253 ]
  [-19.432816   -8.987037 ]
  [-17.491543   -1.3031813]
  [-19.722443   -8.875431 ]
  [-18.595686   -9.565202 ]
  [-19.348211   -8.979436 ]
  [-19.901215   -8.825764 ]
  [-19.303282   -9.023026 ]
  [-19.02919    -9.187636 ]
  [-17.737997   -1.30221  ]
  [-20.223923   -8.768531 ]
  [-19.191984   -9.104137 ]
  [-18.999067   -9.221939 ]
  [-19.007305   -9.219983 ]
  [-18.785776   -9.379529 ]
  [-18.794039   -9.4470215]
  [-18.562916   -9.679836 ]
  [-19.664343   -8.895303 ]
  [-19.532806   -8.921418 ]
  [-18.786165   -9.375939 ]
  [-18.497639   -9.688912 ]
  [-19.47608    -8.945159 ]
  [-18.793997   -9.367744 ]
  [-19.2289     -9.0644865]
  [-18.636822   -9.632282 ]
  [-18.53768    -9.692278 ]
  [-19.681257   -8.893234 ]
  [-19.104683   -9.156421 ]
  [-18.961388   -9.239038 ]
  [-13.405636   -8.173424 ]
  [-19.435368   -8.961341 ]
  [-18.662567   -9.553221 ]
  [-19.08678    -9.186181 ]
  [-18.991768   -9.220475 ]
  [-18.832302   -9.384402 ]
  [-17.736391   -2.0138967]
  [-18.959354   -9.289612 ]
  [-18.871637   -9.307155 ]
  [-18.845684   -9.341171 ]
  [-18.690895   -9.522226 ]
  [-19.058537   -9.170248 ]
  [-18.709778   -9.520761 ]
  [-19.013882   -9.218747 ]
  [-18.635418   -9.612604 ]
  [-18.667522   -9.541181 ]
  [-19.467955   -8.953792 ]
  [-18.889105   -9.243202 ]
  [-18.669113   -9.573536 ]
  [-19.396303   -8.9884   ]
  [-19.367275   -9.010891 ]
  [-19.692484   -8.8650255]
  [-19.108585   -9.114694 ]
  [-18.917805   -9.275311 ]]

 [[-18.478945  -14.593863 ]
  [-18.390997  -14.666302 ]
  [-19.073055  -13.954789 ]
  [-18.753292  -14.088354 ]
  [-17.661041  -11.018721 ]
  [-19.32921   -13.890642 ]
  [-18.846306  -14.006241 ]
  [-18.638561  -14.092579 ]
  [-18.670177  -14.23422  ]
  [-18.252531  -14.944363 ]
  [-18.386614  -14.814508 ]
  [-18.128391  -10.719632 ]
  [-19.28259   -13.630047 ]
  [-18.451164  -14.663594 ]
  [-18.959557  -13.999739 ]
  [-18.67395   -10.405287 ]
  [-18.309467  -14.800358 ]
  [-18.88786   -14.039097 ]
  [-17.296616  -12.077612 ]
  [-19.049599  -14.021221 ]
  [-17.98859   -10.824606 ]
  [-19.340488  -13.858348 ]
  [-18.453545  -10.342464 ]
  [-19.114399  -13.823488 ]
  [-17.535126  -11.28323  ]
  [-18.807644  -14.151632 ]
  [-17.715666  -11.058519 ]
  [-19.639647  -13.66971  ]
  [-18.492672  -14.491808 ]
  [-18.606867  -14.380882 ]
  [-19.072079  -14.000595 ]
  [-15.1593    -13.337502 ]
  [-19.734854  -13.548435 ]
  [-19.36745   -13.873331 ]
  [-18.875362  -14.10569  ]
  [-18.369703  -14.861067 ]
  [-19.074331  -13.922412 ]
  [-17.810394  -12.267078 ]
  [-19.526245  -13.651673 ]
  [-18.898642  -13.973237 ]
  [-18.527609  -14.489008 ]
  [-14.345379  -13.536682 ]
  [-18.940687  -13.852028 ]
  [-18.676704  -14.168644 ]
  [-17.683874  -12.572988 ]
  [-19.79833   -13.714173 ]
  [-14.057577  -14.586325 ]
  [-18.637959  -14.0896635]
  [-17.83548   -12.313261 ]
  [-19.214602  -13.847882 ]
  [-13.950449  -13.817218 ]
  [-18.508335  -14.555255 ]
  [-18.059498  -12.078893 ]
  [-20.00074   -13.673248 ]]

 [[-16.546497  -11.706583 ]
  [-16.647814  -11.69578  ]
  [-15.661443  -12.169049 ]
  [-15.498467  -12.560894 ]
  [-15.946961  -12.035019 ]
  [-15.219028   -6.9509063]
  [-15.541775  -12.44395  ]
  [-15.889152  -12.042534 ]
  [-15.466802  -12.524664 ]
  [-15.570747  -12.422399 ]
  [-15.935815  -12.069326 ]
  [-15.413023  -12.733517 ]
  [-15.555311   -7.0892034]
  [-15.242905  -13.39543  ]
  [-16.515657  -11.682512 ]
  [-16.693909  -11.7591095]
  [-16.105446  -11.980478 ]
  [-16.420483  -11.765219 ]
  [-15.49184   -12.50388  ]
  [-15.980562  -11.988493 ]
  [-16.20544   -11.840336 ]
  [-15.629412  -12.248131 ]
  [-15.589088  -12.397314 ]
  [-15.448359  -12.666807 ]
  [-15.680109  -12.294758 ]
  [-15.632645  -12.272949 ]
  [-15.713842  -12.233204 ]
  [-16.15343   -11.844712 ]
  [-15.889186  -12.067591 ]
  [-15.335858  -12.952982 ]
  [-16.470873  -11.805745 ]
  [-15.448435  -12.587065 ]
  [ -6.3766847 -12.137034 ]
  [-15.825804  -12.14979  ]
  [-15.498985  -12.536026 ]
  [-16.326406  -11.689848 ]
  [-15.484314  -12.5432205]
  [-15.485745  -12.575384 ]
  [-15.104622   -7.8243732]
  [-16.658949  -11.644975 ]
  [-16.20915   -11.885237 ]
  [-15.775738  -12.163599 ]
  [-15.449583  -12.673389 ]
  [-15.484887  -12.544821 ]
  [-16.361889  -11.766806 ]
  [-16.56152   -11.774204 ]
  [-15.609377  -12.195896 ]
  [-15.283556  -13.174472 ]
  [-16.8139    -11.579447 ]
  [-16.061098  -11.923119 ]
  [-15.752371  -12.194013 ]
  [-15.257122  -13.182726 ]
  [-16.064947  -11.974016 ]
  [-15.517269  -12.488324 ]]]

u
[[[  2.6564853    2.2011237 ]
  [  2.1668026    0.06460471]]

 [[-13.246131    -8.035161  ]
  [ -7.7303257   -0.06673728]]]

z
[[ 5.847253    0.13998567]
 [-4.847253    0.8600143 ]]

====================
Layer 0 decoder
x_bernoulli
[[-2.2411346e-05 -1.1166134e+00]
 [-1.0694529e+01 -3.9658469e-01]]

y_bernoulli
[[ 0.0000000e+00 -5.1131792e+00]
 [-1.5081610e+01 -6.0350895e-03]]

x_categorical
[[-10.694529   -0.3965847]]

y_categorical
[[-1.5081610e+01 -6.0350806e-03]]

v
[[-15.340097    -1.2389414 ]
 [-16.560978    -0.35056168]]

rho_categorical
[[-12.751774    -6.8309574 ]
 [-13.34699     -3.0027082 ]
 [-13.618971    -0.48266703]
 [-11.991925    -6.0962896 ]
 [-11.94587     -6.7374682 ]
 [-12.36234     -6.6384993 ]]

t_categorical
[[[-16.120895   -9.340511 ]
  [-17.382236  -12.687465 ]
  [-17.18817   -13.480035 ]
  [-17.666557  -12.638189 ]
  [-17.45878   -12.725325 ]
  [-17.074913  -13.6548605]
  [-17.090399  -13.617462 ]
  [-15.749437  -10.073758 ]
  [-17.54195   -12.4910965]
  [-17.627766  -12.973515 ]
  [-17.181234  -12.917752 ]
  [-17.463505  -13.082792 ]
  [-17.39672   -13.137689 ]
  [-16.064913   -9.1302395]
  [-17.438814  -12.776803 ]
  [-18.316849  -11.98978  ]
  [-16.62955    -8.31209  ]
  [-17.003716  -13.970418 ]
  [-18.781956  -12.576548 ]
  [-15.737301  -10.055487 ]
  [-17.27766   -13.289945 ]
  [-15.877736   -9.670436 ]
  [-17.185598  -13.107917 ]
  [-16.86708    -8.828377 ]
  [-16.954777  -13.044855 ]
  [-16.285757   -9.093931 ]
  [-17.310762  -13.357598 ]
  [-16.039652  -12.19692  ]
  [-16.965141  -13.93423  ]
  [-16.988224  -13.646189 ]
  [-17.169128  -13.498161 ]
  [-17.454369  -12.5599165]
  [-17.428474  -12.500983 ]
  [-15.668185  -10.61075  ]
  [-17.030144  -13.797262 ]
  [-17.592983  -12.720709 ]
  [-17.161331  -13.385582 ]
  [-17.455372  -13.076699 ]
  [-18.23975   -12.530384 ]
  [-16.243391  -12.249188 ]
  [-17.071632  -13.692932 ]
  [-18.085598  -12.643477 ]
  [-16.20109   -10.106745 ]
  [-17.32597   -13.014424 ]
  [-16.920973  -14.224029 ]
  [-16.565287  -11.810827 ]
  [-17.624699  -12.811258 ]
  [-15.777348  -10.602272 ]
  [-16.899355  -13.2930355]
  [-15.957986  -12.6687975]
  [-18.568027  -12.616465 ]
  [-15.55883   -10.266958 ]
  [-16.89297   -14.074042 ]
  [-17.183842  -13.484393 ]]

 [[-17.161703  -10.931602 ]
  [-16.547544   -3.7368212]
  [-17.16144   -10.975049 ]
  [-18.213741  -10.308661 ]
  [-17.441416  -10.828615 ]
  [-17.695486  -10.510944 ]
  [-17.023603  -11.652014 ]
  [-17.266443  -10.578551 ]
  [-16.394695   -3.870762 ]
  [-17.87032   -10.435788 ]
  [-17.683767  -10.471864 ]
  [-17.261396  -10.738626 ]
  [-17.385515  -10.728073 ]
  [-17.075645  -11.432526 ]
  [-16.991299  -11.644158 ]
  [-17.29386   -10.641721 ]
  [-16.994865  -11.693768 ]
  [-17.563524  -10.233471 ]
  [-17.68002   -10.557766 ]
  [-17.898348  -10.451612 ]
  [-18.091549  -10.114231 ]
  [-17.476246  -10.545459 ]
  [-17.017471  -11.510219 ]
  [-17.271553  -10.827982 ]
  [-17.502094  -10.574353 ]
  [-17.438507  -10.331728 ]
  [-17.04928   -10.975278 ]
  [-17.399208  -10.248543 ]
  [-16.705826   -7.7401   ]
  [-17.078905  -11.416587 ]
  [-17.498043  -10.460003 ]
  [-18.019339  -10.436555 ]
  [-17.262657  -10.382072 ]
  [-17.120743  -11.181721 ]
  [-17.726044   -5.7039547]
  [-17.434422  -10.729713 ]
  [-17.44328   -10.419868 ]
  [-17.440891  -10.646707 ]
  [-18.667486  -10.034735 ]
  [-17.312178  -10.889459 ]
  [-17.63065   -10.230584 ]
  [-17.398779  -10.739174 ]
  [-16.983438  -11.81524  ]
  [-17.104145  -11.12373  ]
  [-18.179195  -10.265113 ]
  [-17.11314   -11.336066 ]
  [-17.754452  -10.227658 ]
  [-17.995186  -10.311155 ]
  [-17.333643  -10.776133 ]
  [-17.941074  -10.202198 ]
  [-17.798695  -10.200044 ]
  [-17.063713  -11.401649 ]
  [-17.142445  -10.984632 ]
  [-17.833553  -10.120819 ]]

 [[-17.862698   -9.361586 ]
  [-18.259201   -9.193468 ]
  [-16.775303   -1.7975998]
  [-17.794722   -9.378374 ]
  [-18.914593   -9.190362 ]
  [-17.91733    -9.392129 ]
  [-17.318771   -9.975962 ]
  [-17.394773   -9.784516 ]
  [-17.713177   -9.474863 ]
  [-16.9747     -1.9592988]
  [-17.625793   -9.605673 ]
  [-18.421364   -9.269668 ]
  [-17.714407   -9.341333 ]
  [-18.327019   -9.259947 ]
  [-17.318811   -1.8531961]
  [-17.927782   -9.375433 ]
  [-17.993568   -9.297458 ]
  [-17.021355   -1.9319322]
  [-17.668789   -9.587932 ]
  [-17.293118   -9.870993 ]
  [-18.20306    -9.31661  ]
  [-17.839447   -9.365323 ]
  [-18.634274   -9.148794 ]
  [-18.846445   -9.06932  ]
  [-17.468704   -9.6831   ]
  [-17.47696    -9.936062 ]
  [-17.988314   -9.373176 ]
  [-17.74801    -9.593811 ]
  [-17.946058   -9.247767 ]
  [-16.412207   -8.01144  ]
  [-17.828682   -9.497863 ]
  [-18.964054   -9.098373 ]
  [-17.418034   -9.716875 ]
  [-17.81213    -9.379051 ]
  [-17.834202   -9.366758 ]
  [-16.804382   -5.8427687]
  [-18.198189   -9.282014 ]
  [-18.29441    -9.177953 ]
  [-17.886505   -9.442134 ]
  [-17.515932   -9.765411 ]
  [-17.182106   -7.3368416]
  [-17.798542   -9.493745 ]
  [-18.777346   -9.0884285]
  [-16.370567   -6.685093 ]
  [-18.059263   -9.413584 ]
  [-17.501999   -9.638325 ]
  [-17.4224     -9.676836 ]
  [-18.289164   -9.198902 ]
  [-17.711704   -9.645948 ]
  [-17.606216   -9.646314 ]
  [-17.307755  -10.225859 ]
  [-19.036125   -9.088261 ]
  [-18.48456    -9.126111 ]
  [-17.43565    -9.517285 ]]

 [[-16.299873  -12.642904 ]
  [-15.909897  -12.068418 ]
  [-16.304333  -12.7146225]
  [-14.610783   -7.034788 ]
  [-16.494175  -12.582306 ]
  [-15.807632  -12.506672 ]
  [-16.326496  -12.614909 ]
  [-16.986238  -12.343048 ]
  [-17.26545   -12.162941 ]
  [-16.182243  -12.658961 ]
  [-14.55632    -7.1561565]
  [-16.629467  -12.545574 ]
  [-15.981785  -13.1208105]
  [-16.563263  -12.311169 ]
  [-16.235195  -12.58815  ]
  [-16.050667  -12.569185 ]
  [-17.492607  -11.7466135]
  [-16.35572   -11.289505 ]
  [-16.168509  -12.912624 ]
  [-17.04      -12.264677 ]
  [-15.816656  -13.138794 ]
  [-16.138664  -11.561272 ]
  [-17.567226  -12.1396885]
  [-15.894015  -12.930234 ]
  [-16.111921  -12.865509 ]
  [-17.143436  -11.247935 ]
  [-16.21368   -11.431398 ]
  [-16.218016  -12.859995 ]
  [-16.053062  -12.923054 ]
  [-17.35944   -11.988827 ]
  [-14.362305  -10.683002 ]
  [-16.772562  -12.354024 ]
  [-15.976724  -12.157259 ]
  [-16.55484   -12.380066 ]
  [-17.249113  -12.0363035]
  [-15.860566  -13.084654 ]
  [-14.416006   -8.003231 ]
  [-16.272615  -12.505584 ]
  [-16.491379  -12.246443 ]
  [-16.085934  -12.620584 ]
  [-16.14762   -12.138835 ]
  [-16.573185  -12.337965 ]
  [-16.911274  -11.722443 ]
  [-15.87984   -13.267876 ]
  [-16.448238  -11.557358 ]
  [-15.902092  -12.292315 ]
  [-16.273605  -12.724913 ]
  [-15.926889  -12.97584  ]
  [-16.300837  -11.855207 ]
  [-16.195759  -12.808169 ]
  [-16.209211  -12.798402 ]
  [-16.365913  -12.642258 ]
  [-16.302198  -12.559401 ]
  [-16.453339  -12.318319 ]]

 [[-17.766983  -12.80142  ]
  [-16.593409  -13.072216 ]
  [-17.26823   -12.947664 ]
  [-17.433855  -12.706173 ]
  [-14.690668  -10.062037 ]
  [-17.495516  -12.989021 ]
  [-17.267624  -12.788237 ]
  [-17.24885   -12.64156  ]
  [-17.659126  -12.7525625]
  [-16.112026  -13.739903 ]
  [-16.367985  -13.573422 ]
  [-14.694411  -10.319645 ]
  [-16.439302  -13.04702  ]
  [-16.937378  -13.139795 ]
  [-17.65524   -12.8210945]
  [-14.977711   -9.274239 ]
  [-17.20733   -12.409288 ]
  [-16.225483  -13.702761 ]
  [-15.25494    -9.00083  ]
  [-16.930855  -13.170738 ]
  [-15.607709   -8.712588 ]
  [-16.569202  -13.385141 ]
  [-16.515072   -8.274666 ]
  [-16.307056  -13.456817 ]
  [-15.774783   -8.61182  ]
  [-16.038229  -14.354754 ]
  [-15.42766    -8.890245 ]
  [-16.357286  -13.473723 ]
  [-16.388945  -13.4054575]
  [-16.774837  -13.183785 ]
  [-16.616457  -13.368988 ]
  [-14.98393   -12.800276 ]
  [-16.1378    -13.700933 ]
  [-16.496466  -13.501078 ]
  [-16.331375  -13.632946 ]
  [-16.601837  -13.330933 ]
  [-16.311417  -13.590048 ]
  [-15.673182  -10.9115925]
  [-16.744717  -12.991132 ]
  [-16.053808  -14.106207 ]
  [-16.313066  -13.586895 ]
  [-15.458097  -12.0334   ]
  [-17.09568   -12.69175  ]
  [-16.425098  -13.28114  ]
  [-15.124466  -10.567338 ]
  [-16.732649  -13.240094 ]
  [-15.202831  -12.572479 ]
  [-16.858881  -12.704201 ]
  [-15.080274  -11.219639 ]
  [-17.429739  -12.859367 ]
  [-15.124422  -12.465912 ]
  [-16.02367   -14.31707  ]
  [-14.470715  -11.887123 ]
  [-17.112865  -13.035156 ]]

 [[-16.969204  -11.648341 ]
  [-16.415379  -12.166144 ]
  [-17.190228  -11.138389 ]
  [-16.569675  -12.240528 ]
  [-16.690254  -12.126833 ]
  [-14.9175     -7.855093 ]
  [-17.1599    -11.640305 ]
  [-16.21083   -12.541249 ]
  [-17.186064  -11.247805 ]
  [-16.331541  -12.484828 ]
  [-16.610336  -12.288783 ]
  [-16.960957  -11.736121 ]
  [-15.021149   -7.6243315]
  [-16.778341  -11.942499 ]
  [-16.530039  -11.81975  ]
  [-17.035276  -12.020533 ]
  [-17.323605  -11.994289 ]
  [-17.452662  -11.576084 ]
  [-16.57751   -11.808998 ]
  [-17.171556  -11.726306 ]
  [-16.205982  -12.509603 ]
  [-16.123814  -12.454997 ]
  [-15.987343  -13.377034 ]
  [-16.927101  -12.039015 ]
  [-16.478348  -12.380384 ]
  [-17.480185  -11.326546 ]
  [-16.095324  -12.919827 ]
  [-16.131374  -12.621368 ]
  [-17.013996  -11.8363695]
  [-16.750439  -12.06727  ]
  [-16.502598  -12.346835 ]
  [-16.671553  -11.674905 ]
  [-15.051039  -10.295582 ]
  [-16.841303  -12.108823 ]
  [-17.437515  -11.643835 ]
  [-16.025263  -12.757877 ]
  [-16.28788   -12.271957 ]
  [-16.783867  -11.996771 ]
  [-14.843417   -9.465918 ]
  [-16.481018  -11.879786 ]
  [-17.247293  -11.800835 ]
  [-17.669575  -11.631447 ]
  [-17.584661  -11.867268 ]
  [-17.556252  -11.427479 ]
  [-16.264395  -12.3484   ]
  [-16.638626  -12.201607 ]
  [-16.34273   -11.634836 ]
  [-16.296001  -12.334179 ]
  [-16.850258  -11.4522915]
  [-16.914742  -11.74986  ]
  [-16.543785  -12.181207 ]
  [-16.52731   -12.2127495]
  [-16.411266  -12.431105 ]
  [-16.09511   -12.8002615]]]

u
[[[  2.793622     0.80600315]
  [  2.8656793    0.30052057]]

 [[-15.340097    -1.2389414 ]
  [-16.560978    -0.35056168]]]

z
[[ 2.2516682   0.86119556]
 [-1.2516682   0.13880444]]

--------------------------
