===================== Inference Activations ======================
--------------------------
Inference example 0
input t
[[[[ 0  0]
   [-9 -9]
   [-9 -9]
   [-9 -9]
   [-9 -9]
   [-9 -9]
   [-9 -9]
   [-9 -9]
   [-9 -9]
   [-9 -9]
   [-9 -9]
   [-9 -9]
   [-9 -9]
   [-9 -9]
   [-9 -9]
   [-9 -9]
   [-9 -9]
   [-9 -9]
   [-9 -9]
   [-9 -9]
   [-9 -9]
   [-9 -9]
   [-9 -9]
   [-9 -9]
   [-9 -9]
   [-9 -9]
   [-9 -9]
   [-9 -9]
   [-9 -9]
   [-9 -9]
   [-9 -9]
   [-9 -9]
   [-9 -9]
   [-9 -9]
   [-9 -9]
   [-9 -9]
   [-9 -9]
   [-9 -9]
   [-9 -9]
   [-9 -9]
   [-9 -9]
   [-9 -9]
   [-9 -9]
   [-9 -9]
   [-9 -9]
   [-9 -9]
   [-9 -9]
   [-9 -9]
   [-9 -9]
   [-9 -9]
   [-9 -9]
   [-9 -9]
   [-9 -9]
   [-9 -9]]

  [[-9 -9]
   [ 0  0]
   [-9 -9]
   [-9 -9]
   [-9 -9]
   [-9 -9]
   [-9 -9]
   [-9 -9]
   [-9 -9]
   [-9 -9]
   [-9 -9]
   [-9 -9]
   [-9 -9]
   [-9 -9]
   [-9 -9]
   [-9 -9]
   [-9 -9]
   [-9 -9]
   [-9 -9]
   [-9 -9]
   [-9 -9]
   [-9 -9]
   [-9 -9]
   [-9 -9]
   [-9 -9]
   [-9 -9]
   [-9 -9]
   [-9 -9]
   [-9 -9]
   [-9 -9]
   [-9 -9]
   [-9 -9]
   [-9 -9]
   [-9 -9]
   [-9 -9]
   [-9 -9]
   [-9 -9]
   [-9 -9]
   [-9 -9]
   [-9 -9]
   [-9 -9]
   [-9 -9]
   [-9 -9]
   [-9 -9]
   [-9 -9]
   [-9 -9]
   [-9 -9]
   [-9 -9]
   [-9 -9]
   [-9 -9]
   [-9 -9]
   [-9 -9]
   [-9 -9]
   [-9 -9]]

  [[-9 -9]
   [-9 -9]
   [-9 -9]
   [-9 -9]
   [-9 -9]
   [-9 -9]
   [-9 -9]
   [-9 -9]
   [-9 -9]
   [-9 -9]
   [-9 -9]
   [-9 -9]
   [-9 -9]
   [-9 -9]
   [-9 -9]
   [-9 -9]
   [-9 -9]
   [-9 -9]
   [-9 -9]
   [-9 -9]
   [-9 -9]
   [-9 -9]
   [-9 -9]
   [-9 -9]
   [-9 -9]
   [-9 -9]
   [-9 -9]
   [-9 -9]
   [-9 -9]
   [-9 -9]
   [-9 -9]
   [-9 -9]
   [-9 -9]
   [-9 -9]
   [-9 -9]
   [-9 -9]
   [-9 -9]
   [-9 -9]
   [-9 -9]
   [-9 -9]
   [-9 -9]
   [-9 -9]
   [-9 -9]
   [-9 -9]
   [-9 -9]
   [-9 -9]
   [-9 -9]
   [-9 -9]
   [-9 -9]
   [-9 -9]
   [-9 -9]
   [-9 -9]
   [-9 -9]
   [ 0  0]]

  [[-9 -9]
   [-9 -9]
   [-9 -9]
   [-9 -9]
   [-9 -9]
   [-9 -9]
   [-9 -9]
   [-9 -9]
   [-9 -9]
   [-9 -9]
   [-9 -9]
   [-9 -9]
   [-9 -9]
   [-9 -9]
   [-9 -9]
   [-9 -9]
   [-9 -9]
   [-9 -9]
   [-9 -9]
   [-9 -9]
   [-9 -9]
   [-9 -9]
   [-9 -9]
   [-9 -9]
   [-9 -9]
   [-9 -9]
   [-9 -9]
   [-9 -9]
   [-9 -9]
   [-9 -9]
   [-9 -9]
   [-9 -9]
   [-9 -9]
   [-9 -9]
   [-9 -9]
   [-9 -9]
   [-9 -9]
   [-9 -9]
   [-9 -9]
   [-9 -9]
   [-9 -9]
   [-9 -9]
   [-9 -9]
   [-9 -9]
   [-9 -9]
   [-9 -9]
   [-9 -9]
   [-9 -9]
   [-9 -9]
   [-9 -9]
   [-9 -9]
   [-9 -9]
   [-9 -9]
   [ 0  0]]

  [[-9 -9]
   [-9 -9]
   [-9 -9]
   [-9 -9]
   [-9 -9]
   [-9 -9]
   [-9 -9]
   [-9 -9]
   [-9 -9]
   [-9 -9]
   [-9 -9]
   [-9 -9]
   [-9 -9]
   [-9 -9]
   [-9 -9]
   [-9 -9]
   [-9 -9]
   [-9 -9]
   [-9 -9]
   [-9 -9]
   [-9 -9]
   [-9 -9]
   [-9 -9]
   [-9 -9]
   [-9 -9]
   [-9 -9]
   [-9 -9]
   [-9 -9]
   [-9 -9]
   [-9 -9]
   [-9 -9]
   [-9 -9]
   [-9 -9]
   [-9 -9]
   [-9 -9]
   [-9 -9]
   [-9 -9]
   [-9 -9]
   [-9 -9]
   [-9 -9]
   [-9 -9]
   [-9 -9]
   [-9 -9]
   [-9 -9]
   [-9 -9]
   [-9 -9]
   [-9 -9]
   [-9 -9]
   [-9 -9]
   [-9 -9]
   [-9 -9]
   [-9 -9]
   [-9 -9]
   [ 0  0]]

  [[-9 -9]
   [-9 -9]
   [-9 -9]
   [-9 -9]
   [-9 -9]
   [-9 -9]
   [-9 -9]
   [-9 -9]
   [-9 -9]
   [-9 -9]
   [-9 -9]
   [-9 -9]
   [-9 -9]
   [-9 -9]
   [-9 -9]
   [-9 -9]
   [-9 -9]
   [-9 -9]
   [-9 -9]
   [-9 -9]
   [-9 -9]
   [-9 -9]
   [-9 -9]
   [-9 -9]
   [-9 -9]
   [-9 -9]
   [-9 -9]
   [-9 -9]
   [-9 -9]
   [-9 -9]
   [-9 -9]
   [-9 -9]
   [-9 -9]
   [-9 -9]
   [-9 -9]
   [-9 -9]
   [-9 -9]
   [-9 -9]
   [-9 -9]
   [-9 -9]
   [-9 -9]
   [-9 -9]
   [-9 -9]
   [-9 -9]
   [-9 -9]
   [-9 -9]
   [-9 -9]
   [-9 -9]
   [-9 -9]
   [-9 -9]
   [-9 -9]
   [-9 -9]
   [-9 -9]
   [ 0  0]]]


 [[[ 0  0]
   [-9 -9]
   [-9 -9]
   [-9 -9]
   [-9 -9]
   [-9 -9]
   [-9 -9]
   [-9 -9]
   [-9 -9]
   [-9 -9]
   [-9 -9]
   [-9 -9]
   [-9 -9]
   [-9 -9]
   [-9 -9]
   [-9 -9]
   [-9 -9]
   [-9 -9]
   [-9 -9]
   [-9 -9]
   [-9 -9]
   [-9 -9]
   [-9 -9]
   [-9 -9]
   [-9 -9]
   [-9 -9]
   [-9 -9]
   [-9 -9]
   [-9 -9]
   [-9 -9]
   [-9 -9]
   [-9 -9]
   [-9 -9]
   [-9 -9]
   [-9 -9]
   [-9 -9]
   [-9 -9]
   [-9 -9]
   [-9 -9]
   [-9 -9]
   [-9 -9]
   [-9 -9]
   [-9 -9]
   [-9 -9]
   [-9 -9]
   [-9 -9]
   [-9 -9]
   [-9 -9]
   [-9 -9]
   [-9 -9]
   [-9 -9]
   [-9 -9]
   [-9 -9]
   [-9 -9]]

  [[-9 -9]
   [ 0  0]
   [-9 -9]
   [-9 -9]
   [-9 -9]
   [-9 -9]
   [-9 -9]
   [-9 -9]
   [-9 -9]
   [-9 -9]
   [-9 -9]
   [-9 -9]
   [-9 -9]
   [-9 -9]
   [-9 -9]
   [-9 -9]
   [-9 -9]
   [-9 -9]
   [-9 -9]
   [-9 -9]
   [-9 -9]
   [-9 -9]
   [-9 -9]
   [-9 -9]
   [-9 -9]
   [-9 -9]
   [-9 -9]
   [-9 -9]
   [-9 -9]
   [-9 -9]
   [-9 -9]
   [-9 -9]
   [-9 -9]
   [-9 -9]
   [-9 -9]
   [-9 -9]
   [-9 -9]
   [-9 -9]
   [-9 -9]
   [-9 -9]
   [-9 -9]
   [-9 -9]
   [-9 -9]
   [-9 -9]
   [-9 -9]
   [-9 -9]
   [-9 -9]
   [-9 -9]
   [-9 -9]
   [-9 -9]
   [-9 -9]
   [-9 -9]
   [-9 -9]
   [-9 -9]]

  [[-9 -9]
   [-9 -9]
   [-9 -9]
   [-9 -9]
   [-9 -9]
   [-9 -9]
   [-9 -9]
   [-9 -9]
   [-9 -9]
   [-9 -9]
   [-9 -9]
   [-9 -9]
   [-9 -9]
   [-9 -9]
   [-9 -9]
   [-9 -9]
   [-9 -9]
   [-9 -9]
   [-9 -9]
   [-9 -9]
   [-9 -9]
   [-9 -9]
   [-9 -9]
   [-9 -9]
   [-9 -9]
   [-9 -9]
   [-9 -9]
   [-9 -9]
   [-9 -9]
   [-9 -9]
   [-9 -9]
   [-9 -9]
   [-9 -9]
   [-9 -9]
   [-9 -9]
   [-9 -9]
   [-9 -9]
   [-9 -9]
   [-9 -9]
   [-9 -9]
   [-9 -9]
   [-9 -9]
   [-9 -9]
   [-9 -9]
   [-9 -9]
   [-9 -9]
   [-9 -9]
   [-9 -9]
   [-9 -9]
   [-9 -9]
   [-9 -9]
   [-9 -9]
   [-9 -9]
   [ 0  0]]

  [[-9 -9]
   [-9 -9]
   [-9 -9]
   [-9 -9]
   [-9 -9]
   [-9 -9]
   [-9 -9]
   [-9 -9]
   [-9 -9]
   [-9 -9]
   [-9 -9]
   [-9 -9]
   [-9 -9]
   [-9 -9]
   [-9 -9]
   [-9 -9]
   [-9 -9]
   [-9 -9]
   [-9 -9]
   [-9 -9]
   [-9 -9]
   [-9 -9]
   [-9 -9]
   [-9 -9]
   [-9 -9]
   [-9 -9]
   [-9 -9]
   [-9 -9]
   [-9 -9]
   [-9 -9]
   [-9 -9]
   [-9 -9]
   [-9 -9]
   [-9 -9]
   [-9 -9]
   [-9 -9]
   [-9 -9]
   [-9 -9]
   [-9 -9]
   [-9 -9]
   [-9 -9]
   [-9 -9]
   [-9 -9]
   [-9 -9]
   [-9 -9]
   [-9 -9]
   [-9 -9]
   [-9 -9]
   [-9 -9]
   [-9 -9]
   [-9 -9]
   [-9 -9]
   [-9 -9]
   [ 0  0]]

  [[-9 -9]
   [-9 -9]
   [-9 -9]
   [-9 -9]
   [-9 -9]
   [-9 -9]
   [-9 -9]
   [-9 -9]
   [-9 -9]
   [-9 -9]
   [-9 -9]
   [-9 -9]
   [-9 -9]
   [-9 -9]
   [-9 -9]
   [-9 -9]
   [-9 -9]
   [-9 -9]
   [-9 -9]
   [-9 -9]
   [-9 -9]
   [-9 -9]
   [-9 -9]
   [-9 -9]
   [-9 -9]
   [-9 -9]
   [-9 -9]
   [-9 -9]
   [-9 -9]
   [-9 -9]
   [-9 -9]
   [-9 -9]
   [-9 -9]
   [-9 -9]
   [-9 -9]
   [-9 -9]
   [-9 -9]
   [-9 -9]
   [-9 -9]
   [-9 -9]
   [-9 -9]
   [-9 -9]
   [-9 -9]
   [-9 -9]
   [-9 -9]
   [-9 -9]
   [-9 -9]
   [-9 -9]
   [-9 -9]
   [-9 -9]
   [-9 -9]
   [-9 -9]
   [-9 -9]
   [ 0  0]]

  [[-9 -9]
   [-9 -9]
   [-9 -9]
   [-9 -9]
   [-9 -9]
   [-9 -9]
   [-9 -9]
   [-9 -9]
   [-9 -9]
   [-9 -9]
   [-9 -9]
   [-9 -9]
   [-9 -9]
   [-9 -9]
   [-9 -9]
   [-9 -9]
   [-9 -9]
   [-9 -9]
   [-9 -9]
   [-9 -9]
   [-9 -9]
   [-9 -9]
   [-9 -9]
   [-9 -9]
   [-9 -9]
   [-9 -9]
   [-9 -9]
   [-9 -9]
   [-9 -9]
   [-9 -9]
   [-9 -9]
   [-9 -9]
   [-9 -9]
   [-9 -9]
   [-9 -9]
   [-9 -9]
   [-9 -9]
   [-9 -9]
   [-9 -9]
   [-9 -9]
   [-9 -9]
   [-9 -9]
   [-9 -9]
   [-9 -9]
   [-9 -9]
   [-9 -9]
   [-9 -9]
   [-9 -9]
   [-9 -9]
   [-9 -9]
   [-9 -9]
   [-9 -9]
   [-9 -9]
   [ 0  0]]]


 [[[ 0  0]
   [-9 -9]
   [-9 -9]
   [-9 -9]
   [-9 -9]
   [-9 -9]
   [-9 -9]
   [-9 -9]
   [-9 -9]
   [-9 -9]
   [-9 -9]
   [-9 -9]
   [-9 -9]
   [-9 -9]
   [-9 -9]
   [-9 -9]
   [-9 -9]
   [-9 -9]
   [-9 -9]
   [-9 -9]
   [-9 -9]
   [-9 -9]
   [-9 -9]
   [-9 -9]
   [-9 -9]
   [-9 -9]
   [-9 -9]
   [-9 -9]
   [-9 -9]
   [-9 -9]
   [-9 -9]
   [-9 -9]
   [-9 -9]
   [-9 -9]
   [-9 -9]
   [-9 -9]
   [-9 -9]
   [-9 -9]
   [-9 -9]
   [-9 -9]
   [-9 -9]
   [-9 -9]
   [-9 -9]
   [-9 -9]
   [-9 -9]
   [-9 -9]
   [-9 -9]
   [-9 -9]
   [-9 -9]
   [-9 -9]
   [-9 -9]
   [-9 -9]
   [-9 -9]
   [-9 -9]]

  [[-9 -9]
   [ 0  0]
   [-9 -9]
   [-9 -9]
   [-9 -9]
   [-9 -9]
   [-9 -9]
   [-9 -9]
   [-9 -9]
   [-9 -9]
   [-9 -9]
   [-9 -9]
   [-9 -9]
   [-9 -9]
   [-9 -9]
   [-9 -9]
   [-9 -9]
   [-9 -9]
   [-9 -9]
   [-9 -9]
   [-9 -9]
   [-9 -9]
   [-9 -9]
   [-9 -9]
   [-9 -9]
   [-9 -9]
   [-9 -9]
   [-9 -9]
   [-9 -9]
   [-9 -9]
   [-9 -9]
   [-9 -9]
   [-9 -9]
   [-9 -9]
   [-9 -9]
   [-9 -9]
   [-9 -9]
   [-9 -9]
   [-9 -9]
   [-9 -9]
   [-9 -9]
   [-9 -9]
   [-9 -9]
   [-9 -9]
   [-9 -9]
   [-9 -9]
   [-9 -9]
   [-9 -9]
   [-9 -9]
   [-9 -9]
   [-9 -9]
   [-9 -9]
   [-9 -9]
   [-9 -9]]

  [[-9 -9]
   [-9 -9]
   [-9 -9]
   [-9 -9]
   [-9 -9]
   [-9 -9]
   [-9 -9]
   [-9 -9]
   [-9 -9]
   [-9 -9]
   [-9 -9]
   [-9 -9]
   [-9 -9]
   [-9 -9]
   [-9 -9]
   [-9 -9]
   [-9 -9]
   [-9 -9]
   [-9 -9]
   [-9 -9]
   [-9 -9]
   [-9 -9]
   [-9 -9]
   [-9 -9]
   [-9 -9]
   [-9 -9]
   [-9 -9]
   [-9 -9]
   [-9 -9]
   [-9 -9]
   [-9 -9]
   [-9 -9]
   [-9 -9]
   [-9 -9]
   [-9 -9]
   [-9 -9]
   [-9 -9]
   [-9 -9]
   [-9 -9]
   [-9 -9]
   [-9 -9]
   [-9 -9]
   [-9 -9]
   [-9 -9]
   [-9 -9]
   [-9 -9]
   [-9 -9]
   [-9 -9]
   [-9 -9]
   [-9 -9]
   [-9 -9]
   [-9 -9]
   [-9 -9]
   [ 0  0]]

  [[-9 -9]
   [-9 -9]
   [-9 -9]
   [-9 -9]
   [-9 -9]
   [-9 -9]
   [-9 -9]
   [-9 -9]
   [-9 -9]
   [-9 -9]
   [-9 -9]
   [-9 -9]
   [-9 -9]
   [-9 -9]
   [-9 -9]
   [-9 -9]
   [-9 -9]
   [-9 -9]
   [-9 -9]
   [-9 -9]
   [-9 -9]
   [-9 -9]
   [-9 -9]
   [-9 -9]
   [-9 -9]
   [-9 -9]
   [-9 -9]
   [-9 -9]
   [-9 -9]
   [-9 -9]
   [-9 -9]
   [-9 -9]
   [-9 -9]
   [-9 -9]
   [-9 -9]
   [-9 -9]
   [-9 -9]
   [-9 -9]
   [-9 -9]
   [-9 -9]
   [-9 -9]
   [-9 -9]
   [-9 -9]
   [-9 -9]
   [-9 -9]
   [-9 -9]
   [-9 -9]
   [-9 -9]
   [-9 -9]
   [-9 -9]
   [-9 -9]
   [-9 -9]
   [-9 -9]
   [ 0  0]]

  [[-9 -9]
   [-9 -9]
   [-9 -9]
   [-9 -9]
   [-9 -9]
   [-9 -9]
   [-9 -9]
   [-9 -9]
   [-9 -9]
   [-9 -9]
   [-9 -9]
   [-9 -9]
   [-9 -9]
   [-9 -9]
   [-9 -9]
   [-9 -9]
   [-9 -9]
   [-9 -9]
   [-9 -9]
   [-9 -9]
   [-9 -9]
   [-9 -9]
   [-9 -9]
   [-9 -9]
   [-9 -9]
   [-9 -9]
   [-9 -9]
   [-9 -9]
   [-9 -9]
   [-9 -9]
   [-9 -9]
   [-9 -9]
   [-9 -9]
   [-9 -9]
   [-9 -9]
   [-9 -9]
   [-9 -9]
   [-9 -9]
   [-9 -9]
   [-9 -9]
   [-9 -9]
   [-9 -9]
   [-9 -9]
   [-9 -9]
   [-9 -9]
   [-9 -9]
   [-9 -9]
   [-9 -9]
   [-9 -9]
   [-9 -9]
   [-9 -9]
   [-9 -9]
   [-9 -9]
   [ 0  0]]

  [[-9 -9]
   [-9 -9]
   [-9 -9]
   [-9 -9]
   [-9 -9]
   [-9 -9]
   [-9 -9]
   [-9 -9]
   [-9 -9]
   [-9 -9]
   [-9 -9]
   [-9 -9]
   [-9 -9]
   [-9 -9]
   [-9 -9]
   [-9 -9]
   [-9 -9]
   [-9 -9]
   [-9 -9]
   [-9 -9]
   [-9 -9]
   [-9 -9]
   [-9 -9]
   [-9 -9]
   [-9 -9]
   [-9 -9]
   [-9 -9]
   [-9 -9]
   [-9 -9]
   [-9 -9]
   [-9 -9]
   [-9 -9]
   [-9 -9]
   [-9 -9]
   [-9 -9]
   [-9 -9]
   [-9 -9]
   [-9 -9]
   [-9 -9]
   [-9 -9]
   [-9 -9]
   [-9 -9]
   [-9 -9]
   [-9 -9]
   [-9 -9]
   [-9 -9]
   [-9 -9]
   [-9 -9]
   [-9 -9]
   [-9 -9]
   [-9 -9]
   [-9 -9]
   [-9 -9]
   [ 0  0]]]


 [[[ 0  0]
   [-9 -9]
   [-9 -9]
   [-9 -9]
   [-9 -9]
   [-9 -9]
   [-9 -9]
   [-9 -9]
   [-9 -9]
   [-9 -9]
   [-9 -9]
   [-9 -9]
   [-9 -9]
   [-9 -9]
   [-9 -9]
   [-9 -9]
   [-9 -9]
   [-9 -9]
   [-9 -9]
   [-9 -9]
   [-9 -9]
   [-9 -9]
   [-9 -9]
   [-9 -9]
   [-9 -9]
   [-9 -9]
   [-9 -9]
   [-9 -9]
   [-9 -9]
   [-9 -9]
   [-9 -9]
   [-9 -9]
   [-9 -9]
   [-9 -9]
   [-9 -9]
   [-9 -9]
   [-9 -9]
   [-9 -9]
   [-9 -9]
   [-9 -9]
   [-9 -9]
   [-9 -9]
   [-9 -9]
   [-9 -9]
   [-9 -9]
   [-9 -9]
   [-9 -9]
   [-9 -9]
   [-9 -9]
   [-9 -9]
   [-9 -9]
   [-9 -9]
   [-9 -9]
   [-9 -9]]

  [[-9 -9]
   [ 0  0]
   [-9 -9]
   [-9 -9]
   [-9 -9]
   [-9 -9]
   [-9 -9]
   [-9 -9]
   [-9 -9]
   [-9 -9]
   [-9 -9]
   [-9 -9]
   [-9 -9]
   [-9 -9]
   [-9 -9]
   [-9 -9]
   [-9 -9]
   [-9 -9]
   [-9 -9]
   [-9 -9]
   [-9 -9]
   [-9 -9]
   [-9 -9]
   [-9 -9]
   [-9 -9]
   [-9 -9]
   [-9 -9]
   [-9 -9]
   [-9 -9]
   [-9 -9]
   [-9 -9]
   [-9 -9]
   [-9 -9]
   [-9 -9]
   [-9 -9]
   [-9 -9]
   [-9 -9]
   [-9 -9]
   [-9 -9]
   [-9 -9]
   [-9 -9]
   [-9 -9]
   [-9 -9]
   [-9 -9]
   [-9 -9]
   [-9 -9]
   [-9 -9]
   [-9 -9]
   [-9 -9]
   [-9 -9]
   [-9 -9]
   [-9 -9]
   [-9 -9]
   [-9 -9]]

  [[-9 -9]
   [-9 -9]
   [-9 -9]
   [-9 -9]
   [-9 -9]
   [-9 -9]
   [-9 -9]
   [-9 -9]
   [-9 -9]
   [-9 -9]
   [-9 -9]
   [-9 -9]
   [-9 -9]
   [-9 -9]
   [-9 -9]
   [-9 -9]
   [-9 -9]
   [-9 -9]
   [-9 -9]
   [-9 -9]
   [-9 -9]
   [-9 -9]
   [-9 -9]
   [-9 -9]
   [-9 -9]
   [-9 -9]
   [-9 -9]
   [-9 -9]
   [-9 -9]
   [-9 -9]
   [-9 -9]
   [-9 -9]
   [-9 -9]
   [-9 -9]
   [-9 -9]
   [-9 -9]
   [-9 -9]
   [-9 -9]
   [-9 -9]
   [-9 -9]
   [-9 -9]
   [-9 -9]
   [-9 -9]
   [-9 -9]
   [-9 -9]
   [-9 -9]
   [-9 -9]
   [-9 -9]
   [-9 -9]
   [-9 -9]
   [-9 -9]
   [-9 -9]
   [-9 -9]
   [ 0  0]]

  [[-9 -9]
   [-9 -9]
   [-9 -9]
   [-9 -9]
   [-9 -9]
   [-9 -9]
   [-9 -9]
   [-9 -9]
   [-9 -9]
   [-9 -9]
   [-9 -9]
   [-9 -9]
   [-9 -9]
   [-9 -9]
   [-9 -9]
   [-9 -9]
   [-9 -9]
   [-9 -9]
   [-9 -9]
   [-9 -9]
   [-9 -9]
   [-9 -9]
   [-9 -9]
   [-9 -9]
   [-9 -9]
   [-9 -9]
   [-9 -9]
   [-9 -9]
   [-9 -9]
   [-9 -9]
   [-9 -9]
   [-9 -9]
   [-9 -9]
   [-9 -9]
   [-9 -9]
   [-9 -9]
   [-9 -9]
   [-9 -9]
   [-9 -9]
   [-9 -9]
   [-9 -9]
   [-9 -9]
   [-9 -9]
   [-9 -9]
   [-9 -9]
   [-9 -9]
   [-9 -9]
   [-9 -9]
   [-9 -9]
   [-9 -9]
   [-9 -9]
   [-9 -9]
   [-9 -9]
   [ 0  0]]

  [[-9 -9]
   [-9 -9]
   [-9 -9]
   [-9 -9]
   [-9 -9]
   [-9 -9]
   [-9 -9]
   [-9 -9]
   [-9 -9]
   [-9 -9]
   [-9 -9]
   [-9 -9]
   [-9 -9]
   [-9 -9]
   [-9 -9]
   [-9 -9]
   [-9 -9]
   [-9 -9]
   [-9 -9]
   [-9 -9]
   [-9 -9]
   [-9 -9]
   [-9 -9]
   [-9 -9]
   [-9 -9]
   [-9 -9]
   [-9 -9]
   [-9 -9]
   [-9 -9]
   [-9 -9]
   [-9 -9]
   [-9 -9]
   [-9 -9]
   [-9 -9]
   [-9 -9]
   [-9 -9]
   [-9 -9]
   [-9 -9]
   [-9 -9]
   [-9 -9]
   [-9 -9]
   [-9 -9]
   [-9 -9]
   [-9 -9]
   [-9 -9]
   [-9 -9]
   [-9 -9]
   [-9 -9]
   [-9 -9]
   [-9 -9]
   [-9 -9]
   [-9 -9]
   [-9 -9]
   [ 0  0]]

  [[-9 -9]
   [-9 -9]
   [-9 -9]
   [-9 -9]
   [-9 -9]
   [-9 -9]
   [-9 -9]
   [-9 -9]
   [-9 -9]
   [-9 -9]
   [-9 -9]
   [-9 -9]
   [-9 -9]
   [-9 -9]
   [-9 -9]
   [-9 -9]
   [-9 -9]
   [-9 -9]
   [-9 -9]
   [-9 -9]
   [-9 -9]
   [-9 -9]
   [-9 -9]
   [-9 -9]
   [-9 -9]
   [-9 -9]
   [-9 -9]
   [-9 -9]
   [-9 -9]
   [-9 -9]
   [-9 -9]
   [-9 -9]
   [-9 -9]
   [-9 -9]
   [-9 -9]
   [-9 -9]
   [-9 -9]
   [-9 -9]
   [-9 -9]
   [-9 -9]
   [-9 -9]
   [-9 -9]
   [-9 -9]
   [-9 -9]
   [-9 -9]
   [-9 -9]
   [-9 -9]
   [-9 -9]
   [-9 -9]
   [-9 -9]
   [-9 -9]
   [-9 -9]
   [-9 -9]
   [ 0  0]]]


 [[[ 0  0]
   [-9 -9]
   [-9 -9]
   [-9 -9]
   [-9 -9]
   [-9 -9]
   [-9 -9]
   [-9 -9]
   [-9 -9]
   [-9 -9]
   [-9 -9]
   [-9 -9]
   [-9 -9]
   [-9 -9]
   [-9 -9]
   [-9 -9]
   [-9 -9]
   [-9 -9]
   [-9 -9]
   [-9 -9]
   [-9 -9]
   [-9 -9]
   [-9 -9]
   [-9 -9]
   [-9 -9]
   [-9 -9]
   [-9 -9]
   [-9 -9]
   [-9 -9]
   [-9 -9]
   [-9 -9]
   [-9 -9]
   [-9 -9]
   [-9 -9]
   [-9 -9]
   [-9 -9]
   [-9 -9]
   [-9 -9]
   [-9 -9]
   [-9 -9]
   [-9 -9]
   [-9 -9]
   [-9 -9]
   [-9 -9]
   [-9 -9]
   [-9 -9]
   [-9 -9]
   [-9 -9]
   [-9 -9]
   [-9 -9]
   [-9 -9]
   [-9 -9]
   [-9 -9]
   [-9 -9]]

  [[-9 -9]
   [ 0  0]
   [-9 -9]
   [-9 -9]
   [-9 -9]
   [-9 -9]
   [-9 -9]
   [-9 -9]
   [-9 -9]
   [-9 -9]
   [-9 -9]
   [-9 -9]
   [-9 -9]
   [-9 -9]
   [-9 -9]
   [-9 -9]
   [-9 -9]
   [-9 -9]
   [-9 -9]
   [-9 -9]
   [-9 -9]
   [-9 -9]
   [-9 -9]
   [-9 -9]
   [-9 -9]
   [-9 -9]
   [-9 -9]
   [-9 -9]
   [-9 -9]
   [-9 -9]
   [-9 -9]
   [-9 -9]
   [-9 -9]
   [-9 -9]
   [-9 -9]
   [-9 -9]
   [-9 -9]
   [-9 -9]
   [-9 -9]
   [-9 -9]
   [-9 -9]
   [-9 -9]
   [-9 -9]
   [-9 -9]
   [-9 -9]
   [-9 -9]
   [-9 -9]
   [-9 -9]
   [-9 -9]
   [-9 -9]
   [-9 -9]
   [-9 -9]
   [-9 -9]
   [-9 -9]]

  [[-9 -9]
   [-9 -9]
   [-9 -9]
   [-9 -9]
   [-9 -9]
   [-9 -9]
   [-9 -9]
   [-9 -9]
   [-9 -9]
   [-9 -9]
   [-9 -9]
   [-9 -9]
   [-9 -9]
   [-9 -9]
   [-9 -9]
   [-9 -9]
   [-9 -9]
   [-9 -9]
   [-9 -9]
   [-9 -9]
   [-9 -9]
   [-9 -9]
   [-9 -9]
   [-9 -9]
   [-9 -9]
   [-9 -9]
   [-9 -9]
   [-9 -9]
   [-9 -9]
   [-9 -9]
   [-9 -9]
   [-9 -9]
   [-9 -9]
   [-9 -9]
   [-9 -9]
   [-9 -9]
   [-9 -9]
   [-9 -9]
   [-9 -9]
   [-9 -9]
   [-9 -9]
   [-9 -9]
   [-9 -9]
   [-9 -9]
   [-9 -9]
   [-9 -9]
   [-9 -9]
   [-9 -9]
   [-9 -9]
   [-9 -9]
   [-9 -9]
   [-9 -9]
   [-9 -9]
   [ 0  0]]

  [[-9 -9]
   [-9 -9]
   [-9 -9]
   [-9 -9]
   [-9 -9]
   [-9 -9]
   [-9 -9]
   [-9 -9]
   [-9 -9]
   [-9 -9]
   [-9 -9]
   [-9 -9]
   [-9 -9]
   [-9 -9]
   [-9 -9]
   [-9 -9]
   [-9 -9]
   [-9 -9]
   [-9 -9]
   [-9 -9]
   [-9 -9]
   [-9 -9]
   [-9 -9]
   [-9 -9]
   [-9 -9]
   [-9 -9]
   [-9 -9]
   [-9 -9]
   [-9 -9]
   [-9 -9]
   [-9 -9]
   [-9 -9]
   [-9 -9]
   [-9 -9]
   [-9 -9]
   [-9 -9]
   [-9 -9]
   [-9 -9]
   [-9 -9]
   [-9 -9]
   [-9 -9]
   [-9 -9]
   [-9 -9]
   [-9 -9]
   [-9 -9]
   [-9 -9]
   [-9 -9]
   [-9 -9]
   [-9 -9]
   [-9 -9]
   [-9 -9]
   [-9 -9]
   [-9 -9]
   [ 0  0]]

  [[-9 -9]
   [-9 -9]
   [-9 -9]
   [-9 -9]
   [-9 -9]
   [-9 -9]
   [-9 -9]
   [-9 -9]
   [-9 -9]
   [-9 -9]
   [-9 -9]
   [-9 -9]
   [-9 -9]
   [-9 -9]
   [-9 -9]
   [-9 -9]
   [-9 -9]
   [-9 -9]
   [-9 -9]
   [-9 -9]
   [-9 -9]
   [-9 -9]
   [-9 -9]
   [-9 -9]
   [-9 -9]
   [-9 -9]
   [-9 -9]
   [-9 -9]
   [-9 -9]
   [-9 -9]
   [-9 -9]
   [-9 -9]
   [-9 -9]
   [-9 -9]
   [-9 -9]
   [-9 -9]
   [-9 -9]
   [-9 -9]
   [-9 -9]
   [-9 -9]
   [-9 -9]
   [-9 -9]
   [-9 -9]
   [-9 -9]
   [-9 -9]
   [-9 -9]
   [-9 -9]
   [-9 -9]
   [-9 -9]
   [-9 -9]
   [-9 -9]
   [-9 -9]
   [-9 -9]
   [ 0  0]]

  [[-9 -9]
   [-9 -9]
   [-9 -9]
   [-9 -9]
   [-9 -9]
   [-9 -9]
   [-9 -9]
   [-9 -9]
   [-9 -9]
   [-9 -9]
   [-9 -9]
   [-9 -9]
   [-9 -9]
   [-9 -9]
   [-9 -9]
   [-9 -9]
   [-9 -9]
   [-9 -9]
   [-9 -9]
   [-9 -9]
   [-9 -9]
   [-9 -9]
   [-9 -9]
   [-9 -9]
   [-9 -9]
   [-9 -9]
   [-9 -9]
   [-9 -9]
   [-9 -9]
   [-9 -9]
   [-9 -9]
   [-9 -9]
   [-9 -9]
   [-9 -9]
   [-9 -9]
   [-9 -9]
   [-9 -9]
   [-9 -9]
   [-9 -9]
   [-9 -9]
   [-9 -9]
   [-9 -9]
   [-9 -9]
   [-9 -9]
   [-9 -9]
   [-9 -9]
   [-9 -9]
   [-9 -9]
   [-9 -9]
   [-9 -9]
   [-9 -9]
   [-9 -9]
   [-9 -9]
   [ 0  0]]]


 [[[ 0  0]
   [-9 -9]
   [-9 -9]
   [-9 -9]
   [-9 -9]
   [-9 -9]
   [-9 -9]
   [-9 -9]
   [-9 -9]
   [-9 -9]
   [-9 -9]
   [-9 -9]
   [-9 -9]
   [-9 -9]
   [-9 -9]
   [-9 -9]
   [-9 -9]
   [-9 -9]
   [-9 -9]
   [-9 -9]
   [-9 -9]
   [-9 -9]
   [-9 -9]
   [-9 -9]
   [-9 -9]
   [-9 -9]
   [-9 -9]
   [-9 -9]
   [-9 -9]
   [-9 -9]
   [-9 -9]
   [-9 -9]
   [-9 -9]
   [-9 -9]
   [-9 -9]
   [-9 -9]
   [-9 -9]
   [-9 -9]
   [-9 -9]
   [-9 -9]
   [-9 -9]
   [-9 -9]
   [-9 -9]
   [-9 -9]
   [-9 -9]
   [-9 -9]
   [-9 -9]
   [-9 -9]
   [-9 -9]
   [-9 -9]
   [-9 -9]
   [-9 -9]
   [-9 -9]
   [-9 -9]]

  [[-9 -9]
   [ 0  0]
   [-9 -9]
   [-9 -9]
   [-9 -9]
   [-9 -9]
   [-9 -9]
   [-9 -9]
   [-9 -9]
   [-9 -9]
   [-9 -9]
   [-9 -9]
   [-9 -9]
   [-9 -9]
   [-9 -9]
   [-9 -9]
   [-9 -9]
   [-9 -9]
   [-9 -9]
   [-9 -9]
   [-9 -9]
   [-9 -9]
   [-9 -9]
   [-9 -9]
   [-9 -9]
   [-9 -9]
   [-9 -9]
   [-9 -9]
   [-9 -9]
   [-9 -9]
   [-9 -9]
   [-9 -9]
   [-9 -9]
   [-9 -9]
   [-9 -9]
   [-9 -9]
   [-9 -9]
   [-9 -9]
   [-9 -9]
   [-9 -9]
   [-9 -9]
   [-9 -9]
   [-9 -9]
   [-9 -9]
   [-9 -9]
   [-9 -9]
   [-9 -9]
   [-9 -9]
   [-9 -9]
   [-9 -9]
   [-9 -9]
   [-9 -9]
   [-9 -9]
   [-9 -9]]

  [[-9 -9]
   [-9 -9]
   [-9 -9]
   [-9 -9]
   [-9 -9]
   [-9 -9]
   [-9 -9]
   [-9 -9]
   [-9 -9]
   [-9 -9]
   [-9 -9]
   [-9 -9]
   [-9 -9]
   [-9 -9]
   [-9 -9]
   [-9 -9]
   [-9 -9]
   [-9 -9]
   [-9 -9]
   [-9 -9]
   [-9 -9]
   [-9 -9]
   [-9 -9]
   [-9 -9]
   [-9 -9]
   [-9 -9]
   [-9 -9]
   [-9 -9]
   [-9 -9]
   [-9 -9]
   [-9 -9]
   [-9 -9]
   [-9 -9]
   [-9 -9]
   [-9 -9]
   [-9 -9]
   [-9 -9]
   [-9 -9]
   [-9 -9]
   [-9 -9]
   [-9 -9]
   [-9 -9]
   [-9 -9]
   [-9 -9]
   [-9 -9]
   [-9 -9]
   [-9 -9]
   [-9 -9]
   [-9 -9]
   [-9 -9]
   [-9 -9]
   [-9 -9]
   [-9 -9]
   [ 0  0]]

  [[-9 -9]
   [-9 -9]
   [-9 -9]
   [-9 -9]
   [-9 -9]
   [-9 -9]
   [-9 -9]
   [-9 -9]
   [-9 -9]
   [-9 -9]
   [-9 -9]
   [-9 -9]
   [-9 -9]
   [-9 -9]
   [-9 -9]
   [-9 -9]
   [-9 -9]
   [-9 -9]
   [-9 -9]
   [-9 -9]
   [-9 -9]
   [-9 -9]
   [-9 -9]
   [-9 -9]
   [-9 -9]
   [-9 -9]
   [-9 -9]
   [-9 -9]
   [-9 -9]
   [-9 -9]
   [-9 -9]
   [-9 -9]
   [-9 -9]
   [-9 -9]
   [-9 -9]
   [-9 -9]
   [-9 -9]
   [-9 -9]
   [-9 -9]
   [-9 -9]
   [-9 -9]
   [-9 -9]
   [-9 -9]
   [-9 -9]
   [-9 -9]
   [-9 -9]
   [-9 -9]
   [-9 -9]
   [-9 -9]
   [-9 -9]
   [-9 -9]
   [-9 -9]
   [-9 -9]
   [ 0  0]]

  [[-9 -9]
   [-9 -9]
   [-9 -9]
   [-9 -9]
   [-9 -9]
   [-9 -9]
   [-9 -9]
   [-9 -9]
   [-9 -9]
   [-9 -9]
   [-9 -9]
   [-9 -9]
   [-9 -9]
   [-9 -9]
   [-9 -9]
   [-9 -9]
   [-9 -9]
   [-9 -9]
   [-9 -9]
   [-9 -9]
   [-9 -9]
   [-9 -9]
   [-9 -9]
   [-9 -9]
   [-9 -9]
   [-9 -9]
   [-9 -9]
   [-9 -9]
   [-9 -9]
   [-9 -9]
   [-9 -9]
   [-9 -9]
   [-9 -9]
   [-9 -9]
   [-9 -9]
   [-9 -9]
   [-9 -9]
   [-9 -9]
   [-9 -9]
   [-9 -9]
   [-9 -9]
   [-9 -9]
   [-9 -9]
   [-9 -9]
   [-9 -9]
   [-9 -9]
   [-9 -9]
   [-9 -9]
   [-9 -9]
   [-9 -9]
   [-9 -9]
   [-9 -9]
   [-9 -9]
   [ 0  0]]

  [[-9 -9]
   [-9 -9]
   [-9 -9]
   [-9 -9]
   [-9 -9]
   [-9 -9]
   [-9 -9]
   [-9 -9]
   [-9 -9]
   [-9 -9]
   [-9 -9]
   [-9 -9]
   [-9 -9]
   [-9 -9]
   [-9 -9]
   [-9 -9]
   [-9 -9]
   [-9 -9]
   [-9 -9]
   [-9 -9]
   [-9 -9]
   [-9 -9]
   [-9 -9]
   [-9 -9]
   [-9 -9]
   [-9 -9]
   [-9 -9]
   [-9 -9]
   [-9 -9]
   [-9 -9]
   [-9 -9]
   [-9 -9]
   [-9 -9]
   [-9 -9]
   [-9 -9]
   [-9 -9]
   [-9 -9]
   [-9 -9]
   [-9 -9]
   [-9 -9]
   [-9 -9]
   [-9 -9]
   [-9 -9]
   [-9 -9]
   [-9 -9]
   [-9 -9]
   [-9 -9]
   [-9 -9]
   [-9 -9]
   [-9 -9]
   [-9 -9]
   [-9 -9]
   [-9 -9]
   [ 0  0]]]]
output t
[[-4.762517  -4.664232  -4.7658963 -4.7038093 -4.680675  -4.7499723
  -4.7647476 -4.738661  -4.65646   -4.744725  -4.675584  -4.770734
  -4.7472496 -4.722891  -4.6780896 -4.649554  -4.658977  -4.7849283
  -4.7367516 -4.770606  -4.7730227 -4.7407336 -4.703871  -4.7642813
  -4.672951  -4.750127  -4.8043146 -4.7215123 -4.741309  -4.721402
  -4.7760935 -4.6590576 -4.6673183 -4.74427   -4.7537827 -4.6952314
  -4.7253165 -4.7469187 -4.708178  -4.770185  -4.763029  -4.7162995
  -4.7115545 -4.7029867 -4.750897  -4.724751  -4.708195  -4.7793126
  -4.6744747 -4.7929206 -4.752631  -4.70259   -4.710096  -4.7701015]
 [-4.7151117 -4.701348  -4.6661663 -4.7327285 -4.7137675 -4.693179
  -4.694876  -4.6787863 -4.6896963 -4.668271  -4.650679  -4.678571
  -4.7390985 -4.7360377 -4.7007275 -4.685235  -4.7729416 -4.6655226
  -4.764742  -4.794359  -4.7010827 -4.690384  -4.6508455 -4.7069426
  -4.766732  -4.6792655 -4.6967525 -4.6353426 -4.714924  -4.6305037
  -4.6741505 -4.777313  -4.6690083 -4.695711  -4.731205  -4.673247
  -4.6983204 -4.656112  -4.7151413 -4.676776  -4.670411  -4.6763635
  -4.792822  -4.6623483 -4.66053   -4.714591  -4.6091857 -4.7315464
  -4.7343006 -4.693472  -4.709005  -4.7202854 -4.6459537 -4.750954 ]
 [-4.8057575 -4.805447  -4.8021865 -4.800115  -4.7866707 -4.803553
  -4.798476  -4.8075094 -4.8038654 -4.8044024 -4.811925  -4.79102
  -4.8034096 -4.800716  -4.796845  -4.797373  -4.806372  -4.804186
  -4.800297  -4.813428  -4.8030047 -4.817184  -4.791108  -4.7857175
  -4.810398  -4.8053093 -4.794389  -4.7923326 -4.791858  -4.809646
  -4.790429  -4.800595  -4.8152447 -4.805307  -4.810646  -4.792441
  -4.804536  -4.8076715 -4.8050947 -4.7906985 -4.793914  -4.7925825
  -4.799754  -4.802101  -4.8050013 -4.795747  -4.807654  -4.8084393
  -4.7947106 -4.810313  -4.7977734 -4.808218  -4.7989616 -4.8009343]
 [-4.403224  -4.425828  -4.472936  -4.5261374 -4.498682  -4.4121456
  -4.444755  -4.419949  -4.4898643 -4.4240417 -4.4499955 -4.47295
  -4.5251794 -4.6444235 -4.468781  -4.4540324 -4.501689  -4.4825697
  -4.5804167 -4.5047393 -4.3898654 -4.479103  -4.3705335 -4.523395
  -4.512273  -4.3814144 -4.488951  -4.4679008 -4.5707893 -4.457512
  -4.5566196 -4.508698  -4.388913  -4.550655  -4.5654526 -4.5286036
  -4.4996405 -4.4109626 -4.5887494 -4.6632857 -4.507373  -4.5744276
  -4.547937  -4.5748453 -4.5759706 -4.4114933 -4.4609323 -4.532443
  -4.5554895 -4.517749  -4.4770117 -4.5148363 -4.554628  -4.606492 ]
 [-4.685004  -4.738468  -4.6262774 -4.630669  -4.79321   -4.7177525
  -4.816593  -4.902583  -4.704296  -4.8520384 -4.7388573 -4.662687
  -4.8814216 -4.7533574 -4.750808  -4.7493157 -4.694051  -4.810816
  -4.845358  -4.772846  -4.7511115 -4.6816144 -4.676194  -4.7915716
  -4.718279  -4.828599  -4.7387133 -4.7742553 -4.7603006 -4.728282
  -4.6042547 -4.6280336 -4.814207  -4.6207976 -4.7246532 -4.7694225
  -4.824439  -4.6338177 -4.790491  -4.7473254 -4.671191  -4.678751
  -4.7371492 -4.7667813 -4.6983595 -4.6616583 -4.6390605 -4.806404
  -4.8327017 -4.7690554 -4.7019677 -4.6435714 -4.7250514 -4.7130294]
 [-4.5966816 -4.575644  -4.5252132 -4.501108  -4.5059967 -4.589621
  -4.564497  -4.549576  -4.564308  -4.5577745 -4.5844445 -4.493643
  -4.5565057 -4.537433  -4.5339756 -4.546837  -4.549711  -4.511562
  -4.550143  -4.5214224 -4.535982  -4.5039825 -4.5600276 -4.5717497
  -4.569351  -4.4756327 -4.490342  -4.5760965 -4.5052357 -4.5859165
  -4.5153165 -4.557355  -4.5201845 -4.5201454 -4.596783  -4.588959
  -4.5135965 -4.575823  -4.5545106 -4.5334616 -4.5525393 -4.596385
  -4.5568924 -4.509412  -4.5818443 -4.565943  -4.5944963 -4.5399384
  -4.4880733 -4.6001663 -4.5817976 -4.646262  -4.519557  -4.4804735]]

=========================
Layer 0 encoder
z
[[-0.6931472 -0.6931472]
 [-0.6931472 -0.6931472]]

u
[[[-0.6931472 -0.6931472]
  [-0.6931472 -0.6931472]]

 [[-0.6931472 -0.6931472]
  [-0.6931472 -0.6931472]]]

v
[[-0.6931472 -0.6931472]
 [-0.6931472 -0.6931472]]

y_categorical
[[-0.6931472  -0.69314724]]

y_bernoulli
[[-0.6931472  -0.6931472 ]
 [-0.6931472  -0.69314724]]

rho_categorical
[[-0.5197106  -0.5087534 ]
 [-0.53171885 -0.46804985]
 [-0.21481441 -0.9434432 ]
 [-0.12532546 -1.114192  ]
 [-0.35963267 -0.72767246]
 [-0.44143218 -0.5501186 ]]

x_categorical
[[-0.40564632 -0.7477573 ]]

x_bernoulli
[[-0.8787619 -0.5366509]
 [-0.5366509 -0.8787619]]

z_prime
[[-0.6931472 -0.6931472]
 [-0.6931472 -0.6931472]]

=========================
Layer 1 encoder
z
[[-0.6931472 -0.6931472]
 [-0.6931472 -0.6931472]]

u
[[[-0.6931472 -0.6931472]
  [-0.6931472 -0.6931472]]

 [[-0.6931472 -0.6931472]
  [-0.6931472 -0.6931472]]]

v
[[-0.6931472 -0.6931472]
 [-0.6931472 -0.6931472]]

y_categorical
[[-0.6931472 -0.6931471]]

y_bernoulli
[[-0.6931472  -0.6931472 ]
 [-0.69314724 -0.6931472 ]]

rho_categorical
[[-0.62144923 -0.36508188]
 [-0.7984605  -0.28642103]
 [-0.45258063 -0.50575095]
 [-0.11796709 -1.1765114 ]
 [-0.07424251 -1.2363763 ]
 [-0.35296014 -0.6880882 ]]

x_categorical
[[-0.39148903 -0.66587806]]

x_bernoulli
[[-0.83972347 -0.5653345 ]
 [-0.56533444 -0.83972347]]

z_prime
[[-0.6931472 -0.6931472]
 [-0.6931472 -0.6931472]]

=========================
Layer 2 encoder
z
[[-0.6931472 -0.6931472]
 [-0.6931472 -0.6931472]]

u
[[[-0.6931472 -0.6931472]
  [-0.6931472 -0.6931472]]

 [[-0.6931472 -0.6931472]
  [-0.6931472 -0.6931472]]]

v
[[-0.6931472 -0.6931472]
 [-0.6931472 -0.6931472]]

y_categorical
[[-0.6931472  -0.69314724]]

y_bernoulli
[[-0.6931472  -0.6931472 ]
 [-0.6931472  -0.69314724]]

rho_categorical
[[-0.03760982 -1.4460177 ]
 [-0.85239226 -0.2385843 ]
 [-1.3635871  -0.07537819]
 [-1.715252    0.0038338 ]
 [-0.6872861  -0.33284757]
 [-0.40161923 -0.583713  ]]

x_categorical
[[-0.5896969  -0.28585422]]

x_bernoulli
[[-0.55272174 -0.8565645 ]
 [-0.85656446 -0.5527218 ]]

z_prime
[[-0.6931472 -0.6931472]
 [-0.6931472 -0.6931472]]

=========================
Layer 3 encoder
z
[[-0.6931472 -0.6931472]
 [-0.6931472 -0.6931472]]

u
[[[-0.6931472 -0.6931472]
  [-0.6931472 -0.6931472]]

 [[-0.6931472 -0.6931472]
  [-0.6931472 -0.6931472]]]

v
[[-0.6931472 -0.6931472]
 [-0.6931472 -0.6931472]]

y_categorical
[[-0.6931471  -0.69314724]]

y_bernoulli
[[-0.6931472  -0.6931472 ]
 [-0.6931471  -0.69314724]]

rho_categorical
[[-0.8474014  -0.23035124]
 [-1.0981386  -0.16864544]
 [-0.20721443 -0.87680453]
 [-0.72298765 -0.36694524]
 [-1.2161967  -0.1279541 ]
 [-0.5153229  -0.5270109 ]]

x_categorical
[[-0.85872424 -0.41269732]]

x_bernoulli
[[-0.4947978  -0.94082487]
 [-0.9408247  -0.49479777]]

z_prime
[[-0.6931472 -0.6931472]
 [-0.6931472 -0.6931472]]

=========================
Layer 4 encoder
z
[[-0.6931472 -0.6931472]
 [-0.6931472 -0.6931472]]

u
[[[-0.6931472 -0.6931472]
  [-0.6931472 -0.6931472]]

 [[-0.6931472 -0.6931472]
  [-0.6931472 -0.6931472]]]

v
[[-0.6931472 -0.6931472]
 [-0.6931472 -0.6931472]]

y_categorical
[[-0.69314724 -0.69314724]]

y_bernoulli
[[-0.6931472 -0.6931472]
 [-0.6931472 -0.6931472]]

rho_categorical
[[ 1.3272623e-03 -1.7096348e+00]
 [-5.4434824e-01 -3.9426383e-01]
 [-4.8717442e-01 -5.7855892e-01]
 [-9.9657917e-01 -2.3980558e-01]
 [-6.6103774e-01 -3.8194945e-01]
 [-3.0269811e-01 -7.0901579e-01]]

x_categorical
[[-0.5042461  -0.61805284]]

x_bernoulli
[[-0.75166863 -0.6378619 ]
 [-0.63786197 -0.7516687 ]]

z_prime
[[-0.7516687  -0.63786197]
 [-0.63786197 -0.7516687 ]]

=========================
Layer 5 encoder
z
[[-0.7516687  -0.63786197]
 [-0.63786197 -0.7516687 ]]

u
[[[-0.7516687  -0.7516687 ]
  [-0.63786197 -0.63786197]]

 [[-0.63786197 -0.63786197]
  [-0.7516687  -0.7516687 ]]]

v
[[-0.63786197 -0.63786197]
 [-0.7516687  -0.7516687 ]]

y_categorical
[[-0.7209696  -0.65928507]]

y_bernoulli
[[-0.6627804  -0.724465  ]
 [-0.72446495 -0.6627804 ]]

rho_categorical
[[-0.5280751  -0.5588406 ]
 [-1.4941577  -0.06225017]
 [-0.42736834 -0.66803056]
 [-1.1829726  -0.13048004]
 [-0.82176393 -0.18070205]
 [-0.88508266 -0.23716179]]

x_categorical
[[-0.74724334 -0.25071287]]

x_bernoulli
[[-0.47538823 -0.9719187 ]
 [-0.9719188  -0.47538835]]

z_prime
[[-0.45249468 -1.0107096 ]
 [-1.0107098  -0.45249474]]

====================
Layer 5 decoder
x_bernoulli
[[-0.43048185 -1.0503814 ]
 [-1.0503814  -0.43048185]]

y_bernoulli
[[-0.29883045 -1.3535758 ]
 [-1.3535762  -0.29883057]]

x_categorical
[[-1.0503814  -0.43048185]]

y_categorical
[[-1.3535762  -0.29883057]]

v
[[-2.686799  -0.6449802]
 [-1.6595936 -1.527802 ]]

rho_categorical
[[-2.8472705 -2.3155003]
 [-2.8289652 -2.7294955]
 [-2.836996  -2.6458488]
 [-2.5759194 -1.9067774]
 [-3.252887  -2.0577464]
 [-2.8237934 -1.973413 ]]

t_categorical
[[[-6.6944175 -6.471779 ]
  [-7.5724635 -5.8813415]
  [-6.52334   -6.7687583]
  [-7.285275  -5.9928255]
  [-7.4496584 -5.9236593]
  [-6.7286205 -6.4265146]
  [-6.706038  -6.455994 ]
  [-6.926527  -6.220825 ]
  [-7.5257688 -5.896616 ]
  [-6.4478307 -6.958079 ]
  [-7.621036  -5.866419 ]
  [-6.689539  -6.4785366]
  [-6.542642  -6.727578 ]
  [-7.068179  -6.1144843]
  [-7.29192   -5.9897013]
  [-7.7653117 -5.8272147]
  [-7.800718  -5.818635 ]
  [-6.4423437 -6.9739733]
  [-6.527231  -6.760254 ]
  [-6.576638  -6.660678 ]
  [-6.3916483 -7.1391435]
  [-6.561386  -6.6898603]
  [-7.2754903 -5.9974813]
  [-6.372227  -7.2130575]
  [-8.252368  -5.7359953]
  [-6.668046  -6.509271 ]
  [-6.3621206 -7.2544155]
  [-7.0079217 -6.1565304]
  [-6.8024583 -6.3398504]
  [-7.1026645 -6.0922613]
  [-6.580592  -6.65332  ]
  [-7.5870695 -5.876754 ]
  [-7.5875406 -5.8766074]
  [-6.484104  -6.8608694]
  [-6.7771244 -6.368039 ]
  [-7.1194987 -6.0818596]
  [-6.833858  -6.306913 ]
  [-6.616372  -6.5903153]
  [-7.0071135 -6.1571245]
  [-6.549284  -6.7139683]
  [-6.639415  -6.552843 ]
  [-6.9488964 -6.2022076]
  [-6.796726  -6.346098 ]
  [-7.1610584 -6.0573483]
  [-6.5510445 -6.710406 ]
  [-7.0645003 -6.1169305]
  [-6.8792577 -6.262814 ]
  [-6.472332  -6.891014 ]
  [-7.9420853 -5.787863 ]
  [-6.36629   -7.2370963]
  [-6.5596766 -6.693213 ]
  [-7.199458  -6.0360813]
  [-6.8844423 -6.2580223]
  [-6.498044  -6.826744 ]]

 [[-6.882878  -6.6644807]
  [-7.1910405 -6.475667 ]
  [-6.4019566 -7.3259897]
  [-6.591485  -6.9724836]
  [-7.5343924 -6.3459196]
  [-6.4456835 -7.226068 ]
  [-7.0839734 -6.531046 ]
  [-7.3647733 -6.4023914]
  [-7.1267557 -6.507831 ]
  [-6.2065334 -8.08121  ]
  [-6.8294415 -6.708445 ]
  [-6.4068637 -7.3140383]
  [-7.2920413 -6.430887 ]
  [-6.3824825 -7.375494 ]
  [-6.649516  -6.8951054]
  [-6.5945945 -6.968063 ]
  [-6.959649  -6.6081877]
  [-6.557685  -7.0227833]
  [-6.5209575 -7.082605 ]
  [-6.5580053 -7.022287 ]
  [-7.0469203 -6.552443 ]
  [-7.038022  -6.557771 ]
  [-6.8808384 -6.666082 ]
  [-6.7988834 -6.735614 ]
  [-6.5228252 -7.0794196]
  [-6.788026  -6.7456536]
  [-7.199846  -6.4714966]
  [-7.3156238 -6.4213295]
  [-6.390282  -7.355255 ]
  [-7.815256  -6.2757096]
  [-6.8398194 -6.699567 ]
  [-7.008648  -6.5759125]
  [-7.571848  -6.335059 ]
  [-6.551236  -7.032876 ]
  [-6.4044237 -7.3199553]
  [-6.747467  -6.7851   ]
  [-7.4271865 -6.3801103]
  [-6.946763  -6.6171246]
  [-6.5495367 -7.035564 ]
  [-6.6262236 -6.924914 ]
  [-7.275085  -6.4379587]
  [-7.1238337 -6.5093684]
  [-7.4233346 -6.3814316]
  [-6.399476  -7.3321075]
  [-6.4797525 -7.1572323]
  [-7.444191  -6.374358 ]
  [-6.9086494 -6.64474  ]
  [-7.2325573 -6.4564657]
  [-6.742936  -6.789707 ]
  [-7.6522455 -6.3134313]
  [-6.4659996 -7.184172 ]
  [-7.103508  -6.520256 ]
  [-6.4506497 -7.2155833]
  [-7.454555  -6.370916 ]]

 [[-6.8044586 -6.6540008]
  [-6.4219275 -7.204887 ]
  [-6.3117576 -7.518544 ]
  [-6.8436155 -6.6196923]
  [-6.9977236 -6.505809 ]
  [-7.60583   -6.2478085]
  [-6.8336453 -6.628191 ]
  [-6.9353523 -6.5482745]
  [-7.164199  -6.4113436]
  [-6.3877554 -7.288659 ]
  [-6.3935575 -7.2737226]
  [-7.990773  -6.1645584]
  [-7.665529  -6.2321854]
  [-6.7748985 -6.681649 ]
  [-7.3590965 -6.326888 ]
  [-6.4679775 -7.1059136]
  [-6.9017487 -6.5730977]
  [-7.1590695 -6.413906 ]
  [-6.6773386 -6.78549  ]
  [-6.5546503 -6.9523273]
  [-6.7257466 -6.7313533]
  [-6.493518  -7.0567217]
  [-6.7863774 -6.6707244]
  [-7.6490464 -6.236382 ]
  [-6.609322  -6.8719797]
  [-6.4069977 -7.240277 ]
  [-7.228728  -6.3807187]
  [-7.460745  -6.2911587]
  [-7.3587475 -6.3270197]
  [-6.726899  -6.7301297]
  [-7.582436  -6.2542605]
  [-6.7457724 -6.710507 ]
  [-6.67173   -6.792133 ]
  [-6.8576612 -6.6079817]
  [-6.820974  -6.6392226]
  [-7.735399  -6.2153225]
  [-6.379339  -7.3108873]
  [-7.1885104 -6.3994617]
  [-6.599305  -6.885907 ]
  [-7.4016967 -6.311314 ]
  [-6.75095   -6.7052536]
  [-6.3598676 -7.3650618]
  [-6.4616976 -7.118591 ]
  [-6.6492167 -6.819642 ]
  [-6.5236883 -7.003041 ]
  [-7.7450037 -6.213116 ]
  [-6.4914904 -7.0604944]
  [-6.867951  -6.5995913]
  [-6.8839073 -6.586884 ]
  [-6.6660967 -6.7988877]
  [-7.510849  -6.2752542]
  [-6.4234266 -7.20143  ]
  [-6.7423105 -6.7140503]
  [-7.553817  -6.262421 ]]

 [[-6.872903  -5.6390676]
  [-6.7557087 -5.7203217]
  [-6.675102  -5.7867327]
  [-6.3016386 -6.29996  ]
  [-6.493398  -5.981136 ]
  [-7.0217667 -5.5558176]
  [-6.627264  -5.831151 ]
  [-7.095888  -5.5208836]
  [-6.7683544 -5.7107496]
  [-7.0486164 -5.5427203]
  [-6.9146576 -5.6137233]
  [-6.5393476 -5.924754 ]
  [-6.467348  -6.0158167]
  [-6.1545105 -6.717137 ]
  [-6.5845394 -5.874522 ]
  [-7.1614723 -5.492951 ]
  [-6.5799637 -5.879394 ]
  [-6.895364  -5.625223 ]
  [-6.1595373 -6.6983423]
  [-6.6913815 -5.772517 ]
  [-7.072007  -5.5317264]
  [-6.448166  -6.042755 ]
  [-6.9267063 -5.606719 ]
  [-6.343645  -6.2151375]
  [-6.5401297 -5.9238434]
  [-6.8736296 -5.638612 ]
  [-6.502494  -5.96951  ]
  [-6.8384867 -5.66129  ]
  [-6.58401   -5.875084 ]
  [-7.0848846 -5.525832 ]
  [-6.156705  -6.7088785]
  [-6.8080626 -5.682022 ]
  [-6.6612864 -5.799144 ]
  [-6.668668  -5.7924724]
  [-6.5771036 -5.8824635]
  [-6.1642795 -6.681014 ]
  [-6.5990868 -5.859333 ]
  [-7.165615  -5.491272 ]
  [-6.1365447 -6.788193 ]
  [-6.179291  -6.6285696]
  [-6.5131164 -5.956232 ]
  [-6.3744316 -6.159256 ]
  [-6.328466  -6.24456  ]
  [-6.508664  -5.9617586]
  [-6.4370103 -6.0590086]
  [-7.164756  -5.4916196]
  [-6.7936544 -5.6922197]
  [-6.6955614 -5.768936 ]
  [-6.1904163 -6.5918746]
  [-6.2316732 -6.469512 ]
  [-6.252143  -6.4155884]
  [-6.4590397 -6.0273314]
  [-6.762766  -5.714954 ]
  [-6.0984693 -6.9631596]]

 [[-7.630265  -5.7669215]
  [-7.30058   -5.991107 ]
  [-8.140345  -5.58005  ]
  [-8.19248   -5.5671215]
  [-6.9779234 -6.407728 ]
  [-7.3081455 -5.984385 ]
  [-6.9221845 -6.5213733]
  [-6.6897297 -7.391149 ]
  [-7.4664345 -5.862932 ]
  [-6.807861  -6.834542 ]
  [-7.2011547 -6.089313 ]
  [-7.562582  -5.8035975]
  [-6.726322  -7.1759043]
  [-7.147339  -6.151491 ]
  [-7.195277  -6.095761 ]
  [-7.1520143 -6.145796 ]
  [-7.661256  -5.7513504]
  [-6.8495846 -6.704293 ]
  [-6.8309546 -6.759699 ]
  [-7.001072  -6.365739 ]
  [-7.172486  -6.121537 ]
  [-7.507944  -5.836179 ]
  [-7.6884375 -5.738274 ]
  [-6.9535403 -6.4550896]
  [-7.3745966 -5.929224 ]
  [-6.788402  -6.9037724]
  [-7.1949577 -6.096114 ]
  [-7.0361977 -6.306898 ]
  [-7.101122  -6.211152 ]
  [-7.2750196 -6.014545 ]
  [-8.422914  -5.5189047]
  [-7.8233185 -5.6804833]
  [-6.8768206 -6.6301026]
  [-8.088496  -5.593775 ]
  [-7.238805  -6.0498166]
  [-7.039387  -6.3018208]
  [-6.845854  -6.715065 ]
  [-8.281621  -5.546859 ]
  [-6.9934864 -6.3791986]
  [-7.1592274 -6.137124 ]
  [-7.665677  -5.7491875]
  [-7.5802336 -5.7936597]
  [-7.3031235 -5.9888363]
  [-7.0933065 -6.221889 ]
  [-7.546732  -5.8127594]
  [-7.6522036 -5.755824 ]
  [-8.055162  -5.6030893]
  [-6.990987  -6.3836966]
  [-6.8889666 -6.599314 ]
  [-7.055397  -6.276954 ]
  [-7.472519  -5.8588953]
  [-7.7779007 -5.698717 ]
  [-7.32279   -5.971643 ]
  [-7.307786  -5.984703 ]]

 [[-6.546257  -6.2437053]
  [-6.579356  -6.1994896]
  [-7.5493803 -5.612797 ]
  [-7.1739364 -5.7445703]
  [-7.7198873 -5.5711975]
  [-6.319255  -6.68042  ]
  [-6.7271447 -6.036884 ]
  [-6.864341  -5.922841 ]
  [-6.6506696 -6.114724 ]
  [-6.617977  -6.1519475]
  [-6.376356  -6.540953 ]
  [-7.55048   -5.612499 ]
  [-6.719327  -6.0443068]
  [-7.0271583 -5.818367 ]
  [-6.97575   -5.8484097]
  [-6.8484645 -5.934639 ]
  [-6.7909946 -5.9802356]
  [-7.6211166 -5.5942135]
  [-6.933786  -5.87484  ]
  [-7.469419  -5.6356115]
  [-6.716226  -6.0472827]
  [-7.377177  -5.665058 ]
  [-6.5876164 -6.188973 ]
  [-6.548586  -6.2404804]
  [-6.5811176 -6.197231 ]
  [-7.893487  -5.536865 ]
  [-7.3608217 -5.670666 ]
  [-6.5143743 -6.289732 ]
  [-7.660079  -5.5847983]
  [-6.5826874 -6.1952252]
  [-6.9629583 -5.8562756]
  [-6.9184637 -5.8849535]
  [-7.5287514 -5.6184607]
  [-6.8783207 -5.912717 ]
  [-6.401106  -6.488212 ]
  [-6.3488173 -6.6048036]
  [-7.0553646 -5.802884 ]
  [-6.530432  -6.2661023]
  [-6.611473  -6.1596713]
  [-6.9584093 -5.8591127]
  [-6.8955545 -5.900566 ]
  [-6.4281445 -6.4349656]
  [-6.536051  -6.258052 ]
  [-7.32134   -5.6847258]
  [-6.4540944 -6.387637 ]
  [-6.7379045 -6.0268497]
  [-6.5472775 -6.2422895]
  [-6.834974  -5.9449263]
  [-7.7961726 -5.555228 ]
  [-6.4486866 -6.397218 ]
  [-6.4266357 -6.4378247]
  [-6.20206   -7.088814 ]
  [-7.2725143 -5.7031965]
  [-7.7635055 -5.561887 ]]]

u
[[[ 1.3047585   0.49772835]
  [ 0.9781734   0.92735016]]

 [[-2.686799   -0.6449802 ]
  [-1.6595936  -1.527802  ]]]

z
[[0.6494153  0.90710926]
 [0.3505847  0.09289074]]

====================
Layer 4 decoder
x_bernoulli
[[-0.5548531  -0.36671418]
 [-0.8536837  -1.1809328 ]]

y_bernoulli
[[-0.60490835 -0.33313346]
 [-0.7899323  -1.2611587 ]]

x_categorical
[[-0.8536837 -1.1809326]]

y_categorical
[[-0.7899323 -1.2611588]]

v
[[-1.1856143 -2.1514952]
 [-1.9084024 -1.7896693]]

rho_categorical
[[-3.032419  -2.7908487]
 [-2.5346055 -3.1393256]
 [-2.8782089 -2.8317845]
 [-2.160514  -3.316733 ]
 [-2.975778  -3.0717297]
 [-2.5790973 -2.8003054]]

t_categorical
[[[-6.8496885 -6.9825807]
  [-7.7487803 -6.3701897]
  [-7.081896  -6.723923 ]
  [-6.661907  -7.331098 ]
  [-7.407714  -6.506831 ]
  [-6.6032825 -7.49015  ]
  [-6.800171  -7.0576444]
  [-7.656678  -6.4009748]
  [-7.287367  -6.5738206]
  [-7.03098   -6.7705393]
  [-7.7343187 -6.374778 ]
  [-6.6094255 -7.471776 ]
  [-7.3988714 -6.511341 ]
  [-6.525923  -7.7692356]
  [-7.1260147 -6.686981 ]
  [-7.009797  -6.7913337]
  [-7.869646  -6.335041 ]
  [-7.0611143 -6.742403 ]
  [-6.805231  -7.049534 ]
  [-6.5558157 -7.649359 ]
  [-7.8650665 -6.3362756]
  [-7.514063  -6.456979 ]
  [-6.649475  -7.3620396]
  [-6.61652   -7.4511065]
  [-6.8355465 -7.0030785]
  [-6.7031    -7.2373466]
  [-6.8937674 -6.922966 ]
  [-7.8243704 -6.3475704]
  [-6.61238   -7.4630985]
  [-6.831711  -7.008762 ]
  [-6.715263  -7.2119455]
  [-7.238616  -6.604823 ]
  [-7.5907116 -6.4255023]
  [-7.5739136 -6.432113 ]
  [-6.710582  -7.2216086]
  [-7.865307  -6.3362107]
  [-6.699106  -7.245899 ]
  [-6.9144125 -6.8970623]
  [-7.9085417 -6.3248377]
  [-6.541683  -7.7038045]
  [-6.9279447 -6.8807206]
  [-6.68828   -7.2696357]
  [-7.1732006 -6.650592 ]
  [-7.173316  -6.6505065]
  [-7.368411  -6.5273495]
  [-6.553652  -7.657458 ]
  [-7.507965  -6.459633 ]
  [-6.6810675 -7.2859135]
  [-6.9704075 -6.832443 ]
  [-7.5953493 -6.423704 ]
  [-7.1119747 -6.698415 ]
  [-7.6611614 -6.3993864]
  [-7.8766155 -6.3331757]
  [-6.793831  -7.067959 ]]

 [[-6.322385  -7.454772 ]
  [-6.746882  -6.905094 ]
  [-6.351364  -7.3960276]
  [-6.82636   -6.8457937]
  [-7.511057  -6.549358 ]
  [-6.6425266 -6.997161 ]
  [-7.710875  -6.5031815]
  [-6.2007294 -7.7750106]
  [-6.9036746 -6.7953057]
  [-6.799269  -6.8650923]
  [-6.4956307 -7.164386 ]
  [-6.2853184 -7.538141 ]
  [-6.5792623 -7.062828 ]
  [-7.346522  -6.5971475]
  [-6.6687765 -6.9722595]
  [-6.2505894 -7.6263556]
  [-7.062736  -6.7090597]
  [-6.1491737 -7.966585 ]
  [-7.0453773 -6.7174873]
  [-6.9871206 -6.747432 ]
  [-6.2515535 -7.623756 ]
  [-6.355227  -7.388575 ]
  [-6.6104326 -7.0294156]
  [-6.4121046 -7.2877593]
  [-6.449929  -7.2287145]
  [-6.155548  -7.940233 ]
  [-6.1877174 -7.819125 ]
  [-6.1048536 -8.177835 ]
  [-6.1840677 -7.8319635]
  [-7.034828  -6.7227163]
  [-6.285266  -7.5382657]
  [-7.7165837 -6.502021 ]
  [-6.1092677 -8.154219 ]
  [-6.641068  -6.998582 ]
  [-7.3755236 -6.587967 ]
  [-6.7325625 -6.9166937]
  [-6.217911  -7.7203965]
  [-6.4704456 -7.1989584]
  [-6.298582  -7.507144 ]
  [-6.8407135 -6.835924 ]
  [-6.18935   -7.813449 ]
  [-6.547669  -7.0990105]
  [-7.073718  -6.703839 ]
  [-6.372891  -7.3555365]
  [-6.559576  -7.085085 ]
  [-7.230808  -6.637533 ]
  [-6.2165737 -7.724507 ]
  [-6.516953  -7.136666 ]
  [-6.4891458 -7.1730924]
  [-6.285725  -7.53717  ]
  [-6.2173114 -7.722236 ]
  [-6.806172  -6.8600903]
  [-6.3310604 -7.43664  ]
  [-6.1908693 -7.808205 ]]

 [[-6.6849275 -7.0487785]
  [-6.703035  -7.021571 ]
  [-6.605189  -7.185261 ]
  [-7.599434  -6.395875 ]
  [-6.702739  -7.022006 ]
  [-6.4765472 -7.488986 ]
  [-7.6186237 -6.3898   ]
  [-6.823489  -6.8673944]
  [-7.099102  -6.629263 ]
  [-6.5845566 -7.225849 ]
  [-6.701608  -7.02367  ]
  [-6.9928665 -6.7070556]
  [-6.5520916 -7.295129 ]
  [-6.503622  -7.4133844]
  [-7.030959  -6.6774964]
  [-7.2303743 -6.5503163]
  [-6.4042406 -7.738039 ]
  [-6.6102753 -7.1756268]
  [-7.426113  -6.4584656]
  [-7.5712166 -6.4050927]
  [-6.357276  -7.954894 ]
  [-6.4434357 -7.593213 ]
  [-7.946129  -6.3061   ]
  [-7.5374784 -6.4165783]
  [-6.6520796 -7.101468 ]
  [-6.868473  -6.819465 ]
  [-7.220874  -6.5554953]
  [-6.8736773 -6.8141994]
  [-7.5493956 -6.412462 ]
  [-6.553858  -7.291174 ]
  [-7.0811586 -6.641426 ]
  [-6.6086645 -7.1786633]
  [-6.6198587 -7.157853 ]
  [-6.9803295 -6.717233 ]
  [-6.8318214 -6.858176 ]
  [-7.6881657 -6.369017 ]
  [-6.7880936 -6.9084406]
  [-6.5589905 -7.279807 ]
  [-6.899457  -6.7889056]
  [-7.5274134 -6.420108 ]
  [-6.8689394 -6.818991 ]
  [-7.7304087 -6.357273 ]
  [-7.0831327 -6.640071 ]
  [-6.962558  -6.732065 ]
  [-6.558587  -7.280695 ]
  [-7.0273514 -6.680211 ]
  [-7.227852  -6.551684 ]
  [-6.614745  -7.1672764]
  [-6.663947  -7.081908 ]
  [-6.5954957 -7.2040195]
  [-6.830415  -6.859721 ]
  [-6.4344244 -7.624222 ]
  [-7.097226  -6.630518 ]
  [-7.7615566 -6.3490086]]

 [[-5.765519  -7.8755736]
  [-5.7677703 -7.8701725]
  [-6.1012697 -7.3526525]
  [-6.0032215 -7.46374  ]
  [-6.0175967 -7.4459443]
  [-5.8891554 -7.628617 ]
  [-5.8176346 -7.7601814]
  [-5.9475384 -7.538504 ]
  [-6.3801107 -7.1308255]
  [-5.9583187 -7.5232525]
  [-6.1191235 -7.334754 ]
  [-6.027231  -7.4343314]
  [-6.294282  -7.187862 ]
  [-6.9890146 -6.882308 ]
  [-5.927786  -7.567513 ]
  [-6.289695  -7.1911488]
  [-6.268219  -7.206886 ]
  [-6.519141  -7.053591 ]
  [-6.232607  -7.234323 ]
  [-6.2960043 -7.186635 ]
  [-5.761633  -7.8849964]
  [-5.8325663 -7.7304354]
  [-5.6059513 -8.414643 ]
  [-6.052515  -7.4049907]
  [-6.2133408 -7.249912 ]
  [-5.7188897 -7.9977126]
  [-6.0479326 -7.4101906]
  [-6.2765503 -7.2007113]
  [-7.209196  -6.8317413]
  [-6.302206  -7.1822453]
  [-6.1593494 -7.2966614]
  [-6.6293955 -7.002878 ]
  [-5.638109  -8.272024 ]
  [-6.8685274 -6.916492 ]
  [-6.8878984 -6.910632 ]
  [-5.844466  -7.707651 ]
  [-6.149169  -7.3060226]
  [-6.0071754 -7.4587874]
  [-6.2125626 -7.2505527]
  [-7.1602354 -6.841838 ]
  [-6.227519  -7.238387 ]
  [-6.5527363 -7.037262 ]
  [-6.259674  -7.2133126]
  [-6.8784933 -6.913459 ]
  [-6.971879  -6.886854 ]
  [-6.045966  -7.4124384]
  [-6.1229863 -7.330964 ]
  [-6.5590935 -7.0342627]
  [-6.1727934 -7.284575 ]
  [-5.8765383 -7.6499553]
  [-5.6994042 -8.055456 ]
  [-6.1012797 -7.3526425]
  [-6.9185877 -6.901644 ]
  [-6.272094  -7.204003 ]]

 [[-6.765589  -7.316723 ]
  [-7.6127706 -6.6627736]
  [-7.110957  -6.9302225]
  [-6.4737363 -8.109774 ]
  [-6.9244137 -7.1038256]
  [-7.1465354 -6.9034224]
  [-6.8514442 -7.191925 ]
  [-7.3144717 -6.7964783]
  [-6.8919487 -7.141279 ]
  [-7.6155963 -6.661758 ]
  [-7.154483  -6.8976593]
  [-6.515896  -7.92965  ]
  [-7.3632455 -6.770418 ]
  [-7.8036947 -6.60207  ]
  [-6.943125  -7.0833845]
  [-7.009259  -7.0170774]
  [-6.827898  -7.2236023]
  [-6.61374   -7.624519 ]
  [-6.7518277 -7.339364 ]
  [-7.0713334 -6.962137 ]
  [-8.072315  -6.5382004]
  [-7.116385  -6.9260244]
  [-7.3939047 -6.7549977]
  [-6.4816585 -8.072743 ]
  [-6.8345904 -7.2144194]
  [-7.084171  -6.9515457]
  [-7.0423894 -6.9869566]
  [-7.087741  -6.948644 ]
  [-6.631863  -7.5795956]
  [-7.9339833 -6.5684404]
  [-6.9312544 -7.0962596]
  [-6.671071  -7.4912586]
  [-6.6536865 -7.529043 ]
  [-7.3045907 -6.802001 ]
  [-7.023586  -7.0038185]
  [-6.477928  -8.0899725]
  [-7.2906194 -6.8099575]
  [-6.737952  -7.363053 ]
  [-7.0132594 -7.013338 ]
  [-7.05654   -6.9746556]
  [-7.1668797 -6.8888254]
  [-6.8444643 -7.2011333]
  [-6.926284  -7.1017466]
  [-6.7334394 -7.3709526]
  [-7.0947986 -6.9429626]
  [-6.9417086 -7.0849047]
  [-6.9134064 -7.1162324]
  [-7.159231  -6.8942537]
  [-6.465594  -8.149645 ]
  [-6.463023  -8.16264  ]
  [-7.5053186 -6.704478 ]
  [-6.9151483 -7.1142497]
  [-7.8363314 -6.5931196]
  [-6.99075   -7.034764 ]]

 [[-7.175909  -6.4113107]
  [-6.7363944 -6.644129 ]
  [-7.571407  -6.295377 ]
  [-6.181368  -7.4358215]
  [-6.927894  -6.5232725]
  [-6.079443  -7.7983546]
  [-6.5172777 -6.8432794]
  [-6.6309566 -6.7296476]
  [-6.434634  -6.9447417]
  [-6.282546  -7.1946707]
  [-6.291051  -7.177771 ]
  [-6.555077  -6.8025775]
  [-7.001189  -6.485863 ]
  [-7.050932  -6.4627037]
  [-6.7567496 -6.629386 ]
  [-7.025461  -6.4743514]
  [-7.168277  -6.414198 ]
  [-7.178725  -6.4102535]
  [-6.933977  -6.520007 ]
  [-7.1236796 -6.4316936]
  [-6.178944  -7.4427214]
  [-6.2081065 -7.3637104]
  [-6.6962485 -6.6747875]
  [-6.579136  -6.778263 ]
  [-6.834405  -6.5775766]
  [-6.199299  -7.386685 ]
  [-6.0646253 -7.8680444]
  [-6.36141   -7.052638 ]
  [-7.340323  -6.3558273]
  [-6.9747977 -6.4988594]
  [-6.1501513 -7.5299826]
  [-7.061467  -6.4580107]
  [-6.996965  -6.4879093]
  [-6.1155834 -7.649885 ]
  [-6.6438007 -6.7183256]
  [-6.0471115 -7.958732 ]
  [-6.2339926 -7.300169 ]
  [-6.5188704 -6.841499 ]
  [-6.076934  -7.8097486]
  [-6.77106   -6.6193247]
  [-7.1804943 -6.4095907]
  [-6.615563  -6.7435846]
  [-6.1494045 -7.5323844]
  [-6.2956405 -7.168828 ]
  [-6.2776146 -7.2046704]
  [-7.0481    -6.4639773]
  [-6.9203076 -6.5273886]
  [-6.404687  -6.98653  ]
  [-6.6884413 -6.6810083]
  [-7.112331  -6.4363227]
  [-6.249297  -7.2651334]
  [-6.9184017 -6.52843  ]
  [-6.9304757 -6.521883 ]
  [-6.3130074 -7.136045 ]]]

u
[[[ 0.78189695  1.147877  ]
  [ 1.067604    1.025923  ]]

 [[-1.1856143  -2.1514952 ]
  [-1.9084024  -1.7896693 ]]]

z
[[ 0.8975215   1.0952795 ]
 [ 0.1024785  -0.09527946]]

====================
Layer 3 decoder
x_bernoulli
[[-0.37264013 -0.2654758 ]
 [-1.1676831  -1.4560348 ]]

y_bernoulli
[[-0.2539247 -0.3886286]
 [-1.4949946 -1.1331604]]

x_categorical
[[-1.1676831 -1.4560348]]

y_categorical
[[-1.4949946 -1.1331604]]

v
[[-2.8241162 -1.5487263]
 [-1.8024845 -2.211872 ]]

rho_categorical
[[-3.3116755 -3.620026 ]
 [-2.6100688 -3.600788 ]
 [-3.0960543 -3.2669911]
 [-2.7460697 -3.0472074]
 [-3.1578133 -3.0863717]
 [-3.0123334 -3.0408316]]

t_categorical
[[[-7.5741653 -7.380188 ]
  [-7.1043634 -7.8743367]
  [-6.998398  -8.085766 ]
  [-7.615459  -7.354226 ]
  [-7.23479   -7.684984 ]
  [-7.0159106 -8.045919 ]
  [-8.063244  -7.155843 ]
  [-7.4024205 -7.510104 ]
  [-6.9650307 -8.168554 ]
  [-6.9918156 -8.101351 ]
  [-7.5643544 -7.3866196]
  [-8.128096  -7.136036 ]
  [-7.3288803 -7.57955  ]
  [-7.166424  -7.7766776]
  [-6.965145  -8.168253 ]
  [-7.4488416 -7.4710016]
  [-7.217328  -7.707038 ]
  [-7.0897427 -7.899767 ]
  [-7.0062256 -8.067673 ]
  [-7.1701946 -7.771223 ]
  [-7.5361404 -7.405711 ]
  [-6.9030237 -8.352776 ]
  [-7.358422  -7.550452 ]
  [-7.064167  -7.9468265]
  [-7.4920917 -7.4374094]
  [-7.0852027 -7.9078736]
  [-7.062905  -7.9492393]
  [-7.834838  -7.2411227]
  [-7.2838717 -7.6273685]
  [-7.995918  -7.17828  ]
  [-7.764151  -7.2735753]
  [-6.917101  -8.306818 ]
  [-8.579742  -7.034944 ]
  [-7.2050076 -7.723136 ]
  [-6.952919  -8.201127 ]
  [-8.000788  -7.176588 ]
  [-7.000558  -8.080727 ]
  [-7.4607987 -7.461454 ]
  [-7.9603076 -7.190994 ]
  [-7.240435  -7.678038 ]
  [-7.403097  -7.50951  ]
  [-6.881216  -8.429846 ]
  [-7.0970373 -7.886952 ]
  [-7.1531982 -7.7962136]
  [-6.9100237 -8.329578 ]
  [-7.8256526 -7.245154 ]
  [-7.565345  -7.3859653]
  [-6.7822633 -8.918121 ]
  [-7.7312417 -7.289878 ]
  [-7.6248283 -7.3485727]
  [-7.4777546 -7.4482613]
  [-7.953732  -7.1934094]
  [-7.4114366 -7.502245 ]
  [-7.3206186 -7.5879993]]

 [[-6.822297  -7.4110594]
  [-6.642486  -7.5490446]
  [-6.4435954 -7.7694855]
  [-6.7752013 -7.443119 ]
  [-6.3360214 -7.9382606]
  [-6.4182167 -7.8052645]
  [-6.2886586 -8.029755 ]
  [-6.5532937 -7.6366453]
  [-6.496887  -7.700927 ]
  [-6.287234  -8.032711 ]
  [-6.116064  -8.524344 ]
  [-6.4448338 -7.7677946]
  [-7.561115  -7.117087 ]
  [-6.7371144 -7.470997 ]
  [-6.676967  -7.5190277]
  [-6.7603545 -7.4537687]
  [-7.553949  -7.118763 ]
  [-6.6181645 -7.5714273]
  [-7.398409  -7.159115 ]
  [-7.4588566 -7.1424866]
  [-6.5221963 -7.6711216]
  [-6.482048  -7.719189 ]
  [-6.2840586 -8.039349 ]
  [-6.6170325 -7.5724955]
  [-7.6694965 -7.093443 ]
  [-6.5590463 -7.63051  ]
  [-7.1639695 -7.237642 ]
  [-6.3002496 -8.006166 ]
  [-6.7152486 -7.487861 ]
  [-6.0344906 -8.94449  ]
  [-6.2845635 -8.03829  ]
  [-7.0738597 -7.275198 ]
  [-6.3260384 -7.956512 ]
  [-6.857743  -7.38853  ]
  [-6.503696  -7.6927457]
  [-6.454582  -7.754655 ]
  [-6.89394   -7.3668175]
  [-6.3383408 -7.934093 ]
  [-6.769365  -7.4472733]
  [-6.4443913 -7.768398 ]
  [-6.298001  -8.010677 ]
  [-6.203206  -8.23404  ]
  [-7.3990536 -7.158931 ]
  [-6.4028225 -7.828074 ]
  [-6.2983313 -8.010013 ]
  [-6.6103234 -7.578871 ]
  [-6.0864887 -8.65349  ]
  [-6.8291616 -7.4065933]
  [-7.0500746 -7.285946 ]
  [-6.6703963 -7.5246   ]
  [-7.122101  -7.2544975]
  [-6.8357253 -7.4023705]
  [-6.4095287 -7.8180304]
  [-7.421102  -7.1527214]]

 [[-7.1883345 -7.158528 ]
  [-6.924344  -7.4566355]
  [-6.6233664 -8.2025   ]
  [-7.049715  -7.294194 ]
  [-6.6721916 -8.01752  ]
  [-7.202935  -7.146236 ]
  [-6.9454913 -7.425793 ]
  [-7.365096  -7.0290422]
  [-7.6568956 -6.881505 ]
  [-6.98024   -7.3784027]
  [-7.241105  -7.1156034]
  [-7.188919  -7.1580296]
  [-7.1879997 -7.1588135]
  [-6.883521  -7.521037 ]
  [-7.3768473 -7.0217304]
  [-6.8441887 -7.59008  ]
  [-6.982992  -7.374811 ]
  [-7.3868847 -7.0155945]
  [-7.10635   -7.2342224]
  [-8.109019  -6.7441406]
  [-6.9257836 -7.4544845]
  [-7.8338127 -6.8179264]
  [-6.9258137 -7.4544396]
  [-6.666702  -8.036274 ]
  [-6.9952736 -7.359059 ]
  [-6.936885  -7.438152 ]
  [-6.945667  -7.425544 ]
  [-6.861637  -7.5585256]
  [-6.96552   -7.3980045]
  [-7.2484818 -7.109921 ]
  [-6.681382  -7.9871097]
  [-7.3293934 -7.0521383]
  [-7.69946   -6.8647757]
  [-7.51231   -6.9465504]
  [-8.110488  -6.7438116]
  [-7.1661625 -7.177842 ]
  [-7.0748625 -7.266699 ]
  [-8.026884  -6.7635474]
  [-7.3623486 -7.0307717]
  [-6.7541733 -7.7819266]
  [-6.589726  -8.36019  ]
  [-6.6669197 -8.035522 ]
  [-7.066701  -7.2754645]
  [-6.789503  -7.7000875]
  [-7.1387978 -7.2028255]
  [-6.793304  -7.691832 ]
  [-7.1170063 -7.2236886]
  [-7.8485594 -6.8132777]
  [-6.6634398 -8.047636 ]
  [-7.4630537 -6.97208  ]
  [-6.7527323 -7.7854767]
  [-7.5806217 -6.914117 ]
  [-7.2712955 -7.092807 ]
  [-7.4766264 -6.9648533]]

 [[-6.527997  -7.323903 ]
  [-7.5265408 -6.569758 ]
  [-6.771907  -6.9976215]
  [-6.8178606 -6.9533496]
  [-7.284033  -6.658349 ]
  [-6.8799953 -6.8993554]
  [-6.6890974 -7.088655 ]
  [-7.083645  -6.7586603]
  [-6.3319435 -7.8117843]
  [-7.0838757 -6.758527 ]
  [-6.6147175 -7.1858244]
  [-6.278372  -8.027941 ]
  [-6.590742  -7.22098  ]
  [-6.3339095 -7.804869 ]
  [-7.2932444 -6.6544123]
  [-6.828389  -6.9437513]
  [-6.7981167 -6.9718833]
  [-6.3461924 -7.763017 ]
  [-6.579641  -7.237984 ]
  [-6.8381214 -6.935048 ]
  [-6.9855614 -6.8204107]
  [-7.6497965 -6.5345616]
  [-6.783634  -6.98594  ]
  [-6.8127527 -6.9580765]
  [-6.773055  -6.9964657]
  [-6.6786327 -7.101351 ]
  [-6.7065105 -7.0681653]
  [-6.347208  -7.759657 ]
  [-6.2951975 -7.9535913]
  [-6.7251015 -7.0471206]
  [-6.2827735 -8.007826 ]
  [-6.2722235 -8.056883 ]
  [-6.622038  -7.175495 ]
  [-7.068742  -6.7674236]
  [-6.730362  -7.0413156]
  [-7.615033  -6.543932 ]
  [-7.178749  -6.707287 ]
  [-7.0504093 -6.7784925]
  [-6.851143  -6.9236503]
  [-6.813222  -6.9576406]
  [-6.6148806 -7.185592 ]
  [-6.738942  -7.0319824]
  [-6.934331  -6.856907 ]
  [-6.7049303 -7.0699925]
  [-6.376522  -7.6685443]
  [-6.8700953 -6.907547 ]
  [-6.4188366 -7.5540643]
  [-6.784174  -6.9854083]
  [-6.5950785 -7.2144656]
  [-6.909791  -6.8755713]
  [-6.9184704 -6.8688774]
  [-6.7252073 -7.0470037]
  [-7.1152163 -6.7407627]
  [-6.8994675 -6.883668 ]]

 [[-6.8456116 -7.530429 ]
  [-7.092459  -7.1351986]
  [-8.035434  -6.597589 ]
  [-7.4317093 -6.8459177]
  [-6.7217913 -7.8758736]
  [-6.8713365 -7.4756765]
  [-7.1840906 -7.037983 ]
  [-7.2269    -6.9983253]
  [-7.725236  -6.699048 ]
  [-7.131428  -7.0915985]
  [-7.111908  -7.1129885]
  [-6.7964416 -7.648856 ]
  [-6.823306  -7.581706 ]
  [-7.481406  -6.8162107]
  [-6.7670603 -7.7302084]
  [-7.3083296 -6.9311156]
  [-7.202676  -7.020364 ]
  [-7.901085  -6.636481 ]
  [-6.826812  -7.573393 ]
  [-7.67037   -6.7218885]
  [-7.623494  -6.7428756]
  [-7.124381  -7.0992203]
  [-7.580634  -6.7633653]
  [-7.123809  -7.099843 ]
  [-7.5132074 -6.7983885]
  [-7.108739  -7.1165447]
  [-7.3654985 -6.8894234]
  [-6.8222136 -7.5843163]
  [-7.307434  -6.9318023]
  [-7.7507343 -6.6890173]
  [-6.7365656 -7.825218 ]
  [-7.523303  -6.7929134]
  [-6.909976  -7.4010363]
  [-7.0357304 -7.2056866]
  [-7.1882544 -7.0339804]
  [-7.0815005 -7.1481304]
  [-6.955584  -7.3227844]
  [-6.658178  -8.140757 ]
  [-7.4264097 -6.849228 ]
  [-6.848754  -7.5235014]
  [-7.0309315 -7.212077 ]
  [-7.6400757 -6.7352886]
  [-6.9346533 -7.357497 ]
  [-7.092239  -7.135456 ]
  [-7.8692484 -6.646738 ]
  [-7.4509983 -6.8341064]
  [-6.9834332 -7.279437 ]
  [-7.3114414 -6.928738 ]
  [-6.6174417 -8.369656 ]
  [-7.4489384 -6.83535  ]
  [-6.725341  -7.8633986]
  [-8.346698  -6.529036 ]
  [-6.701283  -7.952119 ]
  [-7.6754065 -6.7197165]]

 [[-6.749033  -7.395654 ]
  [-6.793858  -7.312381 ]
  [-6.5703497 -7.8859806]
  [-7.720877  -6.593008 ]
  [-7.531267  -6.665722 ]
  [-6.878917  -7.179499 ]
  [-6.94584   -7.092655 ]
  [-6.983221  -7.049505 ]
  [-6.6146317 -7.7310915]
  [-7.745438  -6.584891 ]
  [-7.523031  -6.6693397]
  [-6.8533354 -7.2164917]
  [-7.6108932 -6.6328454]
  [-7.019776  -7.010477 ]
  [-6.62232   -7.7071085]
  [-7.2080965 -6.847957 ]
  [-7.479893  -6.6890116]
  [-6.8272276 -7.2567587]
  [-6.7618666 -7.3707066]
  [-6.9802704 -7.0527873]
  [-6.778945  -7.338916 ]
  [-6.7798533 -7.337268 ]
  [-7.9226527 -6.5334377]
  [-7.341143  -6.7616177]
  [-7.2590904 -6.812602 ]
  [-6.7033277 -7.4928756]
  [-7.4145875 -6.7212806]
  [-6.7764077 -7.3435416]
  [-6.931484  -7.110185 ]
  [-7.363715  -6.7487273]
  [-7.3656034 -6.747669 ]
  [-6.7482057 -7.3972955]
  [-6.606719  -7.756589 ]
  [-7.6635804 -6.613016 ]
  [-6.880807  -7.176857 ]
  [-6.6017036 -7.773204 ]
  [-6.826311  -7.258222 ]
  [-7.070173  -6.9611835]
  [-7.382849  -6.738151 ]
  [-6.610812  -7.743294 ]
  [-6.9956636 -7.0358877]
  [-6.9354157 -7.105329 ]
  [-7.605964  -6.634775 ]
  [-6.8575096 -7.2102957]
  [-6.8061523 -7.2913084]
  [-8.211914  -6.4704885]
  [-6.53146   -8.052474 ]
  [-6.9540772 -7.082845 ]
  [-6.5469627 -7.9819593]
  [-6.7643623 -7.365964 ]
  [-7.0746226 -6.957061 ]
  [-8.0387    -6.505491 ]
  [-7.485854  -6.6862187]
  [-6.917642  -7.12763  ]]]

u
[[[ 1.3413274  0.9355937]
  [ 1.0305064  1.1668539]]

 [[-2.8241162 -1.5487263]
  [-1.8024845 -2.211872 ]]]

z
[[ 1.2549375   1.2024504 ]
 [-0.25493753 -0.2024504 ]]

====================
Layer 2 decoder
x_bernoulli
[[-0.19961911 -0.21944982]
 [-1.7094941  -1.6243507 ]]

y_bernoulli
[[-0.15104318 -0.28707117]
 [-1.9647609  -1.3881292 ]]

x_categorical
[[-1.7094941 -1.6243507]]

y_categorical
[[-1.9647609 -1.3881292]]

v
[[-2.637038  -2.0970244]
 [-2.679223  -2.0657725]]

rho_categorical
[[-2.998724  -3.645009 ]
 [-3.7291179 -3.0377607]
 [-3.80366   -3.7671385]
 [-3.6178584 -3.8178926]
 [-3.6682153 -3.396727 ]
 [-3.4283152 -3.1144838]]

t_categorical
[[[-7.5262465 -7.1906214]
  [-6.9698143 -7.6584826]
  [-7.2800164 -7.3416038]
  [-6.9485865 -7.688935 ]
  [-7.141253  -7.459431 ]
  [-6.8681674 -7.820497 ]
  [-7.0706596 -7.532642 ]
  [-7.6556115 -7.131496 ]
  [-6.6540146 -8.390658 ]
  [-6.6736975 -8.3158245]
  [-7.0145516 -7.599118 ]
  [-7.3316107 -7.304743 ]
  [-6.937249  -7.705862 ]
  [-6.9877305 -7.6339626]
  [-6.801237  -7.955128 ]
  [-6.6021156 -8.629391 ]
  [-7.349152  -7.2929273]
  [-7.3096895 -7.320007 ]
  [-6.877304  -7.8040824]
  [-6.7693653 -8.029949 ]
  [-7.126725  -7.4736557]
  [-6.8597693 -7.8359623]
  [-6.753358  -8.070735 ]
  [-6.6854677 -8.274259 ]
  [-6.7719064 -8.023684 ]
  [-7.1409683 -7.4597063]
  [-8.117173  -6.9885325]
  [-7.424726  -7.245746 ]
  [-6.6420994 -8.439626 ]
  [-6.728025  -8.14036  ]
  [-7.029457  -7.5806518]
  [-6.7366    -8.116047 ]
  [-6.647109  -8.418674 ]
  [-6.8274517 -7.8991294]
  [-7.3215175 -7.3117003]
  [-7.0266533 -7.584079 ]
  [-6.683566  -8.280827 ]
  [-6.8551507 -7.8446274]
  [-7.723129  -7.104717 ]
  [-6.914859  -7.740752 ]
  [-7.1214337 -7.478939 ]
  [-7.376707  -7.275049 ]
  [-6.962524  -7.6687646]
  [-7.147451  -7.4534855]
  [-6.85233   -7.8499756]
  [-6.9903274 -7.630494 ]
  [-6.896679  -7.7706127]
  [-7.5959167 -7.1574   ]
  [-6.5889463 -8.702689 ]
  [-7.3826346 -7.2713075]
  [-7.6136303 -7.14948  ]
  [-7.2638893 -7.353818 ]
  [-6.62928   -8.495843 ]
  [-6.821018  -7.9124503]]

 [[-7.50029   -7.2932925]
  [-7.968811  -6.833474 ]
  [-7.8809023 -6.8918176]
  [-7.5470963 -7.224361 ]
  [-7.511102  -7.2766495]
  [-7.459188  -7.3610163]
  [-8.0116005 -6.807967 ]
  [-7.5617914 -7.204285 ]
  [-8.043935  -6.789805 ]
  [-7.8175826 -6.939608 ]
  [-7.4685965 -7.3448534]
  [-7.507015  -7.282886 ]
  [-8.328939  -6.662449 ]
  [-7.9424353 -6.8500957]
  [-8.1155205 -6.7526665]
  [-8.015335  -6.805823 ]
  [-8.0966425 -6.762073 ]
  [-7.850454  -6.9141364]
  [-7.9647045 -6.836015 ]
  [-7.3469586 -7.592525 ]
  [-7.235604  -7.933665 ]
  [-7.515522  -7.2699757]
  [-8.557473  -6.590982 ]
  [-7.536671  -7.2390347]
  [-7.4633765 -7.3537693]
  [-7.568841  -7.194898 ]
  [-8.516188  -6.6023693]
  [-7.8829713 -6.8903427]
  [-7.23245   -7.945925 ]
  [-8.435135  -6.6265664]
  [-7.2418857 -7.909793 ]
  [-7.5117226 -7.275708 ]
  [-7.3889    -7.496498 ]
  [-8.724102  -6.550578 ]
  [-7.4136415 -7.4455786]
  [-8.213223  -6.7079535]
  [-7.884969  -6.8889246]
  [-7.918195  -6.86602  ]
  [-7.356736  -7.5689306]
  [-8.45294   -6.6210303]
  [-7.2609315 -7.8415537]
  [-7.361987  -7.556578 ]
  [-7.464246  -7.3522763]
  [-7.9535375 -6.843012 ]
  [-7.7984962 -6.955101 ]
  [-8.055025  -6.783782 ]
  [-7.948568  -6.8461666]
  [-7.3615165 -7.5576754]
  [-7.7173147 -7.027502 ]
  [-7.752727  -6.994547 ]
  [-7.7857275 -6.9657707]
  [-8.295077  -6.675017 ]
  [-8.498287  -6.6074967]
  [-7.3382225 -7.6142917]]

 [[-7.588813  -8.026894 ]
  [-7.3774405 -8.532625 ]
  [-7.4388003 -8.345646 ]
  [-7.584408  -8.034367 ]
  [-8.6738205 -7.2770934]
  [-7.9489694 -7.614766 ]
  [-7.7817507 -7.7676806]
  [-7.756483  -7.7955217]
  [-7.866315  -7.684253 ]
  [-8.234148  -7.4380445]
  [-7.9828625 -7.589135 ]
  [-9.045677  -7.196798 ]
  [-7.4002657 -8.457557 ]
  [-7.906165  -7.6494303]
  [-7.767599  -7.7830915]
  [-7.650734  -7.930441 ]
  [-7.524071  -8.14657  ]
  [-8.058197  -7.5372386]
  [-8.120295  -7.499062 ]
  [-7.689518  -7.8771305]
  [-8.06848   -7.530649 ]
  [-7.6432285 -7.9413443]
  [-7.638976  -7.9476123]
  [-7.3253393 -8.736899 ]
  [-7.6909075 -7.875309 ]
  [-9.120575  -7.184512 ]
  [-7.9902625 -7.583738 ]
  [-8.6165695 -7.2930837]
  [-7.337202  -8.685595 ]
  [-7.664607  -7.9108043]
  [-8.234444  -7.4378996]
  [-7.6245193 -7.9694242]
  [-7.7133117 -7.8467307]
  [-7.629942  -7.961149 ]
  [-7.7431383 -7.8108397]
  [-7.740355  -7.8140907]
  [-7.7768974 -7.7729144]
  [-7.585352  -8.032758 ]
  [-8.180155  -7.4656544]
  [-8.157516  -7.477925 ]
  [-7.4113154 -8.423713 ]
  [-7.8304496 -7.7179365]
  [-7.350313  -8.632441 ]
  [-8.07831   -7.524451 ]
  [-8.963671  -7.211545 ]
  [-7.7049165 -7.8572693]
  [-7.5716133 -8.056587 ]
  [-7.6532445 -7.9268384]
  [-8.662254  -7.2802305]
  [-8.167844  -7.472274 ]
  [-8.409624  -7.362008 ]
  [-7.6299953 -7.9610686]
  [-7.3655663 -8.574765 ]
  [-7.440861  -8.340113 ]]

 [[-8.732372  -7.313911 ]
  [-8.87561   -7.289269 ]
  [-7.1888876 -8.479031 ]
  [-7.873724  -7.6072583]
  [-7.4269648 -8.012526 ]
  [-8.420766  -7.3847084]
  [-8.932468  -7.280571 ]
  [-7.772013  -7.67269  ]
  [-7.9240966 -7.5786114]
  [-7.9448614 -7.56744  ]
  [-7.4543085 -7.975799 ]
  [-7.353815  -8.123741 ]
  [-7.268255  -8.285048 ]
  [-7.417204  -8.026223 ]
  [-7.5735426 -7.8393354]
  [-8.113087  -7.4886484]
  [-7.294506  -8.231216 ]
  [-7.7071986 -7.720641 ]
  [-7.25159   -8.321581 ]
  [-8.005805  -7.536617 ]
  [-8.373273  -7.398126 ]
  [-8.897837  -7.285801 ]
  [-8.59071   -7.342774 ]
  [-7.9661894 -7.5563297]
  [-7.661923  -7.7575645]
  [-7.433056  -8.004139 ]
  [-8.027798  -7.5261645]
  [-7.2287745 -8.374933 ]
  [-7.271731  -8.277669 ]
  [-8.01337   -7.5329833]
  [-7.1847    -8.490873 ]
  [-7.9064293 -7.5884023]
  [-7.302099  -8.216421 ]
  [-7.052719  -9.0054455]
  [-7.6316805 -7.7840014]
  [-7.291811  -8.236547 ]
  [-7.499199  -7.9202666]
  [-7.0820975 -8.859127 ]
  [-7.7584653 -7.682273 ]
  [-7.4330683 -8.004122 ]
  [-7.509789  -7.907949 ]
  [-7.595292  -7.817895 ]
  [-7.4720907 -7.953131 ]
  [-7.2720547 -8.276985 ]
  [-7.2030287 -8.44039  ]
  [-7.0595303 -8.96917  ]
  [-7.8113446 -7.64608  ]
  [-8.458479  -7.374618 ]
  [-7.2389784 -8.350569 ]
  [-7.5548244 -7.858552 ]
  [-7.395854  -8.057341 ]
  [-8.204304  -7.453228 ]
  [-7.8877654 -7.5990434]
  [-7.6127663 -7.801321 ]]

 [[-7.8108907 -7.244089 ]
  [-7.3747535 -7.8142495]
  [-7.7036915 -7.3383374]
  [-7.3900228 -7.7818327]
  [-7.543333  -7.523588 ]
  [-8.546401  -6.897728 ]
  [-7.482326  -7.6139627]
  [-7.331133  -7.9162188]
  [-7.493162  -7.596885 ]
  [-7.3658314 -7.8339276]
  [-7.9489517 -7.1465087]
  [-8.436469  -6.929537 ]
  [-7.321336  -7.941293 ]
  [-8.071958  -7.0763445]
  [-7.84587   -7.2171335]
  [-7.3770494 -7.809276 ]
  [-7.1404057 -8.668029 ]
  [-7.747372  -7.297623 ]
  [-7.5851603 -7.468844 ]
  [-8.389045  -6.944729 ]
  [-7.653429  -7.3897533]
  [-8.070523  -7.077088 ]
  [-7.466099  -7.6404552]
  [-7.50966   -7.571773 ]
  [-7.482278  -7.61404  ]
  [-8.249191  -6.995614 ]
  [-7.9326453 -7.1568866]
  [-7.6863356 -7.355505 ]
  [-7.5751085 -7.481524 ]
  [-7.8085365 -7.2459645]
  [-8.393703  -6.9431944]
  [-8.645641  -6.872593 ]
  [-7.4244766 -7.71398  ]
  [-8.346089  -6.959342 ]
  [-7.959608  -7.1398745]
  [-8.101529  -7.0613728]
  [-7.822769  -7.2347474]
  [-7.5341063 -7.536403 ]
  [-7.4005766 -7.760303 ]
  [-7.5605793 -7.5003724]
  [-7.7010655 -7.3408966]
  [-7.642223  -7.401956 ]
  [-7.329521  -7.9202833]
  [-7.4652615 -7.641854 ]
  [-7.3153515 -7.9570465]
  [-7.932274  -7.1571264]
  [-7.5058684 -7.577452 ]
  [-7.209962  -8.307758 ]
  [-7.3397512 -7.8948665]
  [-7.692604  -7.349236 ]
  [-7.627902  -7.417976 ]
  [-7.778098  -7.2709446]
  [-7.629281  -7.4164124]
  [-7.8851438 -7.1887655]]

 [[-6.974513  -7.8256073]
  [-7.352867  -7.166882 ]
  [-7.0625525 -7.6029243]
  [-7.974638  -6.7709484]
  [-7.073762  -7.5790315]
  [-7.374087  -7.1450925]
  [-6.955255  -7.88488  ]
  [-7.048215  -7.634749 ]
  [-7.325618  -7.1962924]
  [-7.337851  -7.1828823]
  [-7.694446  -6.9017687]
  [-8.339523  -6.6612616]
  [-7.8566594 -6.819595 ]
  [-7.6811366 -6.9094615]
  [-7.7490873 -6.871808 ]
  [-7.8733654 -6.812201 ]
  [-8.572667  -6.613366 ]
  [-7.3054056 -7.219224 ]
  [-7.1690907 -7.4047155]
  [-7.0620036 -7.604115 ]
  [-8.105587  -6.725457 ]
  [-7.056016  -7.6172514]
  [-8.515613  -6.6238785]
  [-7.721482  -6.886628 ]
  [-8.034488  -6.7491584]
  [-7.848076  -6.823464 ]
  [-7.486229  -7.043789 ]
  [-7.191847  -7.3693633]
  [-7.832792  -6.830474 ]
  [-7.0982943 -7.529523 ]
  [-7.75873   -6.8667774]
  [-7.004137  -7.742748 ]
  [-6.9933343 -7.7718935]
  [-7.916333  -6.7939773]
  [-7.568197  -6.9818563]
  [-7.107467  -7.511921 ]
  [-7.805153  -6.8435564]
  [-7.482825  -7.046561 ]
  [-7.1178246 -7.4925976]
  [-7.9546413 -6.7786365]
  [-7.376711  -7.1424623]
  [-7.264848  -7.268397 ]
  [-8.019907  -6.7543044]
  [-7.2130346 -7.3382163]
  [-7.1618733 -7.4163685]
  [-7.1303744 -7.469932 ]
  [-6.9295516 -7.9719152]
  [-7.505691  -7.028263 ]
  [-8.14816   -6.7122965]
  [-7.4191556 -7.101757 ]
  [-7.355912  -7.1636972]
  [-6.8644257 -8.247864 ]
  [-7.4127984 -7.107641 ]
  [-7.821468  -6.8357697]]]

u
[[[ 1.2911696  1.1304418]
  [ 1.3027016  1.1202996]]

 [[-2.637038  -2.0970244]
  [-2.679223  -2.0657725]]]

z
[[ 1.4595921   1.459416  ]
 [-0.4595921  -0.45941603]]

====================
Layer 1 decoder
x_bernoulli
[[-0.13691145 -0.13695657]
 [-2.0560956  -2.0557885 ]]

y_bernoulli
[[-0.17651474 -0.10576165]
 [-1.8213099  -2.2989826 ]]

x_categorical
[[-2.0560956 -2.0557885]]

y_categorical
[[-1.8213099 -2.2989826]]

v
[[-2.8366618 -2.8016825]
 [-2.2711577 -3.2275875]]

rho_categorical
[[-3.7869334 -3.5802417]
 [-3.8109908 -4.1462154]
 [-3.8330054 -3.7513542]
 [-3.7329922 -4.111516 ]
 [-4.054694  -3.8253276]
 [-3.8993568 -3.7889833]]

t_categorical
[[[-8.681403  -7.1641183]
  [-8.663294  -7.1682587]
  [-7.534452  -7.829304 ]
  [-7.1856766 -8.691677 ]
  [-7.596574  -7.7492023]
  [-7.392516  -8.066492 ]
  [-7.833587  -7.523308 ]
  [-7.1800957 -8.718037 ]
  [-7.87879   -7.4904413]
  [-8.4323845 -7.230191 ]
  [-8.397448  -7.241269 ]
  [-7.4914684 -7.8920445]
  [-7.677002  -7.6604457]
  [-7.864818  -7.500328 ]
  [-8.195307  -7.3167305]
  [-7.647595  -7.6911774]
  [-8.27247   -7.2854214]
  [-8.441057  -7.227519 ]
  [-7.807843  -7.5432196]
  [-7.319114  -8.233812 ]
  [-7.269843  -8.373045 ]
  [-8.799446  -7.139254 ]
  [-8.080217  -7.3703814]
  [-7.518587  -7.8516946]
  [-7.7315836 -7.607978 ]
  [-7.7930713 -7.5550656]
  [-8.106928  -7.357107 ]
  [-7.716371  -7.622043 ]
  [-7.9895678 -7.4196825]
  [-7.598872  -7.746449 ]
  [-7.332582  -8.199965 ]
  [-7.696516  -7.641037 ]
  [-8.359659  -7.2538433]
  [-7.780084  -7.5657454]
  [-7.815481  -7.5372167]
  [-7.8271356 -7.5282125]
  [-7.8669424 -7.4988093]
  [-8.074099  -7.373498 ]
  [-7.6596107 -7.678396 ]
  [-8.25033   -7.2940607]
  [-7.7623253 -7.580767 ]
  [-7.8756123 -7.492669 ]
  [-7.8286204 -7.5270786]
  [-7.278638  -8.346201 ]
  [-7.459947  -7.9425855]
  [-7.8098917 -7.5416017]
  [-8.113154  -7.354088 ]
  [-7.3392982 -8.183667 ]
  [-7.3949594 -8.061567 ]
  [-8.853983  -7.128905 ]
  [-7.820765  -7.533111 ]
  [-8.330095  -7.2641335]
  [-8.474064  -7.217621 ]
  [-7.3024306 -8.278072 ]]

 [[-7.453043  -8.749512 ]
  [-7.679102  -8.288579 ]
  [-7.7432084 -8.202026 ]
  [-7.8735075 -8.059664 ]
  [-7.7971354 -8.138351 ]
  [-7.555519  -8.501183 ]
  [-8.238243  -7.803938 ]
  [-7.330762  -9.22182  ]
  [-7.53504   -8.54426  ]
  [-7.8963003 -8.038405 ]
  [-7.8311353 -8.101809 ]
  [-7.7594357 -8.182069 ]
  [-7.5624323 -8.487242 ]
  [-8.388145  -7.735001 ]
  [-7.840896  -8.091781 ]
  [-7.821854  -8.11153  ]
  [-8.11706   -7.872269 ]
  [-7.3972626 -8.931058 ]
  [-8.219044  -7.8139257]
  [-7.8642883 -8.068534 ]
  [-7.885313  -8.048536 ]
  [-8.156382  -7.8486567]
  [-8.490559  -7.695687 ]
  [-8.189638  -7.8298035]
  [-7.437031  -8.797352 ]
  [-7.8425155 -8.090136 ]
  [-7.692505  -8.269381 ]
  [-7.8326397 -8.10025  ]
  [-8.019997  -7.937513 ]
  [-7.8105116 -8.123667 ]
  [-7.557234  -8.497697 ]
  [-7.4526954 -8.75052  ]
  [-8.9275055 -7.576531 ]
  [-7.547489  -8.517748 ]
  [-8.121456  -7.869555 ]
  [-7.5636826 -8.484751 ]
  [-7.76226   -8.178669 ]
  [-7.4335723 -8.808098 ]
  [-7.829186  -8.103835 ]
  [-8.264012  -7.79098  ]
  [-7.73967   -8.206476 ]
  [-8.120243  -7.8703012]
  [-7.638308  -8.351116 ]
  [-7.9206066 -8.016733 ]
  [-7.894981  -8.03961  ]
  [-7.6343393 -8.357557 ]
  [-7.7498064 -8.193825 ]
  [-7.4244456 -8.837206 ]
  [-8.0630245 -7.9072795]
  [-8.456638  -7.708098 ]
  [-7.463681  -8.719348 ]
  [-8.6532    -7.6434183]
  [-7.8783693 -8.05505  ]
  [-7.602692  -8.411437 ]]

 [[-7.8718467 -7.699376 ]
  [-8.201542  -7.5001183]
  [-7.483826  -8.164875 ]
  [-8.896978  -7.2916226]
  [-7.451506  -8.227334 ]
  [-8.517937  -7.38192  ]
  [-7.3396606 -8.501537 ]
  [-7.507036  -8.123455 ]
  [-7.8484845 -7.718108 ]
  [-7.9067807 -7.67278  ]
  [-8.596748  -7.3594728]
  [-8.110201  -7.54537  ]
  [-7.432557  -8.266872 ]
  [-8.216445  -7.4932985]
  [-7.7911925 -7.7675953]
  [-7.4268064 -8.279343 ]
  [-8.279612  -7.465967 ]
  [-8.5715885 -7.3663936]
  [-8.049393  -7.5791817]
  [-7.8382335 -7.726581 ]
  [-7.927202  -7.6579676]
  [-8.072884  -7.5657387]
  [-7.968118  -7.629797 ]
  [-8.203388  -7.4992657]
  [-8.80622   -7.309581 ]
  [-8.469217  -7.396988 ]
  [-8.400919  -7.419813 ]
  [-7.5440674 -8.0625305]
  [-7.219086  -8.982882 ]
  [-7.3284135 -8.535841 ]
  [-8.693449  -7.3348284]
  [-7.259883  -8.786013 ]
  [-7.782273  -7.7757916]
  [-7.690611  -7.868973 ]
  [-7.984138  -7.6192822]
  [-7.7792397 -7.7786117]
  [-7.9274793 -7.65777  ]
  [-7.670474  -7.891915 ]
  [-8.019395  -7.5970926]
  [-7.706805  -7.8512197]
  [-7.7842875 -7.7739286]
  [-7.2736597 -8.728954 ]
  [-7.5517936 -8.050545 ]
  [-8.938587  -7.2840166]
  [-8.422261  -7.4124556]
  [-7.98198   -7.6206827]
  [-7.884549  -7.6895156]
  [-7.8735895 -7.6980104]
  [-7.6480546 -7.9186625]
  [-7.853632  -7.713913 ]
  [-8.151957  -7.523915 ]
  [-7.3429503 -8.491793 ]
  [-7.28295   -8.692652 ]
  [-7.4834027 -8.165655 ]]

 [[-8.06458   -7.8152056]
  [-7.2949934 -9.032429 ]
  [-8.096125  -7.7965193]
  [-8.055806  -7.8205733]
  [-8.421398  -7.64775  ]
  [-7.3208003 -8.925502 ]
  [-8.123243  -7.7811813]
  [-8.620386  -7.584882 ]
  [-8.028602  -7.8377094]
  [-7.73806   -8.082504 ]
  [-8.281901  -7.703082 ]
  [-8.9276905 -7.5142174]
  [-7.864174  -7.9599895]
  [-7.703603  -8.121832 ]
  [-7.695936  -8.130987 ]
  [-7.510215  -8.413069 ]
  [-7.4566054 -8.524994 ]
  [-7.2509403 -9.254945 ]
  [-8.354353  -7.6730013]
  [-8.280472  -7.7037077]
  [-7.5064526 -8.420343 ]
  [-7.2685013 -9.159033 ]
  [-8.211821  -7.7353163]
  [-7.52627   -8.382906 ]
  [-7.9390936 -7.899909 ]
  [-7.2871714 -9.067831 ]
  [-7.2540665 -9.237058 ]
  [-8.353176  -7.6734657]
  [-7.7824616 -8.035836 ]
  [-7.6801906 -8.150285 ]
  [-7.688378  -8.140166 ]
  [-8.168991  -7.7567244]
  [-7.306958  -8.981085 ]
  [-7.74161   -8.078613 ]
  [-7.7068276 -8.118026 ]
  [-7.502225  -8.428613 ]
  [-8.050406  -7.8239145]
  [-7.5980525 -8.263202 ]
  [-7.6032667 -8.255348 ]
  [-7.5601325 -8.323576 ]
  [-7.3727274 -8.746283 ]
  [-7.772765  -8.04567  ]
  [-7.3962727 -8.677094 ]
  [-7.6932893 -8.134184 ]
  [-7.295729  -9.029175 ]
  [-7.29992   -9.010893 ]
  [-8.182217  -7.749966 ]
  [-7.669358  -8.163963 ]
  [-7.3305893 -8.888412 ]
  [-8.099421  -7.7946196]
  [-8.046128  -7.8265824]
  [-8.464758  -7.6326056]
  [-7.855403  -7.967576 ]
  [-7.6388173 -8.204411 ]]

 [[-7.7215776 -8.273566 ]
  [-7.650138  -8.444059 ]
  [-8.321739  -7.603059 ]
  [-7.9926863 -7.866335 ]
  [-7.897834  -7.9793634]
  [-8.591276  -7.4717197]
  [-8.133054  -7.7347174]
  [-7.990365  -7.8688345]
  [-7.9266796 -7.9424534]
  [-7.564337  -8.720527 ]
  [-7.6491785 -8.44665  ]
  [-8.252127  -7.6468287]
  [-8.604839  -7.4663744]
  [-7.727545  -8.261051 ]
  [-8.219137  -7.6693983]
  [-8.872555  -7.378643 ]
  [-7.553793  -8.762448 ]
  [-8.19691   -7.6853333]
  [-7.4931397 -9.057135 ]
  [-8.342551  -7.590897 ]
  [-8.146622  -7.723749 ]
  [-8.598915  -7.4686975]
  [-8.579584  -7.47641  ]
  [-8.392897  -7.5630665]
  [-7.7564974 -8.203444 ]
  [-8.1206875 -7.744952 ]
  [-7.8708797 -8.016159 ]
  [-8.919742  -7.366111 ]
  [-7.7594824 -8.19778  ]
  [-7.8786297 -8.005338 ]
  [-8.310446  -7.609828 ]
  [-8.455979  -7.531088 ]
  [-9.02816   -7.3399715]
  [-8.615637  -7.4621906]
  [-8.139542  -7.729439 ]
  [-7.634759  -8.486741 ]
  [-8.375133  -7.5726395]
  [-7.7550497 -8.206208 ]
  [-8.819763  -7.393587 ]
  [-8.161907  -7.7117085]
  [-7.7737904 -8.171294 ]
  [-7.889815  -7.9900665]
  [-8.197633  -7.684806 ]
  [-7.943188  -7.9223833]
  [-7.5520678 -8.769522 ]
  [-9.062057  -7.332491 ]
  [-7.5689564 -8.702832 ]
  [-7.9213176 -7.949133 ]
  [-7.759121  -8.198463 ]
  [-8.490353  -7.5148873]
  [-7.872681  -8.013626 ]
  [-7.7587028 -8.199254 ]
  [-7.9143767 -7.9579   ]
  [-9.2826805 -7.290583 ]]

 [[-8.659384  -7.368948 ]
  [-8.761595  -7.3412657]
  [-7.735461  -7.946754 ]
  [-7.587787  -8.177919 ]
  [-8.051254  -7.6457567]
  [-8.76664   -7.3399897]
  [-7.623186  -8.114115 ]
  [-7.983423  -7.69613  ]
  [-7.5382934 -8.2789755]
  [-7.6711392 -8.036859 ]
  [-8.053869  -7.643931 ]
  [-7.486593  -8.40323  ]
  [-9.054371  -7.2788615]
  [-7.321165  -9.042588 ]
  [-8.612982  -7.382764 ]
  [-8.828554  -7.324968 ]
  [-8.240491  -7.531825 ]
  [-8.519839  -7.413173 ]
  [-7.5701027 -8.212303 ]
  [-8.074853  -7.6295643]
  [-8.29917   -7.5027933]
  [-7.7011423 -7.993094 ]
  [-7.709995  -7.980779 ]
  [-7.544665  -8.265085 ]
  [-7.7897663 -7.8804474]
  [-7.701415  -7.9927106]
  [-7.8002043 -7.8685813]
  [-8.250088  -7.5269003]
  [-7.9841294 -7.6955733]
  [-7.428768  -8.573199 ]
  [-8.581022  -7.3927784]
  [-7.5249457 -8.309011 ]
  [-7.343353  -8.921391 ]
  [-7.926903  -7.7430186]
  [-7.5877204 -8.178047 ]
  [-8.41629   -7.451786 ]
  [-7.5583954 -8.236083 ]
  [-7.5752697 -8.20207  ]
  [-8.402756  -7.4572544]
  [-8.759401  -7.3418226]
  [-8.320772  -7.4927254]
  [-7.873254  -7.792363 ]
  [-7.5433464 -8.267937 ]
  [-7.5555754 -8.24194  ]
  [-8.463043  -7.433671 ]
  [-8.720619  -7.351934 ]
  [-7.686982  -8.013348 ]
  [-7.3577714 -8.851092 ]
  [-8.904458  -7.3080487]
  [-8.168723  -7.571043 ]
  [-7.8481426 -7.817296 ]
  [-7.3663626 -8.811886 ]
  [-8.179823  -7.5646877]
  [-7.5916452 -8.170652 ]]]

u
[[[ 1.3446027  1.3354437]
  [ 1.185144   1.4416316]]

 [[-2.8366618 -2.8016825]
  [-2.2711577 -3.2275875]]]

z
[[ 1.7956413  1.7085409]
 [-0.7956413 -0.7085409]]

====================
Layer 0 decoder
x_bernoulli
[[-0.07224989 -0.08542645]
 [-2.6635325  -2.5025082 ]]

y_bernoulli
[[-0.10028553 -0.06141758]
 [-2.3494573  -2.8206105 ]]

x_categorical
[[-2.6635325 -2.5025082]]

y_categorical
[[-2.3494573 -2.8206105]]

v
[[-2.6079452 -4.053517 ]
 [-3.828825  -3.165137 ]]

rho_categorical
[[-5.0111685 -4.190422 ]
 [-4.0837746 -4.0481114]
 [-4.576213  -4.2087965]
 [-4.468416  -4.290161 ]
 [-4.238849  -4.591411 ]
 [-4.604048  -4.5489163]]

t_categorical
[[[ -8.979627   -8.20538  ]
  [ -9.079069   -8.089732 ]
  [ -8.838945   -8.423101 ]
  [ -9.346621   -7.8704324]
  [ -9.146881   -8.023491 ]
  [ -8.727478   -8.669713 ]
  [ -8.746623   -8.620656 ]
  [ -8.597652   -9.127922 ]
  [ -9.23818    -7.9468017]
  [ -9.281532   -7.914564 ]
  [ -8.882776   -8.346617 ]
  [ -9.116632   -8.051946 ]
  [ -9.05804    -8.112181 ]
  [ -9.002386   -8.176651 ]
  [ -9.120623   -8.048096 ]
  [-10.028458   -7.594837 ]
  [ -9.503225   -7.7814574]
  [ -8.651808   -8.903454 ]
  [-10.445173   -7.5141993]
  [ -8.6531105  -8.89876  ]
  [ -8.946268   -8.250309 ]
  [ -8.717718   -8.696064 ]
  [ -8.86486    -8.376776 ]
  [ -9.735357   -7.682495 ]
  [ -8.674269   -8.82626  ]
  [ -9.149594   -8.021019 ]
  [ -8.953516   -8.240244 ]
  [ -8.858561   -8.3877325]
  [ -8.624275   -9.009766 ]
  [ -8.665462   -8.855618 ]
  [ -8.819699   -8.459784 ]
  [ -9.149741   -8.020885 ]
  [ -9.141054   -8.028844 ]
  [ -9.111474   -8.056969 ]
  [ -8.681682   -8.802395 ]
  [ -9.28149    -7.9145937]
  [ -8.821337   -8.456581 ]
  [ -9.111805   -8.056645 ]
  [ -9.923237   -7.62256  ]
  [ -8.950451   -8.24448  ]
  [ -8.72526    -8.675621 ]
  [ -9.748053   -7.6779566]
  [ -9.613572   -7.7303247]
  [ -9.00045    -8.179039 ]
  [ -8.578476   -9.224912 ]
  [ -9.290293   -7.9083376]
  [ -9.299843   -7.901656 ]
  [ -9.084451   -8.084141 ]
  [ -8.61916    -9.031179 ]
  [ -8.720123   -8.689481 ]
  [-10.231848   -7.550484 ]
  [ -9.055432   -8.115033 ]
  [ -8.574949   -9.244034 ]
  [ -8.833129   -8.433971 ]]

 [[ -7.810196   -8.452425 ]
  [ -8.266914   -7.854977 ]
  [ -7.808758   -8.455638 ]
  [ -8.844293   -7.5617027]
  [ -8.068471   -8.041971 ]
  [ -8.327917   -7.8100224]
  [ -7.6602817  -8.899662 ]
  [ -7.921323   -8.241758 ]
  [ -8.08594    -8.022381 ]
  [ -8.503287   -7.7034874]
  [ -8.318025   -7.8169937]
  [ -7.908389   -8.263021 ]
  [ -8.029676   -8.088213 ]
  [ -7.715604   -8.702429 ]
  [ -7.6354847  -9.006924 ]
  [ -7.9467683  -8.201956 ]
  [ -7.6378317  -8.996147 ]
  [ -8.219008   -7.8938518]
  [ -8.316548   -7.8180447]
  [ -8.527485   -7.690963 ]
  [ -8.734369   -7.600234 ]
  [ -8.118345   -7.9878826]
  [ -7.6632433  -8.887751 ]
  [ -7.91381    -8.254021 ]
  [ -8.143108   -7.963013 ]
  [ -8.093689   -8.01392  ]
  [ -7.7150984  -8.704021 ]
  [ -8.059406   -8.052428 ]
  [ -8.3885765  -7.7697124]
  [ -7.7164173  -8.699873 ]
  [ -8.141406   -7.9646835]
  [ -8.646535   -7.6354938]
  [ -7.923569   -8.238138 ]
  [ -7.7689543  -8.551003 ]
  [ -9.476697   -7.419798 ]
  [ -8.072727   -8.037131 ]
  [ -8.0969515  -8.010399 ]
  [ -8.080977   -8.027873 ]
  [ -9.307354   -7.4478617]
  [ -7.953273   -8.192188 ]
  [ -8.27972    -7.845139 ]
  [ -8.033078   -8.083998 ]
  [ -7.6177664  -9.093182 ]
  [ -7.7516627  -8.59676  ]
  [ -8.813588   -7.5718975]
  [ -7.7498856  -8.601629 ]
  [ -8.400946   -7.7619762]
  [ -8.62977    -7.6427355]
  [ -7.975477   -8.16     ]
  [ -8.5853615  -7.662787 ]
  [ -8.448854   -7.7334237]
  [ -7.707112   -8.729632 ]
  [ -7.7943697  -8.48864  ]
  [ -8.485737   -7.712866 ]]

 [[ -8.568887   -8.194393 ]
  [ -8.960335   -7.9348717]
  [ -8.600934   -8.165951 ]
  [ -8.504657   -8.256996 ]
  [ -9.606945   -7.7301545]
  [ -8.622265   -8.147942 ]
  [ -8.0311775  -9.248167 ]
  [ -8.111279   -8.951171 ]
  [ -8.426533   -8.345151 ]
  [ -8.762172   -8.045309 ]
  [ -8.335287   -8.469762 ]
  [ -9.120404   -7.866682 ]
  [ -8.424717   -8.347382 ]
  [ -9.024439   -7.9056783]
  [ -9.156438   -7.8533325]
  [ -8.627562   -8.143578 ]
  [ -8.696543   -8.090368 ]
  [ -8.80871    -8.0162   ]
  [ -8.375804   -8.411093 ]
  [ -8.027913   -9.262964 ]
  [ -8.90003    -7.9649754]
  [ -8.551912   -8.210177 ]
  [ -9.334041   -7.796185 ]
  [ -9.545561   -7.7431307]
  [ -8.180509   -8.763787 ]
  [ -8.182097   -8.76001  ]
  [ -8.690545   -8.094743 ]
  [ -8.447032   -8.320573 ]
  [ -8.65055    -8.125116 ]
  [ -8.165523   -8.800442 ]
  [ -8.52848    -8.232843 ]
  [ -9.663918   -7.7189403]
  [ -8.1389065  -8.870549 ]
  [ -8.5226555  -8.238641 ]
  [ -8.549746   -8.212229 ]
  [ -8.685858   -8.098193 ]
  [ -8.898438   -7.965808 ]
  [ -9.003441   -7.9149427]
  [ -8.591742   -8.173935 ]
  [ -8.220026   -8.675446 ]
  [ -8.908445   -7.9606085]
  [ -8.496176   -8.265879 ]
  [ -9.477666   -7.7586613]
  [ -8.228678   -8.657536 ]
  [ -8.758581   -8.047647 ]
  [ -8.210033   -8.696734 ]
  [ -8.137492   -8.87447  ]
  [ -8.996714   -7.917971 ]
  [ -8.408054   -8.368286 ]
  [ -8.315859   -8.500072 ]
  [ -8.016008   -9.319303 ]
  [ -9.737247   -7.7055798]
  [ -9.187134   -7.8424664]
  [ -8.158342   -8.818697 ]]

 [[ -8.441685   -8.294975 ]
  [ -8.132855   -8.757419 ]
  [ -8.424324   -8.313058 ]
  [ -8.378471   -8.364082 ]
  [ -8.614889   -8.144197 ]
  [ -8.015159   -9.080928 ]
  [ -8.472261   -8.264625 ]
  [ -9.109149   -7.890621 ]
  [ -9.404588   -7.8047915]
  [ -8.332178   -8.421019 ]
  [ -8.320999   -8.435683 ]
  [ -8.739655   -8.060949 ]
  [ -8.1128235  -8.803228 ]
  [ -8.710233   -8.079061 ]
  [ -8.382817   -8.35903  ]
  [ -8.2245655  -8.58018  ]
  [ -9.656727   -7.7528353]
  [ -8.562178   -8.185081 ]
  [ -8.28669    -8.483181 ]
  [ -9.176788   -7.8679647]
  [ -7.991435   -9.167126 ]
  [ -8.371199   -8.372644 ]
  [ -9.705637   -7.7444434]
  [ -8.066307   -8.922616 ]
  [ -8.249677   -8.539101 ]
  [ -9.335284   -7.822113 ]
  [ -8.430107   -8.306963 ]
  [ -8.331824   -8.421476 ]
  [ -8.189008   -8.643345 ]
  [ -9.515836   -7.77991  ]
  [ -8.162451   -8.694882 ]
  [ -8.907641   -7.9720654]
  [ -8.163518   -8.692734 ]
  [ -8.690091   -8.091969 ]
  [ -9.401644   -7.805497 ]
  [ -8.022437   -9.056286 ]
  [ -8.592531   -8.161072 ]
  [ -8.415834   -8.322138 ]
  [ -8.654426   -8.115911 ]
  [ -8.249049   -8.540094 ]
  [ -8.328498   -8.425804 ]
  [ -8.720187   -8.072836 ]
  [ -9.089364   -7.897647 ]
  [ -8.023499   -9.052759 ]
  [ -8.635225   -8.129408 ]
  [ -8.091307   -8.855999 ]
  [ -8.403198   -8.335954 ]
  [ -8.096939   -8.841803 ]
  [ -8.482616   -8.254755 ]
  [ -8.325478   -8.429763 ]
  [ -8.334755   -8.41769  ]
  [ -8.501991   -8.236813 ]
  [ -8.453617   -8.28291  ]
  [ -8.610922   -8.147143 ]]

 [[ -9.390455   -8.116653 ]
  [ -8.2321     -8.576747 ]
  [ -8.909426   -8.226774 ]
  [ -9.08111    -8.179801 ]
  [ -7.684254   -9.547731 ]
  [ -9.111376   -8.172524 ]
  [ -8.910126   -8.226561 ]
  [ -8.908661   -8.227008 ]
  [ -9.307213   -8.131414 ]
  [ -7.7616434  -9.293369 ]
  [ -7.9926324  -8.838671 ]
  [ -7.652074   -9.683775 ]
  [ -8.085307   -8.7213745]
  [ -8.5669985  -8.359728 ]
  [ -9.278299   -8.136891 ]
  [ -7.9480433  -8.904932 ]
  [ -8.865694   -8.240496 ]
  [ -7.876085   -9.029596 ]
  [ -8.208201   -8.59756  ]
  [ -8.561785   -8.362295 ]
  [ -8.514171   -8.386692 ]
  [ -8.189884   -8.614161 ]
  [ -9.349691   -8.123701 ]
  [ -7.946853   -8.906805 ]
  [ -8.751167   -8.280465 ]
  [ -7.667623   -9.615183 ]
  [ -8.287365   -8.531976 ]
  [ -7.983633   -8.851462 ]
  [ -8.028167   -8.7907505]
  [ -8.411772   -8.445668 ]
  [ -8.226885   -8.581209 ]
  [ -7.7826424  -9.236988 ]
  [ -7.7769375  -9.251878 ]
  [ -8.110764   -8.693129 ]
  [ -7.9566636  -8.891539 ]
  [ -8.226538   -8.581509 ]
  [ -7.9416714  -8.915024 ]
  [ -8.9347515  -8.219179 ]
  [ -8.39459    -8.456545 ]
  [ -7.6824994  -9.554586 ]
  [ -7.938218   -8.920565 ]
  [ -8.273977   -8.542416 ]
  [ -8.7342     -8.286934 ]
  [ -8.063377   -8.746971 ]
  [ -8.599665   -8.34409  ]
  [ -8.360134   -8.479305 ]
  [ -7.900279   -8.9848995]
  [ -8.517815   -8.384763 ]
  [ -8.300999   -8.521595 ]
  [ -9.069405   -8.18269  ]
  [ -7.904624   -8.97719  ]
  [ -7.668207   -9.612713 ]
  [ -7.801969   -9.188721 ]
  [ -8.747128   -8.281991 ]]

 [[ -8.933342   -8.323269 ]
  [ -8.3807125  -8.756458 ]
  [ -9.1451645  -8.236214 ]
  [ -8.584765   -8.544813 ]
  [ -8.695887   -8.459901 ]
  [ -8.332778   -8.821213 ]
  [ -9.131374   -8.241133 ]
  [ -8.185802   -9.077782 ]
  [ -9.141295   -8.237584 ]
  [ -8.349955   -8.797164 ]
  [ -8.609463   -8.524465 ]
  [ -8.924343   -8.327586 ]
  [ -8.378695   -8.759041 ]
  [ -8.751226   -8.423288 ]
  [ -8.486186   -8.636164 ]
  [ -9.018984   -8.284906 ]
  [ -9.317985   -8.181643 ]
  [ -9.417635   -8.1552925]
  [ -8.539667   -8.584461 ]
  [ -9.144249   -8.236537 ]
  [ -8.167597   -9.117889 ]
  [ -8.090473   -9.31862  ]
  [ -8.010509   -9.605396 ]
  [ -8.915747   -8.331763 ]
  [ -8.463142   -8.660202 ]
  [ -9.438453   -8.150192 ]
  [ -8.096451   -9.300928 ]
  [ -8.095698   -9.303131 ]
  [ -8.981964   -8.300907 ]
  [ -8.744848   -8.42734  ]
  [ -8.494362   -8.627901 ]
  [ -8.633916   -8.505193 ]
  [ -8.47895    -8.643591 ]
  [ -8.8484335  -8.366412 ]
  [ -9.402441   -8.1591   ]
  [ -7.9834337  -9.731649 ]
  [ -8.251936   -8.949442 ]
  [ -8.759098   -8.418346 ]
  [ -8.441826   -8.683483 ]
  [ -8.436834   -8.689087 ]
  [ -9.219921   -8.211077 ]
  [ -9.638128   -8.10735  ]
  [ -9.585173   -8.117723 ]
  [ -9.523136   -8.130747 ]
  [ -8.23003    -8.989241 ]
  [ -8.678731   -8.471958 ]
  [ -8.297711   -8.87357  ]
  [ -8.267669   -8.922314 ]
  [ -8.80271    -8.3920765]
  [ -8.877171   -8.351187 ]
  [ -8.520279   -8.602581 ]
  [ -8.566298   -8.560646 ]
  [ -8.412155   -8.717691 ]
  [ -8.065008   -9.399012 ]]]

u
[[[ 1.2831384  1.6200844]
  [ 1.5746032  1.4267492]]

 [[-2.6079452 -4.053517 ]
  [-3.828825  -3.165137 ]]]

z
[[ 2.0787926  2.246564 ]
 [-1.0787926 -1.2465639]]

--------------------------
