===================== Inference Activations ======================
--------------------------
Inference example 0
input t
[[[[ 0  0]
   [-9 -9]
   [-9 -9]
   [-9 -9]
   [-9 -9]
   [-9 -9]
   [-9 -9]
   [-9 -9]
   [-9 -9]
   [-9 -9]
   [-9 -9]
   [-9 -9]
   [-9 -9]
   [-9 -9]
   [-9 -9]
   [-9 -9]
   [-9 -9]
   [-9 -9]
   [-9 -9]
   [-9 -9]
   [-9 -9]
   [-9 -9]
   [-9 -9]
   [-9 -9]
   [-9 -9]
   [-9 -9]
   [-9 -9]
   [-9 -9]
   [-9 -9]
   [-9 -9]
   [-9 -9]
   [-9 -9]
   [-9 -9]
   [-9 -9]
   [-9 -9]
   [-9 -9]
   [-9 -9]
   [-9 -9]
   [-9 -9]
   [-9 -9]
   [-9 -9]
   [-9 -9]
   [-9 -9]
   [-9 -9]
   [-9 -9]
   [-9 -9]
   [-9 -9]
   [-9 -9]
   [-9 -9]
   [-9 -9]
   [-9 -9]
   [-9 -9]
   [-9 -9]
   [-9 -9]]

  [[-9 -9]
   [ 0  0]
   [-9 -9]
   [-9 -9]
   [-9 -9]
   [-9 -9]
   [-9 -9]
   [-9 -9]
   [-9 -9]
   [-9 -9]
   [-9 -9]
   [-9 -9]
   [-9 -9]
   [-9 -9]
   [-9 -9]
   [-9 -9]
   [-9 -9]
   [-9 -9]
   [-9 -9]
   [-9 -9]
   [-9 -9]
   [-9 -9]
   [-9 -9]
   [-9 -9]
   [-9 -9]
   [-9 -9]
   [-9 -9]
   [-9 -9]
   [-9 -9]
   [-9 -9]
   [-9 -9]
   [-9 -9]
   [-9 -9]
   [-9 -9]
   [-9 -9]
   [-9 -9]
   [-9 -9]
   [-9 -9]
   [-9 -9]
   [-9 -9]
   [-9 -9]
   [-9 -9]
   [-9 -9]
   [-9 -9]
   [-9 -9]
   [-9 -9]
   [-9 -9]
   [-9 -9]
   [-9 -9]
   [-9 -9]
   [-9 -9]
   [-9 -9]
   [-9 -9]
   [-9 -9]]

  [[-9 -9]
   [-9 -9]
   [-9 -9]
   [-9 -9]
   [-9 -9]
   [-9 -9]
   [-9 -9]
   [-9 -9]
   [-9 -9]
   [-9 -9]
   [-9 -9]
   [-9 -9]
   [-9 -9]
   [-9 -9]
   [-9 -9]
   [-9 -9]
   [-9 -9]
   [-9 -9]
   [-9 -9]
   [-9 -9]
   [-9 -9]
   [-9 -9]
   [-9 -9]
   [-9 -9]
   [-9 -9]
   [-9 -9]
   [-9 -9]
   [-9 -9]
   [-9 -9]
   [-9 -9]
   [-9 -9]
   [-9 -9]
   [-9 -9]
   [-9 -9]
   [-9 -9]
   [-9 -9]
   [-9 -9]
   [-9 -9]
   [-9 -9]
   [-9 -9]
   [-9 -9]
   [-9 -9]
   [-9 -9]
   [-9 -9]
   [-9 -9]
   [-9 -9]
   [-9 -9]
   [-9 -9]
   [-9 -9]
   [-9 -9]
   [-9 -9]
   [-9 -9]
   [-9 -9]
   [ 0  0]]

  [[-9 -9]
   [-9 -9]
   [-9 -9]
   [-9 -9]
   [-9 -9]
   [-9 -9]
   [-9 -9]
   [-9 -9]
   [-9 -9]
   [-9 -9]
   [-9 -9]
   [-9 -9]
   [-9 -9]
   [-9 -9]
   [-9 -9]
   [-9 -9]
   [-9 -9]
   [-9 -9]
   [-9 -9]
   [-9 -9]
   [-9 -9]
   [-9 -9]
   [-9 -9]
   [-9 -9]
   [-9 -9]
   [-9 -9]
   [-9 -9]
   [-9 -9]
   [-9 -9]
   [-9 -9]
   [-9 -9]
   [-9 -9]
   [-9 -9]
   [-9 -9]
   [-9 -9]
   [-9 -9]
   [-9 -9]
   [-9 -9]
   [-9 -9]
   [-9 -9]
   [-9 -9]
   [-9 -9]
   [-9 -9]
   [-9 -9]
   [-9 -9]
   [-9 -9]
   [-9 -9]
   [-9 -9]
   [-9 -9]
   [-9 -9]
   [-9 -9]
   [-9 -9]
   [-9 -9]
   [ 0  0]]

  [[-9 -9]
   [-9 -9]
   [-9 -9]
   [-9 -9]
   [-9 -9]
   [-9 -9]
   [-9 -9]
   [-9 -9]
   [-9 -9]
   [-9 -9]
   [-9 -9]
   [-9 -9]
   [-9 -9]
   [-9 -9]
   [-9 -9]
   [-9 -9]
   [-9 -9]
   [-9 -9]
   [-9 -9]
   [-9 -9]
   [-9 -9]
   [-9 -9]
   [-9 -9]
   [-9 -9]
   [-9 -9]
   [-9 -9]
   [-9 -9]
   [-9 -9]
   [-9 -9]
   [-9 -9]
   [-9 -9]
   [-9 -9]
   [-9 -9]
   [-9 -9]
   [-9 -9]
   [-9 -9]
   [-9 -9]
   [-9 -9]
   [-9 -9]
   [-9 -9]
   [-9 -9]
   [-9 -9]
   [-9 -9]
   [-9 -9]
   [-9 -9]
   [-9 -9]
   [-9 -9]
   [-9 -9]
   [-9 -9]
   [-9 -9]
   [-9 -9]
   [-9 -9]
   [-9 -9]
   [ 0  0]]

  [[-9 -9]
   [-9 -9]
   [-9 -9]
   [-9 -9]
   [-9 -9]
   [-9 -9]
   [-9 -9]
   [-9 -9]
   [-9 -9]
   [-9 -9]
   [-9 -9]
   [-9 -9]
   [-9 -9]
   [-9 -9]
   [-9 -9]
   [-9 -9]
   [-9 -9]
   [-9 -9]
   [-9 -9]
   [-9 -9]
   [-9 -9]
   [-9 -9]
   [-9 -9]
   [-9 -9]
   [-9 -9]
   [-9 -9]
   [-9 -9]
   [-9 -9]
   [-9 -9]
   [-9 -9]
   [-9 -9]
   [-9 -9]
   [-9 -9]
   [-9 -9]
   [-9 -9]
   [-9 -9]
   [-9 -9]
   [-9 -9]
   [-9 -9]
   [-9 -9]
   [-9 -9]
   [-9 -9]
   [-9 -9]
   [-9 -9]
   [-9 -9]
   [-9 -9]
   [-9 -9]
   [-9 -9]
   [-9 -9]
   [-9 -9]
   [-9 -9]
   [-9 -9]
   [-9 -9]
   [ 0  0]]]


 [[[ 0  0]
   [-9 -9]
   [-9 -9]
   [-9 -9]
   [-9 -9]
   [-9 -9]
   [-9 -9]
   [-9 -9]
   [-9 -9]
   [-9 -9]
   [-9 -9]
   [-9 -9]
   [-9 -9]
   [-9 -9]
   [-9 -9]
   [-9 -9]
   [-9 -9]
   [-9 -9]
   [-9 -9]
   [-9 -9]
   [-9 -9]
   [-9 -9]
   [-9 -9]
   [-9 -9]
   [-9 -9]
   [-9 -9]
   [-9 -9]
   [-9 -9]
   [-9 -9]
   [-9 -9]
   [-9 -9]
   [-9 -9]
   [-9 -9]
   [-9 -9]
   [-9 -9]
   [-9 -9]
   [-9 -9]
   [-9 -9]
   [-9 -9]
   [-9 -9]
   [-9 -9]
   [-9 -9]
   [-9 -9]
   [-9 -9]
   [-9 -9]
   [-9 -9]
   [-9 -9]
   [-9 -9]
   [-9 -9]
   [-9 -9]
   [-9 -9]
   [-9 -9]
   [-9 -9]
   [-9 -9]]

  [[-9 -9]
   [ 0  0]
   [-9 -9]
   [-9 -9]
   [-9 -9]
   [-9 -9]
   [-9 -9]
   [-9 -9]
   [-9 -9]
   [-9 -9]
   [-9 -9]
   [-9 -9]
   [-9 -9]
   [-9 -9]
   [-9 -9]
   [-9 -9]
   [-9 -9]
   [-9 -9]
   [-9 -9]
   [-9 -9]
   [-9 -9]
   [-9 -9]
   [-9 -9]
   [-9 -9]
   [-9 -9]
   [-9 -9]
   [-9 -9]
   [-9 -9]
   [-9 -9]
   [-9 -9]
   [-9 -9]
   [-9 -9]
   [-9 -9]
   [-9 -9]
   [-9 -9]
   [-9 -9]
   [-9 -9]
   [-9 -9]
   [-9 -9]
   [-9 -9]
   [-9 -9]
   [-9 -9]
   [-9 -9]
   [-9 -9]
   [-9 -9]
   [-9 -9]
   [-9 -9]
   [-9 -9]
   [-9 -9]
   [-9 -9]
   [-9 -9]
   [-9 -9]
   [-9 -9]
   [-9 -9]]

  [[-9 -9]
   [-9 -9]
   [-9 -9]
   [-9 -9]
   [-9 -9]
   [-9 -9]
   [-9 -9]
   [-9 -9]
   [-9 -9]
   [-9 -9]
   [-9 -9]
   [-9 -9]
   [-9 -9]
   [-9 -9]
   [-9 -9]
   [-9 -9]
   [-9 -9]
   [-9 -9]
   [-9 -9]
   [-9 -9]
   [-9 -9]
   [-9 -9]
   [-9 -9]
   [-9 -9]
   [-9 -9]
   [-9 -9]
   [-9 -9]
   [-9 -9]
   [-9 -9]
   [-9 -9]
   [-9 -9]
   [-9 -9]
   [-9 -9]
   [-9 -9]
   [-9 -9]
   [-9 -9]
   [-9 -9]
   [-9 -9]
   [-9 -9]
   [-9 -9]
   [-9 -9]
   [-9 -9]
   [-9 -9]
   [-9 -9]
   [-9 -9]
   [-9 -9]
   [-9 -9]
   [-9 -9]
   [-9 -9]
   [-9 -9]
   [-9 -9]
   [-9 -9]
   [-9 -9]
   [ 0  0]]

  [[-9 -9]
   [-9 -9]
   [-9 -9]
   [-9 -9]
   [-9 -9]
   [-9 -9]
   [-9 -9]
   [-9 -9]
   [-9 -9]
   [-9 -9]
   [-9 -9]
   [-9 -9]
   [-9 -9]
   [-9 -9]
   [-9 -9]
   [-9 -9]
   [-9 -9]
   [-9 -9]
   [-9 -9]
   [-9 -9]
   [-9 -9]
   [-9 -9]
   [-9 -9]
   [-9 -9]
   [-9 -9]
   [-9 -9]
   [-9 -9]
   [-9 -9]
   [-9 -9]
   [-9 -9]
   [-9 -9]
   [-9 -9]
   [-9 -9]
   [-9 -9]
   [-9 -9]
   [-9 -9]
   [-9 -9]
   [-9 -9]
   [-9 -9]
   [-9 -9]
   [-9 -9]
   [-9 -9]
   [-9 -9]
   [-9 -9]
   [-9 -9]
   [-9 -9]
   [-9 -9]
   [-9 -9]
   [-9 -9]
   [-9 -9]
   [-9 -9]
   [-9 -9]
   [-9 -9]
   [ 0  0]]

  [[-9 -9]
   [-9 -9]
   [-9 -9]
   [-9 -9]
   [-9 -9]
   [-9 -9]
   [-9 -9]
   [-9 -9]
   [-9 -9]
   [-9 -9]
   [-9 -9]
   [-9 -9]
   [-9 -9]
   [-9 -9]
   [-9 -9]
   [-9 -9]
   [-9 -9]
   [-9 -9]
   [-9 -9]
   [-9 -9]
   [-9 -9]
   [-9 -9]
   [-9 -9]
   [-9 -9]
   [-9 -9]
   [-9 -9]
   [-9 -9]
   [-9 -9]
   [-9 -9]
   [-9 -9]
   [-9 -9]
   [-9 -9]
   [-9 -9]
   [-9 -9]
   [-9 -9]
   [-9 -9]
   [-9 -9]
   [-9 -9]
   [-9 -9]
   [-9 -9]
   [-9 -9]
   [-9 -9]
   [-9 -9]
   [-9 -9]
   [-9 -9]
   [-9 -9]
   [-9 -9]
   [-9 -9]
   [-9 -9]
   [-9 -9]
   [-9 -9]
   [-9 -9]
   [-9 -9]
   [ 0  0]]

  [[-9 -9]
   [-9 -9]
   [-9 -9]
   [-9 -9]
   [-9 -9]
   [-9 -9]
   [-9 -9]
   [-9 -9]
   [-9 -9]
   [-9 -9]
   [-9 -9]
   [-9 -9]
   [-9 -9]
   [-9 -9]
   [-9 -9]
   [-9 -9]
   [-9 -9]
   [-9 -9]
   [-9 -9]
   [-9 -9]
   [-9 -9]
   [-9 -9]
   [-9 -9]
   [-9 -9]
   [-9 -9]
   [-9 -9]
   [-9 -9]
   [-9 -9]
   [-9 -9]
   [-9 -9]
   [-9 -9]
   [-9 -9]
   [-9 -9]
   [-9 -9]
   [-9 -9]
   [-9 -9]
   [-9 -9]
   [-9 -9]
   [-9 -9]
   [-9 -9]
   [-9 -9]
   [-9 -9]
   [-9 -9]
   [-9 -9]
   [-9 -9]
   [-9 -9]
   [-9 -9]
   [-9 -9]
   [-9 -9]
   [-9 -9]
   [-9 -9]
   [-9 -9]
   [-9 -9]
   [ 0  0]]]


 [[[ 0  0]
   [-9 -9]
   [-9 -9]
   [-9 -9]
   [-9 -9]
   [-9 -9]
   [-9 -9]
   [-9 -9]
   [-9 -9]
   [-9 -9]
   [-9 -9]
   [-9 -9]
   [-9 -9]
   [-9 -9]
   [-9 -9]
   [-9 -9]
   [-9 -9]
   [-9 -9]
   [-9 -9]
   [-9 -9]
   [-9 -9]
   [-9 -9]
   [-9 -9]
   [-9 -9]
   [-9 -9]
   [-9 -9]
   [-9 -9]
   [-9 -9]
   [-9 -9]
   [-9 -9]
   [-9 -9]
   [-9 -9]
   [-9 -9]
   [-9 -9]
   [-9 -9]
   [-9 -9]
   [-9 -9]
   [-9 -9]
   [-9 -9]
   [-9 -9]
   [-9 -9]
   [-9 -9]
   [-9 -9]
   [-9 -9]
   [-9 -9]
   [-9 -9]
   [-9 -9]
   [-9 -9]
   [-9 -9]
   [-9 -9]
   [-9 -9]
   [-9 -9]
   [-9 -9]
   [-9 -9]]

  [[-9 -9]
   [ 0  0]
   [-9 -9]
   [-9 -9]
   [-9 -9]
   [-9 -9]
   [-9 -9]
   [-9 -9]
   [-9 -9]
   [-9 -9]
   [-9 -9]
   [-9 -9]
   [-9 -9]
   [-9 -9]
   [-9 -9]
   [-9 -9]
   [-9 -9]
   [-9 -9]
   [-9 -9]
   [-9 -9]
   [-9 -9]
   [-9 -9]
   [-9 -9]
   [-9 -9]
   [-9 -9]
   [-9 -9]
   [-9 -9]
   [-9 -9]
   [-9 -9]
   [-9 -9]
   [-9 -9]
   [-9 -9]
   [-9 -9]
   [-9 -9]
   [-9 -9]
   [-9 -9]
   [-9 -9]
   [-9 -9]
   [-9 -9]
   [-9 -9]
   [-9 -9]
   [-9 -9]
   [-9 -9]
   [-9 -9]
   [-9 -9]
   [-9 -9]
   [-9 -9]
   [-9 -9]
   [-9 -9]
   [-9 -9]
   [-9 -9]
   [-9 -9]
   [-9 -9]
   [-9 -9]]

  [[-9 -9]
   [-9 -9]
   [-9 -9]
   [-9 -9]
   [-9 -9]
   [-9 -9]
   [-9 -9]
   [-9 -9]
   [-9 -9]
   [-9 -9]
   [-9 -9]
   [-9 -9]
   [-9 -9]
   [-9 -9]
   [-9 -9]
   [-9 -9]
   [-9 -9]
   [-9 -9]
   [-9 -9]
   [-9 -9]
   [-9 -9]
   [-9 -9]
   [-9 -9]
   [-9 -9]
   [-9 -9]
   [-9 -9]
   [-9 -9]
   [-9 -9]
   [-9 -9]
   [-9 -9]
   [-9 -9]
   [-9 -9]
   [-9 -9]
   [-9 -9]
   [-9 -9]
   [-9 -9]
   [-9 -9]
   [-9 -9]
   [-9 -9]
   [-9 -9]
   [-9 -9]
   [-9 -9]
   [-9 -9]
   [-9 -9]
   [-9 -9]
   [-9 -9]
   [-9 -9]
   [-9 -9]
   [-9 -9]
   [-9 -9]
   [-9 -9]
   [-9 -9]
   [-9 -9]
   [ 0  0]]

  [[-9 -9]
   [-9 -9]
   [-9 -9]
   [-9 -9]
   [-9 -9]
   [-9 -9]
   [-9 -9]
   [-9 -9]
   [-9 -9]
   [-9 -9]
   [-9 -9]
   [-9 -9]
   [-9 -9]
   [-9 -9]
   [-9 -9]
   [-9 -9]
   [-9 -9]
   [-9 -9]
   [-9 -9]
   [-9 -9]
   [-9 -9]
   [-9 -9]
   [-9 -9]
   [-9 -9]
   [-9 -9]
   [-9 -9]
   [-9 -9]
   [-9 -9]
   [-9 -9]
   [-9 -9]
   [-9 -9]
   [-9 -9]
   [-9 -9]
   [-9 -9]
   [-9 -9]
   [-9 -9]
   [-9 -9]
   [-9 -9]
   [-9 -9]
   [-9 -9]
   [-9 -9]
   [-9 -9]
   [-9 -9]
   [-9 -9]
   [-9 -9]
   [-9 -9]
   [-9 -9]
   [-9 -9]
   [-9 -9]
   [-9 -9]
   [-9 -9]
   [-9 -9]
   [-9 -9]
   [ 0  0]]

  [[-9 -9]
   [-9 -9]
   [-9 -9]
   [-9 -9]
   [-9 -9]
   [-9 -9]
   [-9 -9]
   [-9 -9]
   [-9 -9]
   [-9 -9]
   [-9 -9]
   [-9 -9]
   [-9 -9]
   [-9 -9]
   [-9 -9]
   [-9 -9]
   [-9 -9]
   [-9 -9]
   [-9 -9]
   [-9 -9]
   [-9 -9]
   [-9 -9]
   [-9 -9]
   [-9 -9]
   [-9 -9]
   [-9 -9]
   [-9 -9]
   [-9 -9]
   [-9 -9]
   [-9 -9]
   [-9 -9]
   [-9 -9]
   [-9 -9]
   [-9 -9]
   [-9 -9]
   [-9 -9]
   [-9 -9]
   [-9 -9]
   [-9 -9]
   [-9 -9]
   [-9 -9]
   [-9 -9]
   [-9 -9]
   [-9 -9]
   [-9 -9]
   [-9 -9]
   [-9 -9]
   [-9 -9]
   [-9 -9]
   [-9 -9]
   [-9 -9]
   [-9 -9]
   [-9 -9]
   [ 0  0]]

  [[-9 -9]
   [-9 -9]
   [-9 -9]
   [-9 -9]
   [-9 -9]
   [-9 -9]
   [-9 -9]
   [-9 -9]
   [-9 -9]
   [-9 -9]
   [-9 -9]
   [-9 -9]
   [-9 -9]
   [-9 -9]
   [-9 -9]
   [-9 -9]
   [-9 -9]
   [-9 -9]
   [-9 -9]
   [-9 -9]
   [-9 -9]
   [-9 -9]
   [-9 -9]
   [-9 -9]
   [-9 -9]
   [-9 -9]
   [-9 -9]
   [-9 -9]
   [-9 -9]
   [-9 -9]
   [-9 -9]
   [-9 -9]
   [-9 -9]
   [-9 -9]
   [-9 -9]
   [-9 -9]
   [-9 -9]
   [-9 -9]
   [-9 -9]
   [-9 -9]
   [-9 -9]
   [-9 -9]
   [-9 -9]
   [-9 -9]
   [-9 -9]
   [-9 -9]
   [-9 -9]
   [-9 -9]
   [-9 -9]
   [-9 -9]
   [-9 -9]
   [-9 -9]
   [-9 -9]
   [ 0  0]]]


 [[[ 0  0]
   [-9 -9]
   [-9 -9]
   [-9 -9]
   [-9 -9]
   [-9 -9]
   [-9 -9]
   [-9 -9]
   [-9 -9]
   [-9 -9]
   [-9 -9]
   [-9 -9]
   [-9 -9]
   [-9 -9]
   [-9 -9]
   [-9 -9]
   [-9 -9]
   [-9 -9]
   [-9 -9]
   [-9 -9]
   [-9 -9]
   [-9 -9]
   [-9 -9]
   [-9 -9]
   [-9 -9]
   [-9 -9]
   [-9 -9]
   [-9 -9]
   [-9 -9]
   [-9 -9]
   [-9 -9]
   [-9 -9]
   [-9 -9]
   [-9 -9]
   [-9 -9]
   [-9 -9]
   [-9 -9]
   [-9 -9]
   [-9 -9]
   [-9 -9]
   [-9 -9]
   [-9 -9]
   [-9 -9]
   [-9 -9]
   [-9 -9]
   [-9 -9]
   [-9 -9]
   [-9 -9]
   [-9 -9]
   [-9 -9]
   [-9 -9]
   [-9 -9]
   [-9 -9]
   [-9 -9]]

  [[-9 -9]
   [ 0  0]
   [-9 -9]
   [-9 -9]
   [-9 -9]
   [-9 -9]
   [-9 -9]
   [-9 -9]
   [-9 -9]
   [-9 -9]
   [-9 -9]
   [-9 -9]
   [-9 -9]
   [-9 -9]
   [-9 -9]
   [-9 -9]
   [-9 -9]
   [-9 -9]
   [-9 -9]
   [-9 -9]
   [-9 -9]
   [-9 -9]
   [-9 -9]
   [-9 -9]
   [-9 -9]
   [-9 -9]
   [-9 -9]
   [-9 -9]
   [-9 -9]
   [-9 -9]
   [-9 -9]
   [-9 -9]
   [-9 -9]
   [-9 -9]
   [-9 -9]
   [-9 -9]
   [-9 -9]
   [-9 -9]
   [-9 -9]
   [-9 -9]
   [-9 -9]
   [-9 -9]
   [-9 -9]
   [-9 -9]
   [-9 -9]
   [-9 -9]
   [-9 -9]
   [-9 -9]
   [-9 -9]
   [-9 -9]
   [-9 -9]
   [-9 -9]
   [-9 -9]
   [-9 -9]]

  [[-9 -9]
   [-9 -9]
   [-9 -9]
   [-9 -9]
   [-9 -9]
   [-9 -9]
   [-9 -9]
   [-9 -9]
   [-9 -9]
   [-9 -9]
   [-9 -9]
   [-9 -9]
   [-9 -9]
   [-9 -9]
   [-9 -9]
   [-9 -9]
   [-9 -9]
   [-9 -9]
   [-9 -9]
   [-9 -9]
   [-9 -9]
   [-9 -9]
   [-9 -9]
   [-9 -9]
   [-9 -9]
   [-9 -9]
   [-9 -9]
   [-9 -9]
   [-9 -9]
   [-9 -9]
   [-9 -9]
   [-9 -9]
   [-9 -9]
   [-9 -9]
   [-9 -9]
   [-9 -9]
   [-9 -9]
   [-9 -9]
   [-9 -9]
   [-9 -9]
   [-9 -9]
   [-9 -9]
   [-9 -9]
   [-9 -9]
   [-9 -9]
   [-9 -9]
   [-9 -9]
   [-9 -9]
   [-9 -9]
   [-9 -9]
   [-9 -9]
   [-9 -9]
   [-9 -9]
   [ 0  0]]

  [[-9 -9]
   [-9 -9]
   [-9 -9]
   [-9 -9]
   [-9 -9]
   [-9 -9]
   [-9 -9]
   [-9 -9]
   [-9 -9]
   [-9 -9]
   [-9 -9]
   [-9 -9]
   [-9 -9]
   [-9 -9]
   [-9 -9]
   [-9 -9]
   [-9 -9]
   [-9 -9]
   [-9 -9]
   [-9 -9]
   [-9 -9]
   [-9 -9]
   [-9 -9]
   [-9 -9]
   [-9 -9]
   [-9 -9]
   [-9 -9]
   [-9 -9]
   [-9 -9]
   [-9 -9]
   [-9 -9]
   [-9 -9]
   [-9 -9]
   [-9 -9]
   [-9 -9]
   [-9 -9]
   [-9 -9]
   [-9 -9]
   [-9 -9]
   [-9 -9]
   [-9 -9]
   [-9 -9]
   [-9 -9]
   [-9 -9]
   [-9 -9]
   [-9 -9]
   [-9 -9]
   [-9 -9]
   [-9 -9]
   [-9 -9]
   [-9 -9]
   [-9 -9]
   [-9 -9]
   [ 0  0]]

  [[-9 -9]
   [-9 -9]
   [-9 -9]
   [-9 -9]
   [-9 -9]
   [-9 -9]
   [-9 -9]
   [-9 -9]
   [-9 -9]
   [-9 -9]
   [-9 -9]
   [-9 -9]
   [-9 -9]
   [-9 -9]
   [-9 -9]
   [-9 -9]
   [-9 -9]
   [-9 -9]
   [-9 -9]
   [-9 -9]
   [-9 -9]
   [-9 -9]
   [-9 -9]
   [-9 -9]
   [-9 -9]
   [-9 -9]
   [-9 -9]
   [-9 -9]
   [-9 -9]
   [-9 -9]
   [-9 -9]
   [-9 -9]
   [-9 -9]
   [-9 -9]
   [-9 -9]
   [-9 -9]
   [-9 -9]
   [-9 -9]
   [-9 -9]
   [-9 -9]
   [-9 -9]
   [-9 -9]
   [-9 -9]
   [-9 -9]
   [-9 -9]
   [-9 -9]
   [-9 -9]
   [-9 -9]
   [-9 -9]
   [-9 -9]
   [-9 -9]
   [-9 -9]
   [-9 -9]
   [ 0  0]]

  [[-9 -9]
   [-9 -9]
   [-9 -9]
   [-9 -9]
   [-9 -9]
   [-9 -9]
   [-9 -9]
   [-9 -9]
   [-9 -9]
   [-9 -9]
   [-9 -9]
   [-9 -9]
   [-9 -9]
   [-9 -9]
   [-9 -9]
   [-9 -9]
   [-9 -9]
   [-9 -9]
   [-9 -9]
   [-9 -9]
   [-9 -9]
   [-9 -9]
   [-9 -9]
   [-9 -9]
   [-9 -9]
   [-9 -9]
   [-9 -9]
   [-9 -9]
   [-9 -9]
   [-9 -9]
   [-9 -9]
   [-9 -9]
   [-9 -9]
   [-9 -9]
   [-9 -9]
   [-9 -9]
   [-9 -9]
   [-9 -9]
   [-9 -9]
   [-9 -9]
   [-9 -9]
   [-9 -9]
   [-9 -9]
   [-9 -9]
   [-9 -9]
   [-9 -9]
   [-9 -9]
   [-9 -9]
   [-9 -9]
   [-9 -9]
   [-9 -9]
   [-9 -9]
   [-9 -9]
   [ 0  0]]]


 [[[ 0  0]
   [-9 -9]
   [-9 -9]
   [-9 -9]
   [-9 -9]
   [-9 -9]
   [-9 -9]
   [-9 -9]
   [-9 -9]
   [-9 -9]
   [-9 -9]
   [-9 -9]
   [-9 -9]
   [-9 -9]
   [-9 -9]
   [-9 -9]
   [-9 -9]
   [-9 -9]
   [-9 -9]
   [-9 -9]
   [-9 -9]
   [-9 -9]
   [-9 -9]
   [-9 -9]
   [-9 -9]
   [-9 -9]
   [-9 -9]
   [-9 -9]
   [-9 -9]
   [-9 -9]
   [-9 -9]
   [-9 -9]
   [-9 -9]
   [-9 -9]
   [-9 -9]
   [-9 -9]
   [-9 -9]
   [-9 -9]
   [-9 -9]
   [-9 -9]
   [-9 -9]
   [-9 -9]
   [-9 -9]
   [-9 -9]
   [-9 -9]
   [-9 -9]
   [-9 -9]
   [-9 -9]
   [-9 -9]
   [-9 -9]
   [-9 -9]
   [-9 -9]
   [-9 -9]
   [-9 -9]]

  [[-9 -9]
   [ 0  0]
   [-9 -9]
   [-9 -9]
   [-9 -9]
   [-9 -9]
   [-9 -9]
   [-9 -9]
   [-9 -9]
   [-9 -9]
   [-9 -9]
   [-9 -9]
   [-9 -9]
   [-9 -9]
   [-9 -9]
   [-9 -9]
   [-9 -9]
   [-9 -9]
   [-9 -9]
   [-9 -9]
   [-9 -9]
   [-9 -9]
   [-9 -9]
   [-9 -9]
   [-9 -9]
   [-9 -9]
   [-9 -9]
   [-9 -9]
   [-9 -9]
   [-9 -9]
   [-9 -9]
   [-9 -9]
   [-9 -9]
   [-9 -9]
   [-9 -9]
   [-9 -9]
   [-9 -9]
   [-9 -9]
   [-9 -9]
   [-9 -9]
   [-9 -9]
   [-9 -9]
   [-9 -9]
   [-9 -9]
   [-9 -9]
   [-9 -9]
   [-9 -9]
   [-9 -9]
   [-9 -9]
   [-9 -9]
   [-9 -9]
   [-9 -9]
   [-9 -9]
   [-9 -9]]

  [[-9 -9]
   [-9 -9]
   [-9 -9]
   [-9 -9]
   [-9 -9]
   [-9 -9]
   [-9 -9]
   [-9 -9]
   [-9 -9]
   [-9 -9]
   [-9 -9]
   [-9 -9]
   [-9 -9]
   [-9 -9]
   [-9 -9]
   [-9 -9]
   [-9 -9]
   [-9 -9]
   [-9 -9]
   [-9 -9]
   [-9 -9]
   [-9 -9]
   [-9 -9]
   [-9 -9]
   [-9 -9]
   [-9 -9]
   [-9 -9]
   [-9 -9]
   [-9 -9]
   [-9 -9]
   [-9 -9]
   [-9 -9]
   [-9 -9]
   [-9 -9]
   [-9 -9]
   [-9 -9]
   [-9 -9]
   [-9 -9]
   [-9 -9]
   [-9 -9]
   [-9 -9]
   [-9 -9]
   [-9 -9]
   [-9 -9]
   [-9 -9]
   [-9 -9]
   [-9 -9]
   [-9 -9]
   [-9 -9]
   [-9 -9]
   [-9 -9]
   [-9 -9]
   [-9 -9]
   [ 0  0]]

  [[-9 -9]
   [-9 -9]
   [-9 -9]
   [-9 -9]
   [-9 -9]
   [-9 -9]
   [-9 -9]
   [-9 -9]
   [-9 -9]
   [-9 -9]
   [-9 -9]
   [-9 -9]
   [-9 -9]
   [-9 -9]
   [-9 -9]
   [-9 -9]
   [-9 -9]
   [-9 -9]
   [-9 -9]
   [-9 -9]
   [-9 -9]
   [-9 -9]
   [-9 -9]
   [-9 -9]
   [-9 -9]
   [-9 -9]
   [-9 -9]
   [-9 -9]
   [-9 -9]
   [-9 -9]
   [-9 -9]
   [-9 -9]
   [-9 -9]
   [-9 -9]
   [-9 -9]
   [-9 -9]
   [-9 -9]
   [-9 -9]
   [-9 -9]
   [-9 -9]
   [-9 -9]
   [-9 -9]
   [-9 -9]
   [-9 -9]
   [-9 -9]
   [-9 -9]
   [-9 -9]
   [-9 -9]
   [-9 -9]
   [-9 -9]
   [-9 -9]
   [-9 -9]
   [-9 -9]
   [ 0  0]]

  [[-9 -9]
   [-9 -9]
   [-9 -9]
   [-9 -9]
   [-9 -9]
   [-9 -9]
   [-9 -9]
   [-9 -9]
   [-9 -9]
   [-9 -9]
   [-9 -9]
   [-9 -9]
   [-9 -9]
   [-9 -9]
   [-9 -9]
   [-9 -9]
   [-9 -9]
   [-9 -9]
   [-9 -9]
   [-9 -9]
   [-9 -9]
   [-9 -9]
   [-9 -9]
   [-9 -9]
   [-9 -9]
   [-9 -9]
   [-9 -9]
   [-9 -9]
   [-9 -9]
   [-9 -9]
   [-9 -9]
   [-9 -9]
   [-9 -9]
   [-9 -9]
   [-9 -9]
   [-9 -9]
   [-9 -9]
   [-9 -9]
   [-9 -9]
   [-9 -9]
   [-9 -9]
   [-9 -9]
   [-9 -9]
   [-9 -9]
   [-9 -9]
   [-9 -9]
   [-9 -9]
   [-9 -9]
   [-9 -9]
   [-9 -9]
   [-9 -9]
   [-9 -9]
   [-9 -9]
   [ 0  0]]

  [[-9 -9]
   [-9 -9]
   [-9 -9]
   [-9 -9]
   [-9 -9]
   [-9 -9]
   [-9 -9]
   [-9 -9]
   [-9 -9]
   [-9 -9]
   [-9 -9]
   [-9 -9]
   [-9 -9]
   [-9 -9]
   [-9 -9]
   [-9 -9]
   [-9 -9]
   [-9 -9]
   [-9 -9]
   [-9 -9]
   [-9 -9]
   [-9 -9]
   [-9 -9]
   [-9 -9]
   [-9 -9]
   [-9 -9]
   [-9 -9]
   [-9 -9]
   [-9 -9]
   [-9 -9]
   [-9 -9]
   [-9 -9]
   [-9 -9]
   [-9 -9]
   [-9 -9]
   [-9 -9]
   [-9 -9]
   [-9 -9]
   [-9 -9]
   [-9 -9]
   [-9 -9]
   [-9 -9]
   [-9 -9]
   [-9 -9]
   [-9 -9]
   [-9 -9]
   [-9 -9]
   [-9 -9]
   [-9 -9]
   [-9 -9]
   [-9 -9]
   [-9 -9]
   [-9 -9]
   [ 0  0]]]


 [[[ 0  0]
   [-9 -9]
   [-9 -9]
   [-9 -9]
   [-9 -9]
   [-9 -9]
   [-9 -9]
   [-9 -9]
   [-9 -9]
   [-9 -9]
   [-9 -9]
   [-9 -9]
   [-9 -9]
   [-9 -9]
   [-9 -9]
   [-9 -9]
   [-9 -9]
   [-9 -9]
   [-9 -9]
   [-9 -9]
   [-9 -9]
   [-9 -9]
   [-9 -9]
   [-9 -9]
   [-9 -9]
   [-9 -9]
   [-9 -9]
   [-9 -9]
   [-9 -9]
   [-9 -9]
   [-9 -9]
   [-9 -9]
   [-9 -9]
   [-9 -9]
   [-9 -9]
   [-9 -9]
   [-9 -9]
   [-9 -9]
   [-9 -9]
   [-9 -9]
   [-9 -9]
   [-9 -9]
   [-9 -9]
   [-9 -9]
   [-9 -9]
   [-9 -9]
   [-9 -9]
   [-9 -9]
   [-9 -9]
   [-9 -9]
   [-9 -9]
   [-9 -9]
   [-9 -9]
   [-9 -9]]

  [[-9 -9]
   [ 0  0]
   [-9 -9]
   [-9 -9]
   [-9 -9]
   [-9 -9]
   [-9 -9]
   [-9 -9]
   [-9 -9]
   [-9 -9]
   [-9 -9]
   [-9 -9]
   [-9 -9]
   [-9 -9]
   [-9 -9]
   [-9 -9]
   [-9 -9]
   [-9 -9]
   [-9 -9]
   [-9 -9]
   [-9 -9]
   [-9 -9]
   [-9 -9]
   [-9 -9]
   [-9 -9]
   [-9 -9]
   [-9 -9]
   [-9 -9]
   [-9 -9]
   [-9 -9]
   [-9 -9]
   [-9 -9]
   [-9 -9]
   [-9 -9]
   [-9 -9]
   [-9 -9]
   [-9 -9]
   [-9 -9]
   [-9 -9]
   [-9 -9]
   [-9 -9]
   [-9 -9]
   [-9 -9]
   [-9 -9]
   [-9 -9]
   [-9 -9]
   [-9 -9]
   [-9 -9]
   [-9 -9]
   [-9 -9]
   [-9 -9]
   [-9 -9]
   [-9 -9]
   [-9 -9]]

  [[-9 -9]
   [-9 -9]
   [-9 -9]
   [-9 -9]
   [-9 -9]
   [-9 -9]
   [-9 -9]
   [-9 -9]
   [-9 -9]
   [-9 -9]
   [-9 -9]
   [-9 -9]
   [-9 -9]
   [-9 -9]
   [-9 -9]
   [-9 -9]
   [-9 -9]
   [-9 -9]
   [-9 -9]
   [-9 -9]
   [-9 -9]
   [-9 -9]
   [-9 -9]
   [-9 -9]
   [-9 -9]
   [-9 -9]
   [-9 -9]
   [-9 -9]
   [-9 -9]
   [-9 -9]
   [-9 -9]
   [-9 -9]
   [-9 -9]
   [-9 -9]
   [-9 -9]
   [-9 -9]
   [-9 -9]
   [-9 -9]
   [-9 -9]
   [-9 -9]
   [-9 -9]
   [-9 -9]
   [-9 -9]
   [-9 -9]
   [-9 -9]
   [-9 -9]
   [-9 -9]
   [-9 -9]
   [-9 -9]
   [-9 -9]
   [-9 -9]
   [-9 -9]
   [-9 -9]
   [ 0  0]]

  [[-9 -9]
   [-9 -9]
   [-9 -9]
   [-9 -9]
   [-9 -9]
   [-9 -9]
   [-9 -9]
   [-9 -9]
   [-9 -9]
   [-9 -9]
   [-9 -9]
   [-9 -9]
   [-9 -9]
   [-9 -9]
   [-9 -9]
   [-9 -9]
   [-9 -9]
   [-9 -9]
   [-9 -9]
   [-9 -9]
   [-9 -9]
   [-9 -9]
   [-9 -9]
   [-9 -9]
   [-9 -9]
   [-9 -9]
   [-9 -9]
   [-9 -9]
   [-9 -9]
   [-9 -9]
   [-9 -9]
   [-9 -9]
   [-9 -9]
   [-9 -9]
   [-9 -9]
   [-9 -9]
   [-9 -9]
   [-9 -9]
   [-9 -9]
   [-9 -9]
   [-9 -9]
   [-9 -9]
   [-9 -9]
   [-9 -9]
   [-9 -9]
   [-9 -9]
   [-9 -9]
   [-9 -9]
   [-9 -9]
   [-9 -9]
   [-9 -9]
   [-9 -9]
   [-9 -9]
   [ 0  0]]

  [[-9 -9]
   [-9 -9]
   [-9 -9]
   [-9 -9]
   [-9 -9]
   [-9 -9]
   [-9 -9]
   [-9 -9]
   [-9 -9]
   [-9 -9]
   [-9 -9]
   [-9 -9]
   [-9 -9]
   [-9 -9]
   [-9 -9]
   [-9 -9]
   [-9 -9]
   [-9 -9]
   [-9 -9]
   [-9 -9]
   [-9 -9]
   [-9 -9]
   [-9 -9]
   [-9 -9]
   [-9 -9]
   [-9 -9]
   [-9 -9]
   [-9 -9]
   [-9 -9]
   [-9 -9]
   [-9 -9]
   [-9 -9]
   [-9 -9]
   [-9 -9]
   [-9 -9]
   [-9 -9]
   [-9 -9]
   [-9 -9]
   [-9 -9]
   [-9 -9]
   [-9 -9]
   [-9 -9]
   [-9 -9]
   [-9 -9]
   [-9 -9]
   [-9 -9]
   [-9 -9]
   [-9 -9]
   [-9 -9]
   [-9 -9]
   [-9 -9]
   [-9 -9]
   [-9 -9]
   [ 0  0]]

  [[-9 -9]
   [-9 -9]
   [-9 -9]
   [-9 -9]
   [-9 -9]
   [-9 -9]
   [-9 -9]
   [-9 -9]
   [-9 -9]
   [-9 -9]
   [-9 -9]
   [-9 -9]
   [-9 -9]
   [-9 -9]
   [-9 -9]
   [-9 -9]
   [-9 -9]
   [-9 -9]
   [-9 -9]
   [-9 -9]
   [-9 -9]
   [-9 -9]
   [-9 -9]
   [-9 -9]
   [-9 -9]
   [-9 -9]
   [-9 -9]
   [-9 -9]
   [-9 -9]
   [-9 -9]
   [-9 -9]
   [-9 -9]
   [-9 -9]
   [-9 -9]
   [-9 -9]
   [-9 -9]
   [-9 -9]
   [-9 -9]
   [-9 -9]
   [-9 -9]
   [-9 -9]
   [-9 -9]
   [-9 -9]
   [-9 -9]
   [-9 -9]
   [-9 -9]
   [-9 -9]
   [-9 -9]
   [-9 -9]
   [-9 -9]
   [-9 -9]
   [-9 -9]
   [-9 -9]
   [ 0  0]]]]
output t
[[ -5.1382     -8.805265   -9.270605   -8.736073   -8.794878   -8.997064
   -9.03675    -4.8682747  -8.822299   -9.403569   -8.782877   -8.965374
   -9.331563   -5.084454   -8.853082   -8.715774   -4.150673   -9.355307
   -9.20189    -5.9139395  -9.544917   -5.8039255  -8.770302   -6.185529
   -8.61093    -5.4907045  -9.358101   -1.8233042  -8.983707   -8.879533
   -9.11315    -8.789316   -8.8145485  -6.762003   -8.965144   -8.938517
   -8.985714   -9.15979    -8.93983    -2.2396994  -9.127474   -8.848251
   -6.32215    -8.874313   -9.364559   -2.122896   -9.063219   -6.364286
   -8.719767   -2.3028827  -9.186081   -6.324427   -9.158249   -9.247073 ]
 [ -9.510271   -3.2895293  -9.563033   -9.615354   -9.968351   -9.634785
  -10.123119   -9.278473   -3.3826108  -9.703688   -9.505003   -9.466225
   -9.505857  -10.053488   -9.860358   -9.346031   -9.811085   -9.143135
   -9.720319   -9.732354   -9.194672   -9.401583   -9.766418   -9.543785
   -9.502578   -9.179972   -9.329194   -9.070316   -1.7562702  -9.90506
   -9.360337   -9.848862   -9.1426     -9.709581   -4.6860027  -9.663425
   -9.208742   -9.499648   -9.227305   -9.751408   -9.175365   -9.611449
   -9.984949   -9.616908   -9.478851   -9.927348   -9.184154   -9.4280815
   -9.556202   -9.194939   -9.195051   -9.79224    -9.509226   -9.115826 ]
 [ -8.606341   -8.63919    -1.6468346  -8.765977   -8.613356   -8.498474
   -8.8770485  -8.677432   -8.676432   -1.6827443  -8.681074   -8.61758
   -8.513838   -8.558902   -1.6578358  -8.79044    -8.508085   -1.6753496
   -8.803902   -8.860519   -8.523765   -8.557305   -8.804745   -8.686979
   -8.645102   -8.77145    -8.695372   -8.651501   -8.7242155  -2.5404441
   -8.669372   -8.577963   -8.63145    -8.671021   -8.628439   -4.969131
   -8.6851845  -8.518377   -8.693773   -8.785133   -2.621949   -8.914323
   -8.717183   -5.0968966  -8.614514   -8.6586275  -8.805474   -8.558969
   -8.6457     -8.6239605  -8.681044   -8.554463   -8.688516   -8.754868 ]
 [ -8.987394   -9.0358515  -9.217198   -1.2642556  -9.109131   -9.065336
   -8.951887   -8.994626   -9.133018   -8.99931    -1.2641394  -9.226823
   -9.261882   -9.340922   -9.108336   -9.042467   -9.239563   -9.111784
   -9.2910185  -8.99749    -8.969835   -9.084169   -8.969789   -9.108959
   -9.100333   -9.094471   -9.153231   -9.231923   -9.295107   -9.091785
   -5.653717   -9.124209   -9.247557   -9.257062   -9.167459   -9.301873
   -2.0163689  -9.205029   -9.20276    -9.265871   -9.273508   -9.164566
   -9.262052   -9.252674   -9.251148   -9.232707   -9.107686   -8.981966
   -9.331475   -9.174997   -9.222056   -8.9824915  -8.989038   -9.244347 ]
 [ -8.395574   -8.560061   -8.285748   -8.265404   -2.6244397  -8.52236
   -8.773153   -9.048116   -8.452638   -8.935136   -8.583041   -2.6191423
   -9.043409   -8.61355    -8.581615   -2.668298   -8.407934   -8.788942
   -2.6371112  -8.679325   -2.6685748  -8.443726   -2.6955655  -8.729783
   -2.679438   -8.896775   -2.6594224  -8.6968775  -8.626221   -8.548526
   -8.247716   -1.7340896  -8.8214035  -8.302632   -8.557274   -8.649952
   -8.8631525  -5.5962915  -8.722848   -8.619973   -8.402737   -1.7327878
   -8.53761    -8.644387   -5.083638   -8.389837   -1.7226526  -8.750286
   -5.8404417  -8.634936   -1.7357688  -8.351026   -5.527178   -8.512166 ]
 [ -9.301178   -9.34123    -8.9836235  -9.170224   -9.135103   -1.5903952
   -9.283274   -9.401907   -9.157299   -9.432039   -9.419067   -9.019496
   -1.5887558  -9.23589    -9.132327   -9.216507   -9.236897   -9.011047
   -9.24103    -9.110142   -9.271236   -9.206595   -9.420246   -9.397405
   -9.396114   -8.883191   -9.187109   -9.4545     -9.046572   -9.48045
   -9.201525   -9.244845   -3.079158   -9.219561   -9.351433   -9.523248
   -9.192357   -9.397086   -4.824203   -9.138087   -9.209456   -9.338665
   -9.33454    -9.035904   -9.429311   -9.308188   -9.359406   -9.336239
   -8.904027   -9.341431   -9.445789   -9.735369   -9.219373   -9.083422 ]]

=========================
Layer 0 encoder
z
[[-0.6931472 -0.6931472]
 [-0.6931472 -0.6931472]]

u
[[[-0.6931472 -0.6931472]
  [-0.6931472 -0.6931472]]

 [[-0.6931472 -0.6931472]
  [-0.6931472 -0.6931472]]]

v
[[-0.6931472 -0.6931472]
 [-0.6931472 -0.6931472]]

y_categorical
[[-0.6931472 -0.6931472]]

y_bernoulli
[[-0.6931472 -0.6931472]
 [-0.6931472 -0.6931472]]

rho_categorical
[[-6.7924914e+00 -1.8054259e+00]
 [-8.7977610e+00  4.4991384e-04]
 [-5.9563570e+00 -4.0596409e+00]
 [-4.3101106e+00 -4.5139198e+00]
 [-4.6675653e+00 -2.3156490e+00]
 [-6.0170393e+00 -4.9725108e+00]]

x_categorical
[[-8.77852 -4.85629]]

x_bernoulli
[[-0.01960348 -3.9418454 ]
 [-3.941833   -0.01960325]]

z_prime
[[-0.6931472 -0.6931472]
 [-0.6931472 -0.6931472]]

=========================
Layer 1 encoder
z
[[-0.6931472 -0.6931472]
 [-0.6931472 -0.6931472]]

u
[[[-0.6931472 -0.6931472]
  [-0.6931472 -0.6931472]]

 [[-0.6931472 -0.6931472]
  [-0.6931472 -0.6931472]]]

v
[[-0.6931472 -0.6931472]
 [-0.6931472 -0.6931472]]

y_categorical
[[-0.6931472 -0.6931472]]

y_bernoulli
[[-0.6931472 -0.6931472]
 [-0.6931472 -0.6931472]]

rho_categorical
[[-5.3267779e+00 -4.4308457e-01]
 [-5.7829347e+00  6.1254809e-04]
 [-4.2679024e+00 -3.1318769e+00]
 [-7.1611485e+00 -5.1142011e+00]
 [-3.9913480e+00 -2.6685288e+00]
 [-4.2447219e+00 -2.8725524e+00]]

x_categorical
[[-7.14334  -4.876519]]

x_bernoulli
[[-0.09861483 -2.3654373 ]
 [-2.3654356  -0.09861469]]

z_prime
[[-0.6931472 -0.6931472]
 [-0.6931472 -0.6931472]]

=========================
Layer 2 encoder
z
[[-0.6931472 -0.6931472]
 [-0.6931472 -0.6931472]]

u
[[[-0.6931472 -0.6931472]
  [-0.6931472 -0.6931472]]

 [[-0.6931472 -0.6931472]
  [-0.6931472 -0.6931472]]]

v
[[-0.6931472 -0.6931472]
 [-0.6931472 -0.6931472]]

y_categorical
[[-0.6931472 -0.6931472]]

y_bernoulli
[[-0.6931472 -0.6931472]
 [-0.6931472 -0.6931472]]

rho_categorical
[[-1.7002587e+00 -4.9957266e+00]
 [-6.0143371e+00 -2.0495071e+00]
 [-3.5325966e+00 -5.3644080e+00]
 [-3.7747087e+00  6.4966953e-05]
 [-2.5452888e+00 -4.8926129e+00]
 [-2.6967349e+00 -4.8485727e+00]]

x_categorical
[[-5.8583536 -2.0496562]]

x_bernoulli
[[-0.02193473 -3.8306305 ]
 [-3.8306322  -0.02193475]]

z_prime
[[-0.6931472 -0.6931472]
 [-0.6931472 -0.6931472]]

=========================
Layer 3 encoder
z
[[-0.6931472 -0.6931472]
 [-0.6931472 -0.6931472]]

u
[[[-0.6931472 -0.6931472]
  [-0.6931472 -0.6931472]]

 [[-0.6931472 -0.6931472]
  [-0.6931472 -0.6931472]]]

v
[[-0.6931472 -0.6931472]
 [-0.6931472 -0.6931472]]

y_categorical
[[-0.6931472 -0.6931472]]

y_bernoulli
[[-0.6931472 -0.6931472]
 [-0.6931472 -0.6931472]]

rho_categorical
[[-3.711281  -1.1509945]
 [-7.6990433 -1.3039747]
 [-4.3287473 -1.089057 ]
 [-6.3217382 -1.5189666]
 [-5.458237  -0.9650382]
 [-5.081983  -2.701411 ]]

x_categorical
[[-7.6943283 -2.6795824]]

x_bernoulli
[[-0.0066174  -5.0213737 ]
 [-5.0213633  -0.00661731]]

z_prime
[[-0.6931472 -0.6931472]
 [-0.6931472 -0.6931472]]

=========================
Layer 4 encoder
z
[[-0.6931472 -0.6931472]
 [-0.6931472 -0.6931472]]

u
[[[-0.6931472 -0.6931472]
  [-0.6931472 -0.6931472]]

 [[-0.6931472 -0.6931472]
  [-0.6931472 -0.6931472]]]

v
[[-0.6931472 -0.6931472]
 [-0.6931472 -0.6931472]]

y_categorical
[[-0.6931472 -0.6931472]]

y_bernoulli
[[-0.6931472 -0.6931472]
 [-0.6931472 -0.6931472]]

rho_categorical
[[-1.2592224e+00 -3.7310665e+00]
 [ 6.9597934e-04 -3.8656733e+00]
 [-2.6637909e+00 -1.9149904e+00]
 [-2.6953638e+00 -1.9768797e+00]
 [-2.3421357e+00 -1.3287580e+00]
 [-2.2014461e+00 -1.6957940e+00]]

x_categorical
[[-1.0258216 -2.3402655]]

x_bernoulli
[[-1.5523767  -0.23793261]
 [-0.2379325  -1.5523765 ]]

z_prime
[[-1.5523767  -0.23793262]
 [-0.2379325  -1.5523765 ]]

=========================
Layer 5 encoder
z
[[-1.5523767  -0.23793262]
 [-0.2379325  -1.5523765 ]]

u
[[[-1.5523767  -1.5523767 ]
  [-0.23793262 -0.23793262]]

 [[-0.2379325  -0.2379325 ]
  [-1.5523765  -1.5523765 ]]]

v
[[-0.2379325 -0.2379325]
 [-1.5523765 -1.5523765]]

y_categorical
[[-1.5513611  -0.23807447]]

y_bernoulli
[[-0.23817778 -1.5514644 ]
 [-1.5514643  -0.23817775]]

rho_categorical
[[-1.8205737  -0.77282214]
 [-3.840833   -0.2509872 ]
 [-1.6279322  -0.6720194 ]
 [-2.5078287  -0.29180512]
 [-2.0319133  -0.5853771 ]
 [-2.0435026  -0.12027994]]

x_categorical
[[-3.2062721  -0.30317557]]

x_bernoulli
[[-0.05340152 -2.9564984 ]
 [-2.9564981  -0.0534015 ]]

z_prime
[[-0.01464415 -4.2310276 ]
 [-4.231027   -0.01464415]]

====================
Layer 5 decoder
x_bernoulli
[[-3.9594322e-03 -5.5336299e+00]
 [-5.5336294e+00 -3.9594322e-03]]

y_bernoulli
[[-8.0886483e-04 -7.1202888e+00]
 [-7.1202884e+00 -8.0886483e-04]]

x_categorical
[[-5.5336294e+00 -3.9594364e-03]]

y_categorical
[[-7.1202884e+00 -8.0886541e-04]]

v
[[-12.071989   -0.1300523]
 [ -7.1273847  -2.110792 ]]

rho_categorical
[[ -5.545908    -1.4586918 ]
 [-12.500813    -6.2380376 ]
 [-11.368463    -4.2619815 ]
 [-12.426264    -6.5440836 ]
 [-11.606686    -0.35745123]
 [-10.828377    -3.066915  ]]

t_categorical
[[[ -7.8199224  -8.701858 ]
  [-14.730534   -9.11489  ]
  [-14.626542   -9.984325 ]
  [-14.660434   -9.284746 ]
  [-14.740794   -9.17206  ]
  [-14.58465    -9.711516 ]
  [-14.589215   -9.695801 ]
  [ -7.850255   -8.496679 ]
  [-14.637494   -9.16388  ]
  [-14.550856  -10.16977  ]
  [-14.724386   -9.088909 ]
  [-14.622476   -9.740186 ]
  [-14.585819   -9.882657 ]
  [ -7.819045   -8.316041 ]
  [-14.648643   -9.2593775]
  [-14.643386   -9.109232 ]
  [ -7.9820294  -7.8590536]
  [-14.614337  -10.170272 ]
  [-14.594605  -10.011536 ]
  [ -7.766416   -8.876216 ]
  [-14.589764  -10.096606 ]
  [ -7.772987   -8.966372 ]
  [-14.604201   -9.292226 ]
  [ -7.7595673  -9.485499 ]
  [-14.707833   -9.031406 ]
  [ -7.7904725  -8.562584 ]
  [-14.658555  -10.461325 ]
  [-13.9929285  -2.1238446]
  [-14.53369    -9.62167  ]
  [-14.56011    -9.357667 ]
  [-14.578053   -9.897465 ]
  [-14.670115   -9.149601 ]
  [-14.602352   -9.094016 ]
  [ -8.661704   -9.757579 ]
  [-14.65336    -9.646966 ]
  [-14.659022   -9.250205 ]
  [-14.561712   -9.589484 ]
  [-14.573088   -9.821181 ]
  [-14.736863   -9.307229 ]
  [-13.946422   -3.4692476]
  [-14.604475   -9.78536  ]
  [-14.706556   -9.493309 ]
  [ -8.752804   -8.97515  ]
  [-14.689754   -9.31335  ]
  [-14.574963   -9.900093 ]
  [-14.261363   -2.92306  ]
  [-14.612595   -9.452366 ]
  [ -8.809683   -9.84238  ]
  [-14.57773    -9.0687685]
  [-13.387416   -3.7607071]
  [-14.661071   -9.887838 ]
  [ -8.609596   -8.670994 ]
  [-14.538851   -9.412897 ]
  [-14.554904  -10.063337 ]]

 [[-17.116337  -11.956192 ]
  [-14.582978  -10.573755 ]
  [-16.736053  -12.5184   ]
  [-17.492416  -12.176479 ]
  [-18.57603   -11.483397 ]
  [-17.160603  -12.465572 ]
  [-18.13081   -11.191109 ]
  [-17.440897  -11.751425 ]
  [-14.571742  -10.515301 ]
  [-17.101248  -13.1374855]
  [-17.40047   -12.028633 ]
  [-16.656528  -12.586426 ]
  [-17.891264  -11.539295 ]
  [-17.375244  -11.65233  ]
  [-17.244389  -11.903492 ]
  [-16.817772  -12.201738 ]
  [-17.780107  -10.964544 ]
  [-16.676878  -12.32692  ]
  [-17.507896  -11.967386 ]
  [-17.50154   -12.162163 ]
  [-17.34553   -11.93836  ]
  [-17.405891  -11.878248 ]
  [-17.4522    -11.719589 ]
  [-17.193935  -12.008879 ]
  [-17.000597  -12.314144 ]
  [-16.86102   -12.087359 ]
  [-17.231499  -11.670965 ]
  [-17.298616  -11.7719345]
  [-16.181385   -6.4795604]
  [-18.645964  -11.343014 ]
  [-17.101818  -12.066765 ]
  [-18.186304  -11.549307 ]
  [-17.482592  -11.722723 ]
  [-17.182735  -11.9494915]
  [-13.646374  -11.77368  ]
  [-17.508154  -11.900732 ]
  [-17.599472  -11.689665 ]
  [-17.46262   -11.872997 ]
  [-16.99487   -12.373247 ]
  [-17.451284  -11.906307 ]
  [-17.408854  -11.834978 ]
  [-17.673439  -11.828934 ]
  [-18.198221  -11.232882 ]
  [-16.749287  -12.49936  ]
  [-17.208702  -12.393824 ]
  [-18.357826  -11.27149  ]
  [-17.183891  -11.973867 ]
  [-17.826921  -11.783731 ]
  [-17.243542  -11.995531 ]
  [-18.010971  -11.646446 ]
  [-16.735254  -12.45923  ]
  [-17.812006  -11.467554 ]
  [-16.778503  -12.341604 ]
  [-17.604992  -11.748482 ]]

 [[-17.288456  -11.082764 ]
  [-17.011364  -11.619811 ]
  [-12.346251  -10.674119 ]
  [-17.408169  -10.994305 ]
  [-17.763926  -10.96628  ]
  [-18.11363   -10.678587 ]
  [-17.093811  -11.043241 ]
  [-17.217615  -10.9711485]
  [-17.653624  -10.8164015]
  [-12.754124  -10.472442 ]
  [-16.882662  -11.645613 ]
  [-18.710468  -10.591799 ]
  [-18.004446  -10.689517 ]
  [-17.40924   -11.119664 ]
  [-13.903245   -9.446611 ]
  [-17.018646  -11.529136 ]
  [-17.38909   -11.012554 ]
  [-13.561291   -9.395176 ]
  [-17.216654  -11.170898 ]
  [-16.859577  -11.281399 ]
  [-17.333458  -11.175934 ]
  [-16.990396  -11.461396 ]
  [-17.530567  -11.082086 ]
  [-18.305037  -10.675665 ]
  [-16.965187  -11.26556  ]
  [-16.884468  -11.608944 ]
  [-17.833424  -10.792468 ]
  [-17.963501  -10.735969 ]
  [-17.824253  -10.777995 ]
  [-16.542664   -4.734068 ]
  [-18.127836  -10.675274 ]
  [-17.41998   -11.165102 ]
  [-16.980257  -11.19694  ]
  [-17.351507  -11.026119 ]
  [-17.349579  -11.037984 ]
  [-15.55785    -9.822344 ]
  [-17.020828  -11.716452 ]
  [-17.758558  -10.838668 ]
  [-17.19893   -11.2855425]
  [-17.807594  -10.733334 ]
  [-16.761372   -5.4555845]
  [-16.907166  -11.776747 ]
  [-17.134087  -11.544138 ]
  [-14.560671  -10.322806 ]
  [-17.204353  -11.4098625]
  [-18.07807   -10.642885 ]
  [-16.845325  -11.444433 ]
  [-17.473558  -11.025856 ]
  [-17.382296  -11.031696 ]
  [-17.117432  -11.210412 ]
  [-17.764534  -10.692138 ]
  [-17.118958  -11.6390295]
  [-17.344868  -11.157377 ]
  [-17.856718  -10.675123 ]]

 [[-17.59517   -10.285297 ]
  [-16.65163   -10.495536 ]
  [-17.38753   -11.3181   ]
  [-13.967054  -11.282316 ]
  [-17.438103  -10.784658 ]
  [-16.965458  -10.520313 ]
  [-17.403929  -10.145489 ]
  [-18.120285  -10.353583 ]
  [-17.525227  -10.819187 ]
  [-17.442703  -10.294064 ]
  [-14.706044  -10.503168 ]
  [-17.69709   -11.528579 ]
  [-16.98781   -11.354172 ]
  [-16.636486  -11.843799 ]
  [-16.927784  -10.674744 ]
  [-17.35049   -10.401386 ]
  [-16.783283  -11.75387  ]
  [-17.064892  -11.5161   ]
  [-17.09359   -11.84115  ]
  [-17.598013  -10.267693 ]
  [-17.216022  -10.173346 ]
  [-16.459671  -10.938147 ]
  [-17.78668   -10.324327 ]
  [-16.535522  -10.458023 ]
  [-17.137094  -10.559719 ]
  [-17.012865  -11.6860485]
  [-16.597216  -11.5950165]
  [-17.725357  -11.385306 ]
  [-17.062082  -11.429588 ]
  [-17.512379  -10.730452 ]
  [-15.944548   -7.7717514]
  [-17.648264  -10.711359 ]
  [-16.613422  -11.771299 ]
  [-17.075146  -11.401351 ]
  [-17.03819   -10.894087 ]
  [-16.268057  -11.558208 ]
  [-14.535501  -11.130167 ]
  [-17.409367  -11.356975 ]
  [-16.47937   -10.957205 ]
  [-16.435299  -10.975573 ]
  [-16.589417  -11.645116 ]
  [-16.872887  -10.789349 ]
  [-16.4844    -11.894594 ]
  [-16.855253  -11.064316 ]
  [-16.583847  -12.028089 ]
  [-17.057066  -11.511988 ]
  [-17.598434  -10.681455 ]
  [-17.038713  -10.078598 ]
  [-16.28      -12.441721 ]
  [-16.979473  -11.076444 ]
  [-16.944338  -11.48516  ]
  [-17.455122  -10.201532 ]
  [-17.287489  -10.137785 ]
  [-16.469593  -11.182192 ]]

 [[-17.934107   -8.889343 ]
  [-17.34037    -9.082905 ]
  [-18.483055   -8.699801 ]
  [-18.23481    -8.697894 ]
  [-13.519652   -8.46178  ]
  [-17.888584   -9.08466  ]
  [-17.070028   -9.553053 ]
  [-16.742771  -10.173598 ]
  [-17.633106   -8.960896 ]
  [-16.850262   -9.783299 ]
  [-17.60617    -9.171339 ]
  [-14.484721   -7.914773 ]
  [-16.758234  -10.116904 ]
  [-17.668737   -9.207291 ]
  [-17.523167   -9.192716 ]
  [-13.720045   -8.195724 ]
  [-17.361515   -8.870148 ]
  [-17.206093   -9.650835 ]
  [-13.428083   -8.53305  ]
  [-17.635761   -9.385689 ]
  [-13.959293   -8.226767 ]
  [-17.962093   -8.943294 ]
  [-14.575836   -7.8859944]
  [-17.079329   -9.505853 ]
  [-14.1259165  -7.999613 ]
  [-17.322474   -9.845469 ]
  [-14.06549    -8.039585 ]
  [-17.281574   -9.377608 ]
  [-17.289951   -9.280993 ]
  [-17.684635   -9.082768 ]
  [-18.9148     -8.657476 ]
  [-17.824314   -1.7598528]
  [-16.93888    -9.665951 ]
  [-18.619757   -8.721223 ]
  [-17.651978   -9.134612 ]
  [-17.49017    -9.372465 ]
  [-17.192747   -9.714991 ]
  [-16.545979   -8.127579 ]
  [-17.069983   -9.414051 ]
  [-17.31432    -9.224234 ]
  [-17.923683   -8.865906 ]
  [-17.563183   -1.7623011]
  [-17.29579    -9.091112 ]
  [-17.190699   -9.296763 ]
  [-15.330735   -8.218636 ]
  [-18.074083   -8.865889 ]
  [-17.82954    -1.7418185]
  [-16.842228   -9.425496 ]
  [-15.194407   -9.344048 ]
  [-17.348091   -9.338746 ]
  [-17.239075   -1.7521737]
  [-18.148243   -8.805324 ]
  [-15.604974   -8.494241 ]
  [-17.737848   -9.066162 ]]

 [[-15.366725  -10.593311 ]
  [-15.231286  -10.500599 ]
  [-16.130802  -10.095392 ]
  [-15.318563  -10.132488 ]
  [-15.605625   -9.954378 ]
  [-12.326103   -9.504708 ]
  [-15.295599  -10.46261  ]
  [-15.132416  -10.262699 ]
  [-15.576803  -10.576654 ]
  [-14.987022  -10.458197 ]
  [-15.004291  -10.808028 ]
  [-15.9087515 -10.069923 ]
  [-12.909215   -8.829472 ]
  [-15.465125  -10.246151 ]
  [-15.611456  -10.240107 ]
  [-15.349445  -10.2202635]
  [-15.327799  -10.258177 ]
  [-15.986929  -10.013769 ]
  [-15.457186  -10.30739  ]
  [-15.702944  -10.055334 ]
  [-15.251766  -10.37586  ]
  [-15.370299  -10.097837 ]
  [-14.999857  -10.427675 ]
  [-15.160852  -10.58033  ]
  [-15.144707  -10.485199 ]
  [-16.294884  -10.0208   ]
  [-15.234037  -10.044886 ]
  [-15.052435  -10.588259 ]
  [-15.952531   -9.998051 ]
  [-15.107346  -10.547686 ]
  [-15.210703  -10.173422 ]
  [-15.461533  -10.328741 ]
  [-15.648175   -3.1093144]
  [-15.205629  -10.260641 ]
  [-15.329481  -10.869053 ]
  [-14.951649  -10.893213 ]
  [-15.419458  -10.223669 ]
  [-15.1860485 -10.627655 ]
  [-13.18761    -9.390745 ]
  [-15.6012745 -10.239302 ]
  [-15.446184  -10.258715 ]
  [-15.300138  -10.799629 ]
  [-15.155033  -10.613787 ]
  [-15.709092  -10.15782  ]
  [-15.067379  -10.6911125]
  [-15.099291  -10.241058 ]
  [-15.330074  -10.6668415]
  [-15.239899  -10.352691 ]
  [-16.349005   -9.997992 ]
  [-15.352623  -10.732552 ]
  [-15.067169  -10.754978 ]
  [-14.879625  -11.327585 ]
  [-15.364083  -10.02586  ]
  [-15.745004   -9.98238  ]]]

u
[[[  2.5704718    0.12226392]
  [  2.0952392    1.1348773 ]]

 [[-12.071989    -0.1300523 ]
  [ -7.1273847   -2.110792  ]]]

z
[[ 0.31427595  2.3778393 ]
 [ 0.685724   -1.3778393 ]]

====================
Layer 4 decoder
x_bernoulli
[[-0.8960197 -0.0231154]
 [-0.5245716 -3.778794 ]]

y_bernoulli
[[-1.8558705  -0.00626206]
 [-0.1699782  -5.0763845 ]]

x_categorical
[[-0.5245716 -3.778794 ]]

y_categorical
[[-0.1699782 -5.0763845]]

v
[[-2.5258462  -5.095713  ]
 [-0.26958984 -9.0322    ]]

rho_categorical
[[ -1.3381684 -12.56435  ]
 [ -1.764113   -3.7838128]
 [ -1.9633522 -12.699989 ]
 [ -6.7900743 -12.460557 ]
 [ -4.136208   -9.332402 ]
 [ -7.339795  -11.077134 ]]

t_categorical
[[[ -9.073995  -15.309898 ]
  [-10.985266  -17.230145 ]
  [-10.308742  -17.997604 ]
  [ -9.935985  -18.27448  ]
  [-10.653759  -17.412003 ]
  [ -9.873823  -18.632643 ]
  [-10.039976  -18.210949 ]
  [ -9.829874  -14.697199 ]
  [-10.54577   -17.40744  ]
  [-10.2559805 -18.0372   ]
  [-10.963234  -17.217072 ]
  [ -9.86348   -18.656727 ]
  [-10.588738  -17.74408  ]
  [ -8.600282  -15.994859 ]
  [-10.386194  -17.609346 ]
  [-10.277202  -17.559    ]
  [-10.039468  -14.411581 ]
  [-10.276609  -18.059662 ]
  [-10.054534  -18.29731  ]
  [ -8.724178  -16.013298 ]
  [-10.952356  -17.667343 ]
  [ -9.726567  -14.8265915]
  [ -9.92561   -18.289648 ]
  [ -8.698266  -15.864112 ]
  [-10.111595  -17.69183  ]
  [ -8.896488  -15.630858 ]
  [-10.117189  -18.319464 ]
  [ -3.1725326 -17.258858 ]
  [ -9.8802185 -18.545143 ]
  [-10.0877285 -17.969177 ]
  [ -9.958435  -18.42538  ]
  [-10.500724  -17.433302 ]
  [-10.815711  -17.222824 ]
  [ -9.624932  -15.662628 ]
  [ -9.977243  -18.378777 ]
  [-11.060938  -17.317787 ]
  [ -9.967839  -18.322548 ]
  [-10.1494255 -18.083927 ]
  [-11.093817  -17.394012 ]
  [ -2.5858788 -18.702084 ]
  [-10.164011  -18.076096 ]
  [ -9.96304   -18.371693 ]
  [ -9.577707  -15.658386 ]
  [-10.424392  -17.641783 ]
  [-10.579531  -17.7492   ]
  [ -2.7196693 -18.472061 ]
  [-10.717184  -17.52768  ]
  [ -9.121708  -16.518187 ]
  [-10.236383  -17.538021 ]
  [ -2.568121  -17.509466 ]
  [-10.325012  -17.971218 ]
  [ -9.902343  -15.150579 ]
  [-11.064941  -17.361732 ]
  [-10.03316   -18.310726 ]]

 [[-10.392391  -13.156148 ]
  [ -8.962753   -4.6931653]
  [-10.401419  -13.218827 ]
  [-10.86199   -13.171254 ]
  [-11.4954605 -12.954612 ]
  [-10.702782  -13.179368 ]
  [-11.574944  -12.884553 ]
  [-10.297602  -13.3440275]
  [ -9.135475   -4.684143 ]
  [-10.826851  -13.189639 ]
  [-10.582626  -13.22499  ]
  [-10.36623   -13.315345 ]
  [-10.572226  -13.110885 ]
  [-11.155506  -12.938245 ]
  [-10.629847  -12.970681 ]
  [-10.3107395 -13.385798 ]
  [-10.880064  -12.893128 ]
  [-10.241987  -13.7602   ]
  [-10.968548  -13.084523 ]
  [-10.987356  -13.0863905]
  [-10.366024  -13.531274 ]
  [-10.439934  -13.262553 ]
  [-10.596661  -13.00398  ]
  [-10.476524  -13.157834 ]
  [-10.501104  -13.21543  ]
  [-10.256683  -13.614188 ]
  [-10.225159  -13.25627  ]
  [-10.208805  -13.730775 ]
  [ -1.7734362 -12.832875 ]
  [-11.018728  -12.934688 ]
  [-10.392733  -13.342376 ]
  [-11.641151  -13.00003  ]
  [-10.224455  -13.531888 ]
  [-10.583321  -13.058526 ]
  [ -9.803637   -5.462538 ]
  [-10.740017  -13.109218 ]
  [-10.29958   -13.423219 ]
  [-10.531     -13.195369 ]
  [-10.400427  -13.571551 ]
  [-10.806435  -13.069131 ]
  [-10.308611  -13.527631 ]
  [-10.627615  -13.103091 ]
  [-10.973305  -12.845117 ]
  [-10.41325   -13.17467  ]
  [-10.623562  -13.304105 ]
  [-11.144142  -12.917924 ]
  [-10.314463  -13.590257 ]
  [-10.598089  -13.227553 ]
  [-10.524763  -13.145556 ]
  [-10.3763485 -13.45053  ]
  [-10.299274  -13.640719 ]
  [-10.740202  -12.958285 ]
  [-10.358507  -13.24775  ]
  [-10.298908  -13.558721 ]]

 [[ -9.834742  -17.736706 ]
  [ -9.854158  -17.84301  ]
  [ -8.313021  -14.858654 ]
  [-10.709608  -17.187284 ]
  [ -9.8700695 -18.079971 ]
  [ -9.623907  -18.246202 ]
  [-10.751671  -16.697563 ]
  [ -9.967014  -17.235676 ]
  [-10.228961  -17.317755 ]
  [ -8.307065  -15.062257 ]
  [ -9.827322  -17.717005 ]
  [-10.13431   -17.744484 ]
  [ -9.71604   -17.784325 ]
  [ -9.660103  -18.31323  ]
  [ -8.586392  -14.494761 ]
  [-10.381115  -17.313843 ]
  [ -9.560865  -18.461185 ]
  [ -8.272388  -15.028986 ]
  [-10.545624  -17.209476 ]
  [-10.658632  -16.789791 ]
  [ -9.519148  -18.8392   ]
  [ -9.58584   -18.318697 ]
  [-11.074559  -17.346012 ]
  [-10.683647  -17.344835 ]
  [ -9.783182  -17.599718 ]
  [ -9.989637  -17.497375 ]
  [-10.353389  -17.406225 ]
  [-10.027843  -17.537615 ]
  [-10.703917  -17.054138 ]
  [ -2.6665225 -17.796011 ]
  [-10.218986  -17.41456  ]
  [ -9.775766  -18.12875  ]
  [ -9.756659  -17.58628  ]
  [-10.121389  -17.411757 ]
  [ -9.962208  -17.613237 ]
  [ -9.242434  -15.277257 ]
  [ -9.935257  -17.80433  ]
  [ -9.712955  -18.106297 ]
  [-10.033163  -17.635147 ]
  [-10.662486  -16.974216 ]
  [ -2.6930418 -17.468468 ]
  [-10.875589  -17.109138 ]
  [-10.236863  -17.577797 ]
  [ -8.82876   -15.575069 ]
  [ -9.70022   -18.23616  ]
  [-10.170951  -17.127935 ]
  [-10.35343   -17.015354 ]
  [ -9.762592  -18.03359  ]
  [ -9.822338  -17.811699 ]
  [ -9.736546  -17.860332 ]
  [ -9.96637   -17.2252   ]
  [ -9.60059   -18.596394 ]
  [-10.254862  -17.479977 ]
  [-10.889292  -16.719421 ]]

 [[-11.853414  -17.994488 ]
  [-11.840273  -16.989029 ]
  [-12.326968  -17.491005 ]
  [-11.071594  -14.325066 ]
  [-12.030264  -17.747856 ]
  [-12.007876  -16.770733 ]
  [-11.852377  -17.924843 ]
  [-12.074244  -17.896536 ]
  [-12.505935  -17.287525 ]
  [-12.090382  -17.365135 ]
  [-11.17402   -14.323285 ]
  [-12.275959  -17.874022 ]
  [-12.455706  -17.156128 ]
  [-13.104148  -16.768152 ]
  [-12.025787  -17.37391  ]
  [-12.397938  -16.719765 ]
  [-12.615646  -16.726185 ]
  [-12.883066  -16.209383 ]
  [-12.304801  -17.52886  ]
  [-12.376318  -17.468662 ]
  [-11.876318  -17.408245 ]
  [-11.908164  -16.872747 ]
  [-11.725136  -18.58914  ]
  [-12.11213   -16.983114 ]
  [-12.296486  -17.293219 ]
  [-12.174451  -17.225203 ]
  [-12.323171  -16.541964 ]
  [-12.556234  -17.471598 ]
  [-13.392149  -16.7336   ]
  [-12.43956   -17.017174 ]
  [ -7.065258  -16.576784 ]
  [-12.729532  -17.235159 ]
  [-12.042776  -17.428764 ]
  [-13.098463  -16.770939 ]
  [-12.991267  -16.792158 ]
  [-11.7731285 -17.23405  ]
  [-11.335898  -14.351341 ]
  [-12.346149  -17.100887 ]
  [-12.2400875 -17.003864 ]
  [-13.159809  -16.487284 ]
  [-12.497518  -16.550175 ]
  [-12.64525   -16.972347 ]
  [-12.533855  -16.640411 ]
  [-12.971542  -16.690434 ]
  [-13.354643  -16.117168 ]
  [-12.459009  -16.438206 ]
  [-12.25086   -17.532227 ]
  [-12.527469  -16.803158 ]
  [-12.542487  -16.5516   ]
  [-11.803404  -17.802427 ]
  [-11.739301  -18.154018 ]
  [-12.139862  -17.688004 ]
  [-12.94739   -16.883547 ]
  [-12.233704  -16.998865 ]]

 [[-11.946632  -16.325308 ]
  [-12.743332  -15.456181 ]
  [-12.285015  -15.951587 ]
  [-11.667295  -16.89618  ]
  [-10.955416  -11.477787 ]
  [-12.296465  -16.131691 ]
  [-11.922589  -16.086163 ]
  [-12.086406  -15.6118555]
  [-12.042387  -16.035645 ]
  [-12.570736  -15.467951 ]
  [-12.282196  -15.989864 ]
  [-10.557088  -12.551176 ]
  [-12.317028  -15.564503 ]
  [-12.8847065 -15.782168 ]
  [-12.091829  -16.116484 ]
  [-10.997659  -11.382029 ]
  [-12.003857  -15.724089 ]
  [-11.5847435 -16.681847 ]
  [-10.718436  -11.709669 ]
  [-12.124762  -16.23006  ]
  [-12.19577   -11.128064 ]
  [-12.275045  -16.053913 ]
  [-11.551393  -11.280928 ]
  [-11.580384  -16.966671 ]
  [-10.711702  -11.662426 ]
  [-12.043986  -16.145153 ]
  [-11.198545  -11.692173 ]
  [-12.203066  -15.918359 ]
  [-11.7516    -16.50931  ]
  [-13.026451  -15.658227 ]
  [-12.129857  -16.244152 ]
  [ -5.4258842 -16.23318  ]
  [-11.73322   -16.36021  ]
  [-12.484873  -15.986554 ]
  [-12.156662  -16.10249  ]
  [-11.60025   -17.227459 ]
  [-12.316534  -15.860836 ]
  [-10.527403  -14.062288 ]
  [-12.085771  -15.845987 ]
  [-12.192043  -15.869623 ]
  [-12.336262  -15.85499  ]
  [ -5.284956  -15.894028 ]
  [-12.081471  -15.859315 ]
  [-11.858171  -16.225456 ]
  [-11.295241  -12.811466 ]
  [-12.106302  -16.184704 ]
  [ -5.707898  -15.642257 ]
  [-12.237581  -15.539704 ]
  [-10.606365  -14.676434 ]
  [-11.574662  -17.181578 ]
  [ -5.886852  -15.248907 ]
  [-12.075915  -16.166733 ]
  [-12.048341  -13.123004 ]
  [-12.120279  -16.143234 ]]

 [[-12.65929   -15.163679 ]
  [-11.820424  -15.244924 ]
  [-13.569498  -14.77656  ]
  [-12.042038  -15.653177 ]
  [-12.671495  -14.408701 ]
  [-10.919432  -14.405493 ]
  [-12.46221   -15.257278 ]
  [-12.191292  -14.825853 ]
  [-12.483835  -15.746771 ]
  [-11.614715  -15.595346 ]
  [-11.081884  -15.90366  ]
  [-12.580036  -15.1624775]
  [-11.862421  -13.216263 ]
  [-12.968806  -14.894245 ]
  [-12.551605  -15.23884  ]
  [-12.143761  -15.082781 ]
  [-12.19829   -15.1297   ]
  [-13.006346  -14.6779785]
  [-12.869734  -14.914873 ]
  [-12.971246  -14.533338 ]
  [-11.68944   -15.945329 ]
  [-12.197355  -14.997993 ]
  [-11.126705  -15.209484 ]
  [-12.194206  -15.456198 ]
  [-11.8057995 -15.229843 ]
  [-12.297174  -15.767015 ]
  [-11.884579  -15.761677 ]
  [-11.462362  -15.413527 ]
  [-13.151694  -14.614607 ]
  [-12.60935   -15.008806 ]
  [-11.721593  -15.852922 ]
  [-13.0169735 -14.835856 ]
  [ -8.03524   -14.987604 ]
  [-11.839912  -16.088184 ]
  [-12.4536495 -15.657248 ]
  [-11.121563  -16.280052 ]
  [-12.193222  -15.5602665]
  [-12.253702  -15.489344 ]
  [-11.034362  -14.874792 ]
  [-12.520086  -15.249092 ]
  [-12.75363   -14.978257 ]
  [-12.343311  -15.607406 ]
  [-11.908096  -16.248377 ]
  [-12.367317  -15.415634 ]
  [-11.4158745 -15.661842 ]
  [-11.505936  -14.939242 ]
  [-12.842794  -15.075643 ]
  [-12.320114  -15.274692 ]
  [-12.640551  -15.177149 ]
  [-12.5619335 -15.359062 ]
  [-11.663616  -15.865156 ]
  [-11.418812  -15.202675 ]
  [-12.402941  -14.652512 ]
  [-12.265675  -14.934576 ]]]

u
[[[ 1.2601205   1.8075857 ]
  [ 0.2386939   2.3058    ]]

 [[-2.5258462  -5.095713  ]
  [-0.26958984 -9.0322    ]]]

z
[[ 2.2777758   0.55038035]
 [-1.2777758   0.44961965]]

====================
Layer 3 decoder
x_bernoulli
[[-0.02816522 -0.64403534]
 [-3.5837169  -0.74479604]]

y_bernoulli
[[-1.8954277e-04 -4.9213123e+00]
 [-8.5704870e+00 -7.3162317e-03]]

x_categorical
[[-3.5837169  -0.74479604]]

y_categorical
[[-8.5704870e+00 -7.3162247e-03]]

v
[[ -8.703613    -3.38879   ]
 [-10.652769    -0.04190488]]

rho_categorical
[[-5.8604913  -8.749126  ]
 [-6.5408893  -9.6624    ]
 [-4.8819456  -7.4229345 ]
 [-7.2220526  -8.289506  ]
 [-4.8977385  -2.693754  ]
 [-4.866114   -0.90107274]]

t_categorical
[[[-12.843548  -10.3946905]
  [-13.570658  -15.229101 ]
  [-13.489494  -15.693411 ]
  [-14.092802  -14.855759 ]
  [-13.706102  -15.110693 ]
  [-13.516731  -15.573    ]
  [-14.534887  -14.836206 ]
  [-13.196833  -10.915961 ]
  [-13.439533  -15.442671 ]
  [-13.481991  -15.701689 ]
  [-14.016834  -14.822411 ]
  [-14.605654  -14.834801 ]
  [-13.799948  -15.238718 ]
  [-12.326191  -10.621519 ]
  [-13.448462  -15.517989 ]
  [-13.908205  -14.815968 ]
  [-12.824135  -10.629206 ]
  [-13.577282  -15.558809 ]
  [-13.504219  -15.661901 ]
  [-12.420057  -11.001144 ]
  [-13.978376  -15.139704 ]
  [-12.653532  -11.747166 ]
  [-13.840033  -15.000624 ]
  [-12.323648  -11.258823 ]
  [-13.943161  -14.720335 ]
  [-12.836178  -11.438321 ]
  [-13.556883  -15.644982 ]
  [-11.634827  -14.490759 ]
  [-13.775555  -15.178389 ]
  [-14.461067  -14.732674 ]
  [-14.246014  -14.966751 ]
  [-13.393633  -15.552315 ]
  [-15.001301  -14.512758 ]
  [ -7.4105783 -15.224543 ]
  [-13.454153  -15.716853 ]
  [-14.445652  -14.757759 ]
  [-13.497181  -15.557111 ]
  [-13.943279  -15.111446 ]
  [-14.409121  -14.825738 ]
  [-11.538118  -15.026656 ]
  [-13.887436  -15.157553 ]
  [-13.383684  -15.87013  ]
  [ -7.1037283 -15.258493 ]
  [-13.634903  -15.266215 ]
  [-13.394722  -15.8695965]
  [-12.045868  -14.376568 ]
  [-14.029602  -14.980817 ]
  [ -6.9336805 -16.29447  ]
  [-14.175751  -14.623201 ]
  [-11.383686  -14.742619 ]
  [-13.956146  -15.148482 ]
  [ -7.963543  -14.583445 ]
  [-13.868742  -15.050842 ]
  [-13.809898  -15.250034 ]]

 [[-14.415468  -14.903259 ]
  [-12.46676   -10.250566 ]
  [-14.037725  -15.261959 ]
  [-14.389532  -15.306925 ]
  [-13.954432  -15.806454 ]
  [-14.038408  -15.531029 ]
  [-13.877055  -15.883917 ]
  [-14.1473875 -14.901272 ]
  [-12.597596  -11.134849 ]
  [-13.900972  -15.808819 ]
  [-13.743459  -16.04535  ]
  [-14.047846  -15.186018 ]
  [-15.128399  -14.903675 ]
  [-14.308775  -15.370909 ]
  [-14.255371  -15.233927 ]
  [-14.343245  -14.921917 ]
  [-15.104515  -15.0026245]
  [-14.207453  -14.895151 ]
  [-14.973606  -15.094278 ]
  [-15.057877  -15.063883 ]
  [-14.139394  -15.148842 ]
  [-14.0926895 -15.247551 ]
  [-13.867362  -15.649214 ]
  [-14.220683  -15.153433 ]
  [-15.252666  -14.821903 ]
  [-14.152797  -14.889687 ]
  [-14.71306   -14.575472 ]
  [-13.890351  -15.035984 ]
  [-11.531517  -14.274588 ]
  [-13.635616  -16.558233 ]
  [-13.902681  -15.407108 ]
  [-14.676928  -15.270515 ]
  [-13.919248  -14.895965 ]
  [-14.42097   -15.142836 ]
  [ -6.5769567 -14.634586 ]
  [-14.053038  -15.51244  ]
  [-14.479403  -14.806969 ]
  [-13.9473715 -15.524969 ]
  [-14.384266  -15.077198 ]
  [-14.029957  -15.554857 ]
  [-13.910765  -15.243704 ]
  [-13.828051  -15.795431 ]
  [-14.97929   -15.020439 ]
  [-13.99479   -15.321453 ]
  [-13.91756   -15.708136 ]
  [-14.198048  -15.438133 ]
  [-13.698484  -15.899371 ]
  [-14.44595   -15.136435 ]
  [-14.640831  -14.990276 ]
  [-14.276058  -15.081292 ]
  [-14.708761  -14.802799 ]
  [-14.408333  -15.193962 ]
  [-13.990061  -15.293621 ]
  [-15.00666   -14.629318 ]]

 [[-14.20016   -14.106536 ]
  [-13.945008  -14.413311 ]
  [-12.144482   -9.622392 ]
  [-14.048827  -14.245575 ]
  [-13.709088  -15.017147 ]
  [-14.215714  -14.12384  ]
  [-13.951112  -14.191571 ]
  [-14.363444  -13.88313  ]
  [-14.648755  -13.874942 ]
  [-13.087045   -9.33267  ]
  [-14.241933  -14.069976 ]
  [-14.204104  -14.238843 ]
  [-14.2025    -14.028402 ]
  [-13.909253  -14.509681 ]
  [-12.857497   -8.279387 ]
  [-13.865527  -14.510815 ]
  [-14.003736  -14.300824 ]
  [-13.3787565  -8.782442 ]
  [-14.107646  -14.195639 ]
  [-15.05988   -13.649134 ]
  [-13.952716  -14.441498 ]
  [-14.829453  -13.82542  ]
  [-13.941129  -14.485731 ]
  [-13.69308   -14.965431 ]
  [-14.001481  -14.195972 ]
  [-13.9427805 -14.353454 ]
  [-13.9583025 -14.404128 ]
  [-13.884028  -14.483751 ]
  [-13.984551  -14.294939 ]
  [-10.621008  -13.449332 ]
  [-13.701772  -14.8739805]
  [-14.351237  -14.113973 ]
  [-14.687167  -13.763168 ]
  [-14.512315  -13.927885 ]
  [-15.09504   -13.777469 ]
  [ -5.593317  -13.509371 ]
  [-14.091626  -14.278559 ]
  [-15.026782  -13.820419 ]
  [-14.366246  -14.055851 ]
  [-13.769204  -14.608006 ]
  [-10.006965  -14.814295 ]
  [-13.691199  -14.896238 ]
  [-14.086793  -14.295969 ]
  [ -5.587439  -14.068205 ]
  [-14.15408   -14.249542 ]
  [-13.809268  -14.477419 ]
  [-14.1153345 -14.06204  ]
  [-14.850074  -13.874525 ]
  [-13.692424  -14.907686 ]
  [-14.46441   -13.938829 ]
  [-13.765832  -14.527775 ]
  [-14.5982275 -14.000484 ]
  [-14.287295  -14.106775 ]
  [-14.464833  -13.822034 ]]

 [[-14.211072  -14.854006 ]
  [-15.082035  -13.692096 ]
  [-14.488733  -14.571185 ]
  [-12.772898   -8.674923 ]
  [-14.983761  -14.326015 ]
  [-14.482204  -13.980063 ]
  [-14.360519  -14.664236 ]
  [-14.787523  -14.438024 ]
  [-14.030691  -15.276112 ]
  [-14.754719  -14.254267 ]
  [-12.851287   -9.903767 ]
  [-14.013657  -15.585522 ]
  [-14.296421  -14.702222 ]
  [-14.026215  -15.154797 ]
  [-14.963505  -14.149643 ]
  [-14.475931  -14.276057 ]
  [-14.476225  -14.278286 ]
  [-13.984262  -14.56011  ]
  [-14.296381  -14.836307 ]
  [-14.527349  -14.561194 ]
  [-14.627087  -14.157962 ]
  [-15.183683  -13.645457 ]
  [-14.473057  -14.594436 ]
  [-14.460127  -14.3063545]
  [-14.463221  -14.534588 ]
  [-14.333368  -14.123395 ]
  [-14.310627  -14.018745 ]
  [-14.078838  -15.282417 ]
  [-14.003065  -15.293748 ]
  [-14.398197  -14.494781 ]
  [-11.166541  -14.366214 ]
  [-13.974148  -15.513085 ]
  [-14.277618  -14.160724 ]
  [-14.766624  -14.26859  ]
  [-14.409355  -14.507458 ]
  [-15.258867  -13.932758 ]
  [ -7.2885957 -13.226557 ]
  [-14.743528  -14.190951 ]
  [-14.509249  -14.352484 ]
  [-14.4757595 -14.342341 ]
  [-14.269386  -14.327992 ]
  [-14.421374  -14.52183  ]
  [-14.586113  -14.122225 ]
  [-14.394287  -14.499718 ]
  [-14.042164  -14.597528 ]
  [-14.519278  -13.910619 ]
  [-14.12429   -15.078712 ]
  [-14.427166  -14.421112 ]
  [-14.256456  -14.294081 ]
  [-14.604162  -14.470499 ]
  [-14.620516  -14.450898 ]
  [-14.4115925 -14.683508 ]
  [-14.781067  -14.289294 ]
  [-14.563217  -14.336897 ]]

 [[-13.661002  -12.084041 ]
  [-13.881016  -11.602662 ]
  [-14.806836  -11.317462 ]
  [-14.21686   -11.381163 ]
  [-12.245001   -5.8240795]
  [-13.682946  -12.159623 ]
  [-13.952803  -11.587057 ]
  [-13.950219  -11.497324 ]
  [-14.491071  -11.339666 ]
  [-13.881515  -11.569022 ]
  [-13.905503  -11.765907 ]
  [-12.976111   -5.759535 ]
  [-13.588361  -11.922055 ]
  [-14.256285  -11.550301 ]
  [-13.577371  -12.277728 ]
  [-12.892084   -4.595724 ]
  [-13.983378  -11.292095 ]
  [-14.6265    -11.354699 ]
  [-12.7722     -5.243144 ]
  [-14.432557  -11.50205  ]
  [-13.339125   -4.6051445]
  [-13.92722   -11.772882 ]
  [-13.723509   -4.225512 ]
  [-13.900441  -11.628199 ]
  [-13.048459   -4.413617 ]
  [-13.872031  -11.814163 ]
  [-13.548817   -4.7124767]
  [-13.6209955 -12.101805 ]
  [-14.082996  -11.526333 ]
  [-14.516278  -11.412225 ]
  [-13.564721  -12.444694 ]
  [-11.266241  -10.934703 ]
  [-13.691539  -11.824495 ]
  [-13.850638  -11.895267 ]
  [-13.980138  -11.701148 ]
  [-13.873583  -11.813484 ]
  [-13.732282  -11.923166 ]
  [ -6.2883472 -12.426112 ]
  [-14.181887  -11.413539 ]
  [-13.649795  -11.993585 ]
  [-13.836255  -11.784785 ]
  [-11.529881  -10.890666 ]
  [-13.73297   -11.7351465]
  [-13.876749  -11.639699 ]
  [ -6.3479977 -10.754609 ]
  [-14.242372  -11.53411  ]
  [-11.298368  -11.106422 ]
  [-14.065873  -11.343937 ]
  [ -6.26736   -12.651278 ]
  [-14.2191    -11.490645 ]
  [-10.204641  -11.710783 ]
  [-15.104571  -11.276182 ]
  [ -6.3008184 -12.283638 ]
  [-14.448865  -11.44325  ]]

 [[-14.863529  -12.252072 ]
  [-14.894077  -12.208044 ]
  [-14.745007  -12.506111 ]
  [-15.696749  -11.741489 ]
  [-15.51853   -11.7350235]
  [-13.382423   -1.59537  ]
  [-15.055763  -12.029799 ]
  [-15.05904   -11.961948 ]
  [-14.780384  -12.462524 ]
  [-15.685987  -11.742592 ]
  [-15.522984  -11.832863 ]
  [-14.9921665 -12.168642 ]
  [-14.477718   -1.5946867]
  [-15.126646  -12.028557 ]
  [-14.7645855 -12.471818 ]
  [-15.25857   -11.954693 ]
  [-15.495281  -11.861279 ]
  [-14.955021  -12.173832 ]
  [-14.896872  -12.197422 ]
  [-15.083714  -12.009005 ]
  [-14.890678  -12.2263155]
  [-14.900866  -12.014561 ]
  [-15.835478  -11.734117 ]
  [-15.384659  -11.890354 ]
  [-15.302486  -11.925806 ]
  [-14.867399  -12.323017 ]
  [-15.418137  -11.742038 ]
  [-14.876511  -12.153429 ]
  [-15.046333  -12.100201 ]
  [-15.393461  -11.8542795]
  [-15.392082  -11.841454 ]
  [-14.886932  -12.190868 ]
  [-11.51135   -11.691195 ]
  [-15.6512165 -11.772977 ]
  [-14.996876  -12.171453 ]
  [-14.720692  -12.297768 ]
  [-14.952303  -12.144272 ]
  [-15.154097  -12.004692 ]
  [ -4.8694925 -10.672131 ]
  [-14.751595  -12.50987  ]
  [-15.0863495 -12.060019 ]
  [-15.038723  -12.113467 ]
  [-15.617231  -11.813704 ]
  [-14.996027  -12.10495  ]
  [-14.904081  -12.140263 ]
  [-16.026379  -11.684511 ]
  [-14.688364  -12.485622 ]
  [-15.059168  -12.032808 ]
  [-14.7146435 -12.673316 ]
  [-14.878376  -12.288464 ]
  [-15.146212  -11.987756 ]
  [-15.885448  -11.7162075]
  [-15.48138   -11.787952 ]
  [-15.0273    -12.024449 ]]]

u
[[[  2.2724984    1.4790536 ]
  [  2.4555438    0.04105065]]

 [[ -8.703613    -3.38879   ]
  [-10.652769    -0.04190488]]]

z
[[ 3.361147    0.10080167]
 [-2.361147    0.89919835]]

====================
Layer 2 decoder
x_bernoulli
[[-3.2668114e-03 -1.1699946e+00]
 [-5.7255607e+00 -3.7159795e-01]]

y_bernoulli
[[-7.247925e-05 -4.617024e+00]
 [-9.531064e+00 -9.931326e-03]]

x_categorical
[[-5.7255607  -0.37159804]]

y_categorical
[[-9.531064   -0.00993132]]

v
[[ -9.937957    -3.7265089 ]
 [-10.626827    -0.03454889]]

rho_categorical
[[-14.70891     -3.1402967 ]
 [ -6.7587333   -6.3514175 ]
 [-15.25346     -1.9586705 ]
 [ -6.166648    -7.361312  ]
 [-15.087864    -0.68999183]
 [-13.320203    -6.6033716 ]]

t_categorical
[[[-19.7094     -5.2880173]
  [-19.952871  -11.064079 ]
  [-20.201328  -11.404741 ]
  [-20.02006   -11.22098  ]
  [-20.12797   -10.957005 ]
  [-19.937525  -11.698021 ]
  [-20.048433  -11.426998 ]
  [-19.868055   -4.966134 ]
  [-19.713924  -11.727426 ]
  [-19.6469    -12.36447  ]
  [-19.97452   -10.972085 ]
  [-20.317934  -11.2364235]
  [-19.794697  -11.716448 ]
  [-19.10978    -5.2564983]
  [-19.852345  -11.476646 ]
  [-19.687193  -11.801814 ]
  [-19.586605   -4.2215166]
  [-20.198586  -11.432663 ]
  [-19.894444  -11.831892 ]
  [-18.953598   -6.2620373]
  [-19.635431  -11.596367 ]
  [-19.16543    -6.066535 ]
  [-19.846214  -11.567474 ]
  [-19.0137     -6.712827 ]
  [-19.864609  -10.993964 ]
  [-19.351994   -5.730276 ]
  [-20.93034   -11.191656 ]
  [-16.92556   -11.530245 ]
  [-19.724108  -12.215454 ]
  [-19.776218  -11.7192135]
  [-20.019588  -11.556496 ]
  [-19.798655  -11.4424305]
  [-19.628231  -11.689087 ]
  [-19.014565   -8.370519 ]
  [-20.33675   -11.217688 ]
  [-19.898903  -11.233636 ]
  [-19.76383   -12.0582485]
  [-19.839676  -11.790153 ]
  [-20.49073   -10.900185 ]
  [-16.183533  -11.987148 ]
  [-20.083645  -11.438326 ]
  [-20.404776  -11.097554 ]
  [-19.231016   -7.444646 ]
  [-20.144482  -11.109027 ]
  [-19.775557  -11.850565 ]
  [-16.518724  -11.863516 ]
  [-19.812656  -11.555784 ]
  [-19.661835   -7.786393 ]
  [-19.67296   -11.733053 ]
  [-16.482944  -11.707731 ]
  [-20.46267   -11.2073345]
  [-19.326492   -6.904227 ]
  [-19.517302  -12.217648 ]
  [-19.819635  -11.929905 ]]

 [[-16.83775   -12.538741 ]
  [-16.066181   -7.236925 ]
  [-17.203604  -12.237824 ]
  [-16.847681  -13.028204 ]
  [-16.762245  -13.189002 ]
  [-16.78533   -13.0282955]
  [-17.148066  -12.720009 ]
  [-16.927498  -12.310966 ]
  [-16.194874   -7.248777 ]
  [-17.113794  -12.753822 ]
  [-16.822987  -12.904879 ]
  [-16.857512  -12.5566   ]
  [-17.590405  -12.229819 ]
  [-17.023552  -12.711845 ]
  [-17.347942  -12.308924 ]
  [-17.349707  -12.056445 ]
  [-17.185411  -12.489938 ]
  [-17.215895  -12.096317 ]
  [-17.153378  -12.696425 ]
  [-16.609268  -13.406475 ]
  [-16.617056  -13.257295 ]
  [-16.868622  -12.646252 ]
  [-17.819874  -12.131618 ]
  [-16.869352  -12.63233  ]
  [-16.78013   -12.822415 ]
  [-16.940845  -12.3190775]
  [-17.829977  -11.657475 ]
  [-17.259968  -11.939708 ]
  [ -6.760799  -13.307259 ]
  [-17.687586  -12.391357 ]
  [-16.616222  -13.193407 ]
  [-16.703249  -13.265074 ]
  [-16.774233  -12.454966 ]
  [-17.9401    -12.14415  ]
  [-15.426796   -8.994146 ]
  [-17.4896    -12.414482 ]
  [-17.237978  -12.088879 ]
  [-17.247856  -12.376463 ]
  [-16.726065  -13.030466 ]
  [-17.69124   -12.374705 ]
  [-16.647923  -13.017723 ]
  [-16.708256  -13.082172 ]
  [-16.627567  -13.039827 ]
  [-17.267706  -12.199696 ]
  [-17.13164   -12.651045 ]
  [-17.233894  -12.597763 ]
  [-17.318445  -12.179135 ]
  [-16.70743   -13.123145 ]
  [-17.021414  -12.513245 ]
  [-17.113302  -12.371391 ]
  [-17.139046  -12.279256 ]
  [-17.50115   -12.32367  ]
  [-17.804083  -11.94894  ]
  [-16.71357   -12.803556 ]]

 [[-20.482288  -10.982086 ]
  [-20.292274  -11.635362 ]
  [-19.281822   -3.7564836]
  [-20.393528  -11.075827 ]
  [-21.468122  -10.653306 ]
  [-20.804464  -10.650366 ]
  [-20.618355  -10.257548 ]
  [-20.619389  -10.355277 ]
  [-20.688232  -10.632998 ]
  [-20.153008   -3.1371946]
  [-20.792013  -10.542397 ]
  [-21.736254  -10.522518 ]
  [-20.338638  -11.166247 ]
  [-20.780157  -10.855424 ]
  [-19.551834   -3.4842112]
  [-20.535597  -10.988267 ]
  [-20.440351  -11.131013 ]
  [-19.882368   -3.2092795]
  [-20.888365  -10.534339 ]
  [-20.439041  -10.358422 ]
  [-20.935371  -10.707847 ]
  [-20.524607  -10.888434 ]
  [-20.483995  -11.252139 ]
  [-20.232779  -11.965182 ]
  [-20.543509  -10.57963  ]
  [-21.76635   -10.163618 ]
  [-20.801535  -10.740253 ]
  [-21.392921  -10.344638 ]
  [-20.2619    -11.601203 ]
  [-16.610863  -11.263564 ]
  [-21.027943  -10.545882 ]
  [-20.545694  -11.201622 ]
  [-20.57352   -10.435785 ]
  [-20.49955   -10.908963 ]
  [-20.584623  -10.79794  ]
  [-19.28099    -6.9904146]
  [-20.643965  -10.95617  ]
  [-20.48855   -11.108515 ]
  [-20.974583  -10.590308 ]
  [-20.95446   -10.345221 ]
  [-16.031086  -11.811077 ]
  [-20.689215  -10.776937 ]
  [-20.269142  -11.839016 ]
  [-19.846912   -6.679159 ]
  [-21.67296   -10.461803 ]
  [-20.571642  -10.566058 ]
  [-20.41489   -10.686933 ]
  [-20.538084  -11.047572 ]
  [-21.441954  -10.330364 ]
  [-20.983221  -10.383216 ]
  [-21.180279   -9.965591 ]
  [-20.550629  -11.204738 ]
  [-20.291048  -11.691295 ]
  [-20.303656  -10.868588 ]]

 [[-17.418098  -13.128765 ]
  [-17.561152  -11.809084 ]
  [-15.916419  -14.225355 ]
  [-15.487155   -8.2444105]
  [-16.08213   -13.951517 ]
  [-17.121542  -11.938981 ]
  [-17.605679  -13.143342 ]
  [-16.468597  -13.692926 ]
  [-16.63486   -13.402171 ]
  [-16.64661   -13.071648 ]
  [-15.093331   -8.831572 ]
  [-16.095324  -14.1749   ]
  [-15.973212  -13.886068 ]
  [-16.132507  -13.570847 ]
  [-16.258774  -13.3038025]
  [-16.817524  -12.631529 ]
  [-16.099823  -13.374994 ]
  [-16.55384   -12.363777 ]
  [-15.918706  -14.215944 ]
  [-16.702408  -13.47963  ]
  [-17.067165  -12.479826 ]
  [-17.603909  -11.9482155]
  [-17.282486  -13.265605 ]
  [-16.649921  -12.7518635]
  [-16.348083  -13.462874 ]
  [-16.301132  -12.750269 ]
  [-16.82343   -12.145716 ]
  [-15.986373  -14.239708 ]
  [-16.011002  -13.813139 ]
  [-16.727844  -13.052111 ]
  [ -6.168922  -13.729314 ]
  [-16.613789  -13.472975 ]
  [-16.125648  -12.744465 ]
  [-15.796109  -14.456591 ]
  [-16.345242  -13.344965 ]
  [-15.902108  -13.344739 ]
  [-14.962718   -9.024508 ]
  [-15.862912  -14.0968   ]
  [-16.433863  -13.114763 ]
  [-16.112158  -13.298626 ]
  [-16.277111  -12.757118 ]
  [-16.294088  -13.424488 ]
  [-16.246376  -12.997215 ]
  [-15.960953  -13.692074 ]
  [-16.05631   -13.167344 ]
  [-15.888221  -13.403217 ]
  [-16.512562  -13.506159 ]
  [-17.139542  -12.808648 ]
  [-16.057625  -13.130119 ]
  [-16.183731  -13.678152 ]
  [-16.050549  -13.825943 ]
  [-16.887695  -13.454706 ]
  [-16.584679  -13.255867 ]
  [-16.266148  -13.273654 ]]

 [[-20.413208   -9.5665455]
  [-19.936684   -9.715287 ]
  [-20.309784   -9.653099 ]
  [-20.055016   -9.662344 ]
  [-19.40834    -2.6704931]
  [-21.011902   -9.551456 ]
  [-19.853952   -9.707991 ]
  [-19.095829   -9.826599 ]
  [-20.061388   -9.703504 ]
  [-19.468029   -9.744869 ]
  [-20.432251   -9.600683 ]
  [-20.333935   -2.6698074]
  [-19.40167    -9.730613 ]
  [-20.471622   -9.638145 ]
  [-20.378939   -9.5777025]
  [-19.195677   -2.8330326]
  [-19.795242   -9.839518 ]
  [-19.863375   -9.653797 ]
  [-19.432508   -2.7198348]
  [-20.67587    -9.611978 ]
  [-19.549698   -2.8330598]
  [-20.606052   -9.585612 ]
  [-19.507862   -2.9537425]
  [-19.943892   -9.643664 ]
  [-19.437637   -2.8845859]
  [-20.3704     -9.591137 ]
  [-19.864079   -2.8055873]
  [-20.16372    -9.601489 ]
  [-20.059      -9.647736 ]
  [-20.264965   -9.671268 ]
  [-20.96769    -9.498061 ]
  [-18.184267   -9.789127 ]
  [-19.819077   -9.645067 ]
  [-20.899488   -9.552771 ]
  [-20.449455   -9.600912 ]
  [-20.542694   -9.569185 ]
  [-20.083511   -9.623352 ]
  [-19.200937   -6.496459 ]
  [-19.786446   -9.747412 ]
  [-20.095142   -9.601483 ]
  [-20.300175   -9.599416 ]
  [-16.860237  -10.16269  ]
  [-19.924814   -9.693321 ]
  [-19.972818   -9.659727 ]
  [-19.14719    -5.492899 ]
  [-20.49015    -9.610793 ]
  [-16.823256  -10.192613 ]
  [-19.628979   -9.856623 ]
  [-18.999792   -7.0355177]
  [-20.143131   -9.6483345]
  [-16.740713  -10.106965 ]
  [-20.34309    -9.619552 ]
  [-19.427063   -6.25686  ]
  [-20.37231    -9.642101 ]]

 [[-19.06297   -11.85681  ]
  [-19.376205  -11.117772 ]
  [-19.299303  -11.357811 ]
  [-20.071543  -10.649082 ]
  [-19.205902  -11.183428 ]
  [-18.43944    -8.4968605]
  [-19.129848  -11.726877 ]
  [-19.12148   -11.280814 ]
  [-19.530338  -11.307085 ]
  [-19.376602  -11.234474 ]
  [-19.689854  -11.241976 ]
  [-20.480764  -10.441635 ]
  [-18.99555    -8.320995 ]
  [-19.825823  -10.831285 ]
  [-19.852306  -10.761688 ]
  [-19.876781  -11.036134 ]
  [-20.529371  -10.998159 ]
  [-19.467701  -10.979545 ]
  [-19.339748  -11.098115 ]
  [-19.229574  -11.29874  ]
  [-20.13131   -10.554737 ]
  [-19.231375  -10.703378 ]
  [-20.447449  -10.850729 ]
  [-19.775616  -11.137503 ]
  [-20.021439  -10.983408 ]
  [-20.054121  -10.473505 ]
  [-19.590912  -10.520304 ]
  [-19.218243  -11.086035 ]
  [-19.958632  -10.65089  ]
  [-19.184353  -11.627605 ]
  [-19.801716  -10.801046 ]
  [-19.193401  -11.405131 ]
  [-13.446671  -12.621981 ]
  [-19.9799    -10.869211 ]
  [-19.672539  -11.248989 ]
  [-19.13211   -11.084414 ]
  [-19.937893  -10.469123 ]
  [-19.567902  -11.155066 ]
  [-18.084679   -9.699191 ]
  [-20.033962  -10.706978 ]
  [-19.463892  -11.212173 ]
  [-19.364779  -11.493803 ]
  [-20.082275  -11.078721 ]
  [-19.434517  -10.976596 ]
  [-19.196156  -11.231579 ]
  [-19.121946  -11.670415 ]
  [-19.099537  -11.722161 ]
  [-19.6375    -10.757685 ]
  [-20.29129   -10.555136 ]
  [-19.474926  -11.315453 ]
  [-19.403017  -11.232766 ]
  [-18.8596    -12.546039 ]
  [-19.467304  -10.945035 ]
  [-19.954067  -10.156473 ]]]

u
[[[  2.392239     1.5531869 ]
  [  2.4533153    0.03396548]]

 [[ -9.937957    -3.7265089 ]
  [-10.626827    -0.03454889]]]

z
[[ 3.7155943   0.08332803]
 [-2.7155943   0.916672  ]]

====================
Layer 1 decoder
x_bernoulli
[[-1.6093254e-03 -1.1942255e+00]
 [-6.4327979e+00 -3.6088157e-01]]

y_bernoulli
[[-1.6689301e-04 -3.1442232e+00]
 [-8.6981764e+00 -4.4056773e-02]]

x_categorical
[[-6.432798   -0.36088157]]

y_categorical
[[-8.698176   -0.04405677]]

v
[[-15.745019   -9.790312 ]
 [ -8.699047   -0.0441153]]

rho_categorical
[[-14.739605    -9.886939  ]
 [-14.633373    -9.6170025 ]
 [ -7.354444    -9.960615  ]
 [-14.500095    -0.36196733]
 [-14.208554    -9.80803   ]
 [ -6.9421554   -7.530093  ]]

t_categorical
[[[-20.795448  -12.07304  ]
  [-21.61637   -14.945483 ]
  [-20.621609  -16.055264 ]
  [-20.3918    -16.565046 ]
  [-20.713686  -15.591104 ]
  [-20.57402   -16.15805  ]
  [-20.914593  -15.637907 ]
  [-19.459162  -13.504687 ]
  [-20.986696  -15.227447 ]
  [-21.401188  -15.456538 ]
  [-21.380058  -15.001942 ]
  [-20.63572   -16.03188  ]
  [-20.67966   -15.854187 ]
  [-20.041864  -12.299517 ]
  [-21.264254  -15.166836 ]
  [-20.799198  -15.335646 ]
  [-20.52844   -11.767083 ]
  [-21.39112   -15.501337 ]
  [-20.907063  -15.747908 ]
  [-19.521698  -13.174811 ]
  [-20.108044  -16.631472 ]
  [-20.961311  -11.919997 ]
  [-21.19574   -15.208248 ]
  [-19.746141  -12.805971 ]
  [-20.890503  -15.13131  ]
  [-19.976866  -12.428486 ]
  [-21.120657  -15.699163 ]
  [-15.936628  -15.839218 ]
  [-21.101725  -15.445976 ]
  [-20.735392  -15.645441 ]
  [-20.471989  -16.36482  ]
  [-20.832298  -15.372637 ]
  [-21.341522  -14.956065 ]
  [-20.418901  -13.120062 ]
  [-20.945412  -15.650609 ]
  [-20.825474  -15.471756 ]
  [-20.995056  -15.522769 ]
  [-21.114588  -15.522577 ]
  [-20.657206  -15.722032 ]
  [-16.319729  -15.358126 ]
  [-20.843273  -15.737923 ]
  [-21.01291   -15.5452   ]
  [-20.39181   -13.0339775]
  [-20.434835  -16.291544 ]
  [-20.52479   -16.121296 ]
  [-16.220272  -15.751155 ]
  [-21.09849   -15.387266 ]
  [-19.877192  -13.847552 ]
  [-20.5702    -15.62743  ]
  [-16.84534   -15.531831 ]
  [-20.851341  -15.764151 ]
  [-20.766993  -12.503325 ]
  [-21.367435  -15.207028 ]
  [-20.436811  -16.466938 ]]

 [[-20.682755  -15.415638 ]
  [-19.373196  -11.186621 ]
  [-20.915146  -14.954405 ]
  [-21.00663   -15.245559 ]
  [-20.868176  -15.431515 ]
  [-20.7585    -15.5461445]
  [-21.082998  -15.108547 ]
  [-20.610725  -15.723595 ]
  [-19.2722    -11.286268 ]
  [-21.010906  -15.21797  ]
  [-21.049702  -15.046991 ]
  [-20.977455  -14.8538685]
  [-20.661243  -15.460337 ]
  [-21.15592   -14.997843 ]
  [-20.869297  -15.068434 ]
  [-21.00225   -14.761433 ]
  [-20.926527  -15.021685 ]
  [-20.666363  -15.466705 ]
  [-21.143017  -15.0667305]
  [-20.950573  -15.284212 ]
  [-21.142063  -14.758107 ]
  [-21.335754  -14.628824 ]
  [-21.474205  -14.654057 ]
  [-21.334236  -14.639208 ]
  [-20.63792   -15.669882 ]
  [-21.083973  -14.577696 ]
  [-20.85522   -14.731913 ]
  [-21.080666  -14.474506 ]
  [-14.754288  -14.274418 ]
  [-20.866554  -15.277321 ]
  [-20.834753  -15.174576 ]
  [-20.470617  -16.074343 ]
  [-22.045341  -13.866793 ]
  [-20.570156  -15.512365 ]
  [-20.122387  -10.631945 ]
  [-20.681055  -15.565795 ]
  [-20.981312  -14.774045 ]
  [-20.647562  -15.701916 ]
  [-21.07161   -14.943327 ]
  [-21.238377  -14.935959 ]
  [-21.018986  -14.749501 ]
  [-21.29665   -14.805471 ]
  [-20.623428  -15.461122 ]
  [-21.05959   -14.784319 ]
  [-21.069225  -15.102858 ]
  [-20.607124  -15.557327 ]
  [-20.995373  -14.872343 ]
  [-20.67157   -15.789627 ]
  [-21.177746  -14.808716 ]
  [-21.605644  -14.475119 ]
  [-20.709751  -15.405178 ]
  [-21.544899  -14.713032 ]
  [-21.00344   -14.801222 ]
  [-20.876856  -14.985926 ]]

 [[-16.777235  -15.205828 ]
  [-17.106054  -15.103037 ]
  [-15.178497  -12.248475 ]
  [-17.76397   -14.860589 ]
  [-16.3692    -16.002089 ]
  [-17.419928  -14.936824 ]
  [-16.231062  -15.753768 ]
  [-16.40786   -15.406925 ]
  [-16.738022  -15.231431 ]
  [-15.677425  -11.6552105]
  [-17.481625  -14.871613 ]
  [-17.006165  -15.313604 ]
  [-16.350021  -15.620533 ]
  [-17.125154  -15.161679 ]
  [-15.452482  -11.986772 ]
  [-16.33179   -15.834528 ]
  [-17.189653  -14.983704 ]
  [-16.275553  -11.424553 ]
  [-16.928183  -15.136678 ]
  [-16.695332  -14.9977865]
  [-16.84174   -15.305492 ]
  [-16.975286  -15.087119 ]
  [-16.856243  -15.369728 ]
  [-17.103077  -15.177128 ]
  [-17.693657  -14.66301  ]
  [-17.348145  -14.910655 ]
  [-17.28832   -15.054056 ]
  [-16.451447  -15.617962 ]
  [-16.129122  -16.448015 ]
  [ -8.065768  -16.112694 ]
  [-17.582417  -14.920588 ]
  [-16.178799  -16.465057 ]
  [-16.680052  -15.080775 ]
  [-16.589165  -15.379383 ]
  [-16.87585   -15.170392 ]
  [-15.693714  -13.014545 ]
  [-16.829395  -15.316313 ]
  [-16.580547  -15.495297 ]
  [-16.91099   -15.223513 ]
  [-16.598698  -15.282864 ]
  [ -8.040258  -15.348923 ]
  [-16.175585  -16.272215 ]
  [-16.459227  -15.719334 ]
  [-16.938128  -12.618995 ]
  [-17.319164  -15.124975 ]
  [-16.88067   -14.956127 ]
  [-16.769968  -15.018438 ]
  [-16.778404  -15.332567 ]
  [-16.558748  -15.466663 ]
  [-16.753273  -15.198857 ]
  [-17.043518  -14.791807 ]
  [-16.261845  -16.19136  ]
  [-16.194214  -16.29393  ]
  [-16.37338   -15.435776 ]]

 [[-21.396545   -9.534919 ]
  [-20.69579   -10.000853 ]
  [-21.518688   -9.515697 ]
  [-19.922737   -1.2712599]
  [-21.73753    -9.501159 ]
  [-20.739338   -9.815928 ]
  [-21.426746   -9.540902 ]
  [-21.918867   -9.4872675]
  [-21.392685   -9.592099 ]
  [-21.123884   -9.568516 ]
  [-20.162228   -1.269744 ]
  [-22.24902    -9.485039 ]
  [-21.282097   -9.548436 ]
  [-21.109903   -9.716762 ]
  [-21.08591    -9.614949 ]
  [-20.913857   -9.6664715]
  [-20.989197   -9.946092 ]
  [-20.843596  -10.4157   ]
  [-21.700634   -9.519443 ]
  [-21.589943   -9.541751 ]
  [-20.90304    -9.593833 ]
  [-20.681158  -10.314647 ]
  [-21.537773   -9.549583 ]
  [-20.900826   -9.6966915]
  [-21.297178   -9.55031  ]
  [-20.912094  -10.354869 ]
  [-20.775015  -10.416068 ]
  [-21.766691   -9.487629 ]
  [-21.226519   -9.575864 ]
  [-21.0809     -9.698681 ]
  [-14.580318   -9.206857 ]
  [-21.512768   -9.553008 ]
  [-20.883842   -9.903997 ]
  [-21.20586    -9.611207 ]
  [-21.10205    -9.7146845]
  [-20.88288    -9.688964 ]
  [-20.177217   -2.0268707]
  [-21.117214   -9.589423 ]
  [-20.959229   -9.787534 ]
  [-20.935936   -9.746446 ]
  [-20.86617    -9.921138 ]
  [-21.148855   -9.658387 ]
  [-20.887905  -10.080947 ]
  [-21.102858   -9.5768385]
  [-20.898766  -10.23281  ]
  [-20.889118   -9.782907 ]
  [-21.5326     -9.518608 ]
  [-21.016792   -9.603955 ]
  [-20.8895    -10.108542 ]
  [-21.4229     -9.546517 ]
  [-21.415455   -9.547275 ]
  [-21.731932   -9.51291  ]
  [-21.206734   -9.577645 ]
  [-20.982862   -9.757352 ]]

 [[-20.565908  -15.913922 ]
  [-20.452557  -15.90675  ]
  [-21.104586  -15.249893 ]
  [-20.826534  -15.27462  ]
  [-19.84422   -12.323662 ]
  [-21.312412  -15.296717 ]
  [-20.802425  -15.253473 ]
  [-20.381664  -15.311323 ]
  [-20.715313  -15.47962  ]
  [-20.16143   -16.201546 ]
  [-20.436804  -16.16883  ]
  [-20.29454   -12.025598 ]
  [-21.11279   -14.849476 ]
  [-20.467896  -16.049915 ]
  [-20.977924  -15.317192 ]
  [-20.801764  -11.704169 ]
  [-20.405235  -15.955492 ]
  [-20.749401  -15.355099 ]
  [-19.492746  -13.378569 ]
  [-20.974165  -15.445929 ]
  [-20.161358  -12.1193   ]
  [-21.32961   -15.211377 ]
  [-20.606394  -11.636225 ]
  [-21.065592  -15.0590315]
  [-19.731268  -12.590673 ]
  [-20.67399   -15.541365 ]
  [-19.90166   -12.364777 ]
  [-21.555977  -14.949091 ]
  [-20.520115  -15.768076 ]
  [-20.625496  -15.721664 ]
  [-21.123848  -15.369776 ]
  [-16.616772  -15.223125 ]
  [-21.605425  -14.763704 ]
  [-21.375462  -15.255899 ]
  [-20.888033  -15.448686 ]
  [-20.406834  -16.231537 ]
  [-20.97757   -15.24208  ]
  [-20.017212  -13.817053 ]
  [-21.41824   -14.846895 ]
  [-20.91211   -15.230206 ]
  [-20.605148  -15.786425 ]
  [-15.766188  -15.309507 ]
  [-20.966774  -15.051846 ]
  [-20.695625  -15.407568 ]
  [-19.896978  -14.129713 ]
  [-21.734844  -15.046656 ]
  [-15.434444  -16.162258 ]
  [-20.623913  -15.231109 ]
  [-20.041489  -13.843213 ]
  [-21.166935  -15.138083 ]
  [-15.350201  -15.453426 ]
  [-20.5757    -15.881893 ]
  [-20.256062  -13.635991 ]
  [-21.882568  -15.0090275]]

 [[-18.410349  -13.189519 ]
  [-18.466742  -13.155342 ]
  [-17.60664   -13.653912 ]
  [-17.383574  -13.872244 ]
  [-17.844093  -13.227636 ]
  [-17.223007   -8.447511 ]
  [-17.445866  -13.881423 ]
  [-17.725077  -13.406639 ]
  [-17.39354   -14.04664  ]
  [-17.396675  -13.790621 ]
  [-17.76113   -13.512997 ]
  [-17.335943  -14.175711 ]
  [-17.56199    -8.577544 ]
  [-17.142962  -14.831046 ]
  [-18.39757   -13.163382 ]
  [-18.539742  -13.188996 ]
  [-17.958529  -13.415344 ]
  [-18.336359  -13.190945 ]
  [-17.39463   -13.953397 ]
  [-17.893272  -13.364299 ]
  [-18.031199  -13.292944 ]
  [-17.521832  -13.561378 ]
  [-17.389814  -13.786682 ]
  [-17.297514  -14.114117 ]
  [-17.499079  -13.73603  ]
  [-17.574821  -13.730257 ]
  [-17.577715  -13.419677 ]
  [-17.955132  -13.279406 ]
  [-17.797995  -13.481984 ]
  [-17.187983  -14.37277  ]
  [-18.3163    -13.14692  ]
  [-17.359703  -14.03602  ]
  [ -6.9433713 -14.161358 ]
  [-17.693743  -13.51413  ]
  [-17.376934  -14.037685 ]
  [-18.112549  -13.146437 ]
  [-17.371452  -13.972538 ]
  [-17.343407  -14.033233 ]
  [-17.116835   -9.582316 ]
  [-18.531416  -13.128775 ]
  [-18.087214  -13.330545 ]
  [-17.649115  -13.656154 ]
  [-17.315302  -14.120028 ]
  [-17.419365  -13.973142 ]
  [-18.17396   -13.210565 ]
  [-18.402882  -13.132254 ]
  [-17.504694  -13.703018 ]
  [-17.159163  -14.595574 ]
  [-18.732569  -13.062134 ]
  [-17.914455  -13.423809 ]
  [-17.580345  -13.643129 ]
  [-17.053705  -14.628697 ]
  [-17.920732  -13.263223 ]
  [-17.403502  -13.819649 ]]]

u
[[[  2.8181007    2.3786488 ]
  [  2.2720277    0.04316993]]

 [[-15.745019    -9.790312  ]
  [ -8.699047    -0.0441153 ]]]

z
[[ 6.703272    0.09808327]
 [-5.703272    0.90191674]]

====================
Layer 0 decoder
x_bernoulli
[[-3.8146973e-06 -1.1737473e+00]
 [-1.2406548e+01 -3.6991376e-01]]

y_bernoulli
[[ 0.0000000e+00 -4.7348976e+00]
 [-1.6328773e+01 -8.8221431e-03]]

x_categorical
[[-12.406548    -0.36991376]]

y_categorical
[[-1.6328773e+01 -8.8221543e-03]]

v
[[-16.587261    -1.2417285 ]
 [-17.808142    -0.35334873]]

rho_categorical
[[-15.035753    -6.7698274 ]
 [-15.373598    -2.8754625 ]
 [-15.797635    -0.47096676]
 [-13.217096    -5.4424043 ]
 [-14.206247    -6.4441047 ]
 [-13.864231    -5.829777  ]]

t_categorical
[[[-18.554794   -9.26421  ]
  [-19.714201  -12.200281 ]
  [-19.528893  -13.450279 ]
  [-19.995352  -12.324667 ]
  [-19.78911   -12.29612  ]
  [-19.42432   -13.568701 ]
  [-19.42118   -13.47316  ]
  [-18.212421   -9.962417 ]
  [-19.876564  -12.03888  ]
  [-19.960178  -12.914112 ]
  [-19.508476  -12.4310055]
  [-19.793533  -12.991638 ]
  [-19.72237   -12.983089 ]
  [-18.51082    -9.073936 ]
  [-19.775639  -12.391525 ]
  [-20.636864  -11.566744 ]
  [-19.056192   -8.214105 ]
  [-19.345264  -13.979418 ]
  [-21.101032  -12.5434265]
  [-18.186405   -9.999775 ]
  [-19.590076  -13.141045 ]
  [-18.338808   -9.565685 ]
  [-19.525791  -12.799669 ]
  [-19.274046   -8.77789  ]
  [-19.29903   -12.680706 ]
  [-18.717402   -9.032288 ]
  [-19.65161   -13.465055 ]
  [-18.39493   -12.895243 ]
  [-19.310843  -13.782818 ]
  [-19.319977  -13.343918 ]
  [-19.504026  -13.425528 ]
  [-19.792057  -12.115664 ]
  [-19.744263  -12.001343 ]
  [-17.6419    -10.768441 ]
  [-19.381027  -13.726521 ]
  [-19.907469  -12.283279 ]
  [-19.506994  -13.2073555]
  [-19.78587   -12.942274 ]
  [-20.551586  -12.178013 ]
  [-18.561958  -12.836195 ]
  [-19.409063  -13.592106 ]
  [-20.415903  -12.49378  ]
  [-18.233675  -10.316153 ]
  [-19.661133  -12.687752 ]
  [-19.26305   -14.135738 ]
  [-18.876926  -12.279516 ]
  [-19.945274  -12.481207 ]
  [-17.81362   -10.851669 ]
  [-19.238796  -12.921652 ]
  [-18.285358  -13.361841 ]
  [-20.884977  -12.5436535]
  [-17.499308  -10.344343 ]
  [-19.218597  -13.739197 ]
  [-19.522503  -13.436968 ]]

 [[-19.186369  -10.404194 ]
  [-18.611343   -3.6050196]
  [-19.188454  -10.478958 ]
  [-20.244009  -10.200068 ]
  [-19.468876  -10.776885 ]
  [-19.727617  -10.296829 ]
  [-19.035397  -11.510746 ]
  [-19.299013  -10.021433 ]
  [-18.462471   -3.7363484]
  [-19.901958  -10.316278 ]
  [-19.720905  -10.196269 ]
  [-19.292677  -10.236307 ]
  [-19.40117   -10.371645 ]
  [-19.07882   -11.21893  ]
  [-19.003122  -11.237214 ]
  [-19.320278  -10.119676 ]
  [-18.9896    -11.37434  ]
  [-19.596466   -9.738993 ]
  [-19.697113  -10.401531 ]
  [-19.923038  -10.327524 ]
  [-20.126423   -9.737723 ]
  [-19.50851   -10.128243 ]
  [-19.039335  -11.108581 ]
  [-19.298897  -10.3907385]
  [-19.523445  -10.196882 ]
  [-19.472515   -9.807725 ]
  [-19.06762   -10.341275 ]
  [-19.437597   -9.703888 ]
  [-18.738401   -8.375915 ]
  [-19.10562   -11.206737 ]
  [-19.535019  -10.015045 ]
  [-20.043642  -10.4297085]
  [-19.301846   -9.805818 ]
  [-19.132538  -10.800011 ]
  [-19.67475    -5.69119  ]
  [-19.460348  -10.489247 ]
  [-19.471687   -9.9094715]
  [-19.472193  -10.293331 ]
  [-20.70023    -9.739189 ]
  [-19.333988  -10.658409 ]
  [-19.668945   -9.758834 ]
  [-19.433975  -10.423323 ]
  [-18.98615   -11.51216  ]
  [-19.130058  -10.621975 ]
  [-20.213123  -10.085057 ]
  [-19.125664  -11.128129 ]
  [-19.792912   -9.80558  ]
  [-20.026514  -10.053646 ]
  [-19.354895  -10.384765 ]
  [-19.9733     -9.817715 ]
  [-19.8274     -9.770988 ]
  [-19.073895  -11.061879 ]
  [-19.168638  -10.471615 ]
  [-19.863049   -9.669848 ]]

 [[-20.053911   -9.259298 ]
  [-20.451157   -9.162839 ]
  [-18.999369   -1.778192 ]
  [-19.981152   -9.21573  ]
  [-21.107016   -9.344678 ]
  [-20.109024   -9.325313 ]
  [-19.508137   -9.638539 ]
  [-19.583344   -9.530696 ]
  [-19.89837    -9.331988 ]
  [-19.20238    -1.9513566]
  [-19.814487   -9.448737 ]
  [-20.611282   -9.343498 ]
  [-19.907772   -9.19379  ]
  [-20.520172   -9.291696 ]
  [-19.536171   -1.8366947]
  [-20.120667   -9.28622  ]
  [-20.187302   -9.226224 ]
  [-19.243702   -1.9217484]
  [-19.855642   -9.416862 ]
  [-19.465431   -9.537192 ]
  [-20.397272   -9.347731 ]
  [-20.027184   -9.288214 ]
  [-20.822681   -9.166857 ]
  [-21.036612   -9.074004 ]
  [-19.66046    -9.441936 ]
  [-19.66669    -9.726336 ]
  [-20.178501   -9.2994585]
  [-19.942432   -9.497061 ]
  [-20.138208   -9.129314 ]
  [-18.58691    -8.546419 ]
  [-20.022152   -9.38446  ]
  [-21.153316   -9.190048 ]
  [-19.604185   -9.490867 ]
  [-19.999626   -9.261786 ]
  [-20.018574   -9.276503 ]
  [-18.888443   -6.1419916]
  [-20.389229   -9.279632 ]
  [-20.481892   -9.179997 ]
  [-20.074799   -9.381316 ]
  [-19.707924   -9.51449  ]
  [-19.36119    -7.991155 ]
  [-19.992573   -9.3700285]
  [-20.966705   -9.120958 ]
  [-18.420292   -6.980181 ]
  [-20.251106   -9.448849 ]
  [-19.695946   -9.387466 ]
  [-19.610025   -9.402613 ]
  [-20.476822   -9.205965 ]
  [-19.909119   -9.551777 ]
  [-19.795086   -9.505859 ]
  [-19.501251   -9.881829 ]
  [-21.224636   -9.199848 ]
  [-20.673939   -9.1234045]
  [-19.62014    -9.261563 ]]

 [[-17.560715  -11.694132 ]
  [-17.117931  -10.4202385]
  [-17.575872  -11.840624 ]
  [-16.10454    -6.4988937]
  [-17.747475  -11.833704 ]
  [-17.032988  -10.825529 ]
  [-17.584545  -11.710194 ]
  [-18.247267  -11.672794 ]
  [-18.524063  -11.221624 ]
  [-17.415731  -11.42938  ]
  [-16.060383   -6.617136 ]
  [-17.92646   -12.018356 ]
  [-17.242544  -12.047409 ]
  [-17.818514  -11.062145 ]
  [-17.461079  -11.32914  ]
  [-17.282585  -11.055017 ]
  [-18.74366   -10.256975 ]
  [-17.657248   -9.687038 ]
  [-17.439472  -12.157902 ]
  [-18.295666  -11.464741 ]
  [-17.038925  -11.63884  ]
  [-17.355814   -9.9501705]
  [-18.819548  -11.307888 ]
  [-17.117704  -11.441944 ]
  [-17.358063  -11.823219 ]
  [-18.417988   -9.680725 ]
  [-17.480959   -9.802187 ]
  [-17.516327  -12.1367855]
  [-17.328003  -11.761499 ]
  [-18.602695  -10.721968 ]
  [-15.778947  -10.909513 ]
  [-18.040947  -11.495131 ]
  [-17.263947  -10.473143 ]
  [-17.808167  -11.217541 ]
  [-18.492039  -10.80443  ]
  [-17.057167  -11.616758 ]
  [-15.068226   -7.4927645]
  [-17.534836  -11.176916 ]
  [-17.718014  -10.868721 ]
  [-17.310087  -11.176655 ]
  [-17.403725  -10.486933 ]
  [-17.815731  -11.159058 ]
  [-18.154615  -10.152845 ]
  [-17.121542  -12.007675 ]
  [-17.744001   -9.923388 ]
  [-17.186415  -10.6249695]
  [-17.543106  -11.859306 ]
  [-17.164417  -11.662237 ]
  [-17.57646   -10.2097   ]
  [-17.438244  -11.884941 ]
  [-17.459352  -11.865751 ]
  [-17.6311    -11.910242 ]
  [-17.540785  -11.449675 ]
  [-17.676897  -10.982353 ]]

 [[-20.06268   -12.320343 ]
  [-18.882505  -12.355545 ]
  [-19.546082  -12.502449 ]
  [-19.717743  -12.066387 ]
  [-17.127535   -9.774279 ]
  [-19.793282  -12.656931 ]
  [-19.542435  -12.045166 ]
  [-19.500607  -11.695483 ]
  [-19.933685  -12.143728 ]
  [-18.366812  -12.903326 ]
  [-18.662395  -13.102167 ]
  [-17.162125  -10.043083 ]
  [-18.709652  -12.133915 ]
  [-19.21674   -12.703573 ]
  [-19.94982   -12.287767 ]
  [-17.423876   -8.985258 ]
  [-19.490046  -11.561469 ]
  [-18.463406  -13.086929 ]
  [-17.68421    -8.70737  ]
  [-19.203363  -12.771381 ]
  [-18.021341   -8.407968 ]
  [-18.870136  -12.992954 ]
  [-18.90626    -8.0057125]
  [-18.586754  -12.754513 ]
  [-18.17695    -8.336207 ]
  [-18.304785  -13.847845 ]
  [-17.858686   -8.600518 ]
  [-18.65616   -12.853485 ]
  [-18.667961  -12.774961 ]
  [-19.0476    -12.696688 ]
  [-18.93842   -13.071756 ]
  [-17.297588  -12.955996 ]
  [-18.422276  -12.944099 ]
  [-18.808996  -13.209656 ]
  [-18.624538  -13.176853 ]
  [-18.893818  -12.865552 ]
  [-18.590572  -12.957878 ]
  [-17.703878  -10.97973  ]
  [-19.009571  -12.227316 ]
  [-18.358139  -13.502895 ]
  [-18.618813  -13.08317  ]
  [-17.757193  -11.935441 ]
  [-19.38874   -11.961287 ]
  [-18.711582  -12.585436 ]
  [-17.096355  -10.633665 ]
  [-19.023548  -12.834643 ]
  [-17.505281  -12.157087 ]
  [-19.124168  -11.809684 ]
  [-17.07764   -11.24088  ]
  [-19.70625   -12.273851 ]
  [-17.443192  -12.103064 ]
  [-18.291798  -13.906139 ]
  [-16.40575   -11.9328375]
  [-19.391195  -12.581152 ]]

 [[-18.485514   -9.934504 ]
  [-17.91251   -10.406512 ]
  [-18.752132   -9.634498 ]
  [-18.023874  -10.587387 ]
  [-18.139679  -10.334053 ]
  [-16.625666   -7.613354 ]
  [-18.679823  -10.014552 ]
  [-17.685167  -10.765568 ]
  [-18.741398   -9.746982 ]
  [-17.75688   -10.844905 ]
  [-18.064373  -10.67295  ]
  [-18.50166   -10.140683 ]
  [-16.750366   -7.3898706]
  [-18.297504  -10.32827  ]
  [-18.068342  -10.099609 ]
  [-18.521395  -10.335    ]
  [-18.80613   -10.372272 ]
  [-18.981419   -9.9019985]
  [-18.113071  -10.150653 ]
  [-18.68637   -10.025448 ]
  [-17.710726  -10.764179 ]
  [-17.639622  -10.660943 ]
  [-17.382727  -11.791248 ]
  [-18.411484  -10.427456 ]
  [-17.944315  -10.716337 ]
  [-19.031385   -9.803603 ]
  [-17.521519  -11.1081915]
  [-17.619036  -10.849132 ]
  [-18.535751  -10.156062 ]
  [-18.22538   -10.437857 ]
  [-17.96051   -10.618736 ]
  [-18.210556  -10.03708  ]
  [-16.637074   -9.841359 ]
  [-18.304226  -10.474588 ]
  [-18.960093  -10.027257 ]
  [-17.525145  -10.979934 ]
  [-17.81584   -10.59145  ]
  [-18.2839    -10.350042 ]
  [-16.076393   -9.207992 ]
  [-18.017445  -10.146508 ]
  [-18.755316  -10.116356 ]
  [-19.18703    -9.995115 ]
  [-19.077393  -10.32263  ]
  [-19.092651   -9.867127 ]
  [-17.754614  -10.583465 ]
  [-18.054596  -10.586852 ]
  [-17.89592    -9.982075 ]
  [-17.807205  -10.667105 ]
  [-18.411434   -9.807577 ]
  [-18.430202  -10.04697  ]
  [-18.027624  -10.493383 ]
  [-17.948765  -10.671999 ]
  [-17.851168  -10.684241 ]
  [-17.60452   -11.044348 ]]]

u
[[[  2.8671749    0.8072472 ]
  [  2.93429      0.30258206]]

 [[-16.587261    -1.2417285 ]
  [-17.808142    -0.35334873]]]

z
[[ 2.314519    0.88786346]
 [-1.3145189   0.11213654]]

--------------------------
