===================== Inference Activations ======================
--------------------------
Inference example 0
input t
[[[[ 0  0]
   [-9 -9]
   [-9 -9]
   [-9 -9]
   [-9 -9]
   [-9 -9]
   [-9 -9]
   [-9 -9]
   [-9 -9]
   [-9 -9]
   [-9 -9]
   [-9 -9]
   [-9 -9]
   [-9 -9]
   [-9 -9]
   [-9 -9]
   [-9 -9]
   [-9 -9]
   [-9 -9]
   [-9 -9]
   [-9 -9]
   [-9 -9]
   [-9 -9]
   [-9 -9]
   [-9 -9]
   [-9 -9]
   [-9 -9]
   [-9 -9]
   [-9 -9]
   [-9 -9]
   [-9 -9]
   [-9 -9]
   [-9 -9]
   [-9 -9]
   [-9 -9]
   [-9 -9]
   [-9 -9]
   [-9 -9]
   [-9 -9]
   [-9 -9]
   [-9 -9]
   [-9 -9]
   [-9 -9]
   [-9 -9]
   [-9 -9]
   [-9 -9]
   [-9 -9]
   [-9 -9]
   [-9 -9]
   [-9 -9]
   [-9 -9]
   [-9 -9]
   [-9 -9]
   [-9 -9]]

  [[-9 -9]
   [ 0  0]
   [-9 -9]
   [-9 -9]
   [-9 -9]
   [-9 -9]
   [-9 -9]
   [-9 -9]
   [-9 -9]
   [-9 -9]
   [-9 -9]
   [-9 -9]
   [-9 -9]
   [-9 -9]
   [-9 -9]
   [-9 -9]
   [-9 -9]
   [-9 -9]
   [-9 -9]
   [-9 -9]
   [-9 -9]
   [-9 -9]
   [-9 -9]
   [-9 -9]
   [-9 -9]
   [-9 -9]
   [-9 -9]
   [-9 -9]
   [-9 -9]
   [-9 -9]
   [-9 -9]
   [-9 -9]
   [-9 -9]
   [-9 -9]
   [-9 -9]
   [-9 -9]
   [-9 -9]
   [-9 -9]
   [-9 -9]
   [-9 -9]
   [-9 -9]
   [-9 -9]
   [-9 -9]
   [-9 -9]
   [-9 -9]
   [-9 -9]
   [-9 -9]
   [-9 -9]
   [-9 -9]
   [-9 -9]
   [-9 -9]
   [-9 -9]
   [-9 -9]
   [-9 -9]]

  [[-9 -9]
   [-9 -9]
   [-9 -9]
   [-9 -9]
   [-9 -9]
   [-9 -9]
   [-9 -9]
   [-9 -9]
   [-9 -9]
   [-9 -9]
   [-9 -9]
   [-9 -9]
   [-9 -9]
   [-9 -9]
   [-9 -9]
   [-9 -9]
   [-9 -9]
   [-9 -9]
   [-9 -9]
   [-9 -9]
   [-9 -9]
   [-9 -9]
   [-9 -9]
   [-9 -9]
   [-9 -9]
   [-9 -9]
   [-9 -9]
   [-9 -9]
   [-9 -9]
   [-9 -9]
   [-9 -9]
   [-9 -9]
   [-9 -9]
   [-9 -9]
   [-9 -9]
   [-9 -9]
   [-9 -9]
   [-9 -9]
   [-9 -9]
   [-9 -9]
   [-9 -9]
   [-9 -9]
   [-9 -9]
   [-9 -9]
   [-9 -9]
   [-9 -9]
   [-9 -9]
   [-9 -9]
   [-9 -9]
   [-9 -9]
   [-9 -9]
   [-9 -9]
   [-9 -9]
   [ 0  0]]

  [[-9 -9]
   [-9 -9]
   [-9 -9]
   [-9 -9]
   [-9 -9]
   [-9 -9]
   [-9 -9]
   [-9 -9]
   [-9 -9]
   [-9 -9]
   [-9 -9]
   [-9 -9]
   [-9 -9]
   [-9 -9]
   [-9 -9]
   [-9 -9]
   [-9 -9]
   [-9 -9]
   [-9 -9]
   [-9 -9]
   [-9 -9]
   [-9 -9]
   [-9 -9]
   [-9 -9]
   [-9 -9]
   [-9 -9]
   [-9 -9]
   [-9 -9]
   [-9 -9]
   [-9 -9]
   [-9 -9]
   [-9 -9]
   [-9 -9]
   [-9 -9]
   [-9 -9]
   [-9 -9]
   [-9 -9]
   [-9 -9]
   [-9 -9]
   [-9 -9]
   [-9 -9]
   [-9 -9]
   [-9 -9]
   [-9 -9]
   [-9 -9]
   [-9 -9]
   [-9 -9]
   [-9 -9]
   [-9 -9]
   [-9 -9]
   [-9 -9]
   [-9 -9]
   [-9 -9]
   [ 0  0]]

  [[-9 -9]
   [-9 -9]
   [-9 -9]
   [-9 -9]
   [-9 -9]
   [-9 -9]
   [-9 -9]
   [-9 -9]
   [-9 -9]
   [-9 -9]
   [-9 -9]
   [-9 -9]
   [-9 -9]
   [-9 -9]
   [-9 -9]
   [-9 -9]
   [-9 -9]
   [-9 -9]
   [-9 -9]
   [-9 -9]
   [-9 -9]
   [-9 -9]
   [-9 -9]
   [-9 -9]
   [-9 -9]
   [-9 -9]
   [-9 -9]
   [-9 -9]
   [-9 -9]
   [-9 -9]
   [-9 -9]
   [-9 -9]
   [-9 -9]
   [-9 -9]
   [-9 -9]
   [-9 -9]
   [-9 -9]
   [-9 -9]
   [-9 -9]
   [-9 -9]
   [-9 -9]
   [-9 -9]
   [-9 -9]
   [-9 -9]
   [-9 -9]
   [-9 -9]
   [-9 -9]
   [-9 -9]
   [-9 -9]
   [-9 -9]
   [-9 -9]
   [-9 -9]
   [-9 -9]
   [ 0  0]]

  [[-9 -9]
   [-9 -9]
   [-9 -9]
   [-9 -9]
   [-9 -9]
   [-9 -9]
   [-9 -9]
   [-9 -9]
   [-9 -9]
   [-9 -9]
   [-9 -9]
   [-9 -9]
   [-9 -9]
   [-9 -9]
   [-9 -9]
   [-9 -9]
   [-9 -9]
   [-9 -9]
   [-9 -9]
   [-9 -9]
   [-9 -9]
   [-9 -9]
   [-9 -9]
   [-9 -9]
   [-9 -9]
   [-9 -9]
   [-9 -9]
   [-9 -9]
   [-9 -9]
   [-9 -9]
   [-9 -9]
   [-9 -9]
   [-9 -9]
   [-9 -9]
   [-9 -9]
   [-9 -9]
   [-9 -9]
   [-9 -9]
   [-9 -9]
   [-9 -9]
   [-9 -9]
   [-9 -9]
   [-9 -9]
   [-9 -9]
   [-9 -9]
   [-9 -9]
   [-9 -9]
   [-9 -9]
   [-9 -9]
   [-9 -9]
   [-9 -9]
   [-9 -9]
   [-9 -9]
   [ 0  0]]]


 [[[ 0  0]
   [-9 -9]
   [-9 -9]
   [-9 -9]
   [-9 -9]
   [-9 -9]
   [-9 -9]
   [-9 -9]
   [-9 -9]
   [-9 -9]
   [-9 -9]
   [-9 -9]
   [-9 -9]
   [-9 -9]
   [-9 -9]
   [-9 -9]
   [-9 -9]
   [-9 -9]
   [-9 -9]
   [-9 -9]
   [-9 -9]
   [-9 -9]
   [-9 -9]
   [-9 -9]
   [-9 -9]
   [-9 -9]
   [-9 -9]
   [-9 -9]
   [-9 -9]
   [-9 -9]
   [-9 -9]
   [-9 -9]
   [-9 -9]
   [-9 -9]
   [-9 -9]
   [-9 -9]
   [-9 -9]
   [-9 -9]
   [-9 -9]
   [-9 -9]
   [-9 -9]
   [-9 -9]
   [-9 -9]
   [-9 -9]
   [-9 -9]
   [-9 -9]
   [-9 -9]
   [-9 -9]
   [-9 -9]
   [-9 -9]
   [-9 -9]
   [-9 -9]
   [-9 -9]
   [-9 -9]]

  [[-9 -9]
   [ 0  0]
   [-9 -9]
   [-9 -9]
   [-9 -9]
   [-9 -9]
   [-9 -9]
   [-9 -9]
   [-9 -9]
   [-9 -9]
   [-9 -9]
   [-9 -9]
   [-9 -9]
   [-9 -9]
   [-9 -9]
   [-9 -9]
   [-9 -9]
   [-9 -9]
   [-9 -9]
   [-9 -9]
   [-9 -9]
   [-9 -9]
   [-9 -9]
   [-9 -9]
   [-9 -9]
   [-9 -9]
   [-9 -9]
   [-9 -9]
   [-9 -9]
   [-9 -9]
   [-9 -9]
   [-9 -9]
   [-9 -9]
   [-9 -9]
   [-9 -9]
   [-9 -9]
   [-9 -9]
   [-9 -9]
   [-9 -9]
   [-9 -9]
   [-9 -9]
   [-9 -9]
   [-9 -9]
   [-9 -9]
   [-9 -9]
   [-9 -9]
   [-9 -9]
   [-9 -9]
   [-9 -9]
   [-9 -9]
   [-9 -9]
   [-9 -9]
   [-9 -9]
   [-9 -9]]

  [[-9 -9]
   [-9 -9]
   [-9 -9]
   [-9 -9]
   [-9 -9]
   [-9 -9]
   [-9 -9]
   [-9 -9]
   [-9 -9]
   [-9 -9]
   [-9 -9]
   [-9 -9]
   [-9 -9]
   [-9 -9]
   [-9 -9]
   [-9 -9]
   [-9 -9]
   [-9 -9]
   [-9 -9]
   [-9 -9]
   [-9 -9]
   [-9 -9]
   [-9 -9]
   [-9 -9]
   [-9 -9]
   [-9 -9]
   [-9 -9]
   [-9 -9]
   [-9 -9]
   [-9 -9]
   [-9 -9]
   [-9 -9]
   [-9 -9]
   [-9 -9]
   [-9 -9]
   [-9 -9]
   [-9 -9]
   [-9 -9]
   [-9 -9]
   [-9 -9]
   [-9 -9]
   [-9 -9]
   [-9 -9]
   [-9 -9]
   [-9 -9]
   [-9 -9]
   [-9 -9]
   [-9 -9]
   [-9 -9]
   [-9 -9]
   [-9 -9]
   [-9 -9]
   [-9 -9]
   [ 0  0]]

  [[-9 -9]
   [-9 -9]
   [-9 -9]
   [-9 -9]
   [-9 -9]
   [-9 -9]
   [-9 -9]
   [-9 -9]
   [-9 -9]
   [-9 -9]
   [-9 -9]
   [-9 -9]
   [-9 -9]
   [-9 -9]
   [-9 -9]
   [-9 -9]
   [-9 -9]
   [-9 -9]
   [-9 -9]
   [-9 -9]
   [-9 -9]
   [-9 -9]
   [-9 -9]
   [-9 -9]
   [-9 -9]
   [-9 -9]
   [-9 -9]
   [-9 -9]
   [-9 -9]
   [-9 -9]
   [-9 -9]
   [-9 -9]
   [-9 -9]
   [-9 -9]
   [-9 -9]
   [-9 -9]
   [-9 -9]
   [-9 -9]
   [-9 -9]
   [-9 -9]
   [-9 -9]
   [-9 -9]
   [-9 -9]
   [-9 -9]
   [-9 -9]
   [-9 -9]
   [-9 -9]
   [-9 -9]
   [-9 -9]
   [-9 -9]
   [-9 -9]
   [-9 -9]
   [-9 -9]
   [ 0  0]]

  [[-9 -9]
   [-9 -9]
   [-9 -9]
   [-9 -9]
   [-9 -9]
   [-9 -9]
   [-9 -9]
   [-9 -9]
   [-9 -9]
   [-9 -9]
   [-9 -9]
   [-9 -9]
   [-9 -9]
   [-9 -9]
   [-9 -9]
   [-9 -9]
   [-9 -9]
   [-9 -9]
   [-9 -9]
   [-9 -9]
   [-9 -9]
   [-9 -9]
   [-9 -9]
   [-9 -9]
   [-9 -9]
   [-9 -9]
   [-9 -9]
   [-9 -9]
   [-9 -9]
   [-9 -9]
   [-9 -9]
   [-9 -9]
   [-9 -9]
   [-9 -9]
   [-9 -9]
   [-9 -9]
   [-9 -9]
   [-9 -9]
   [-9 -9]
   [-9 -9]
   [-9 -9]
   [-9 -9]
   [-9 -9]
   [-9 -9]
   [-9 -9]
   [-9 -9]
   [-9 -9]
   [-9 -9]
   [-9 -9]
   [-9 -9]
   [-9 -9]
   [-9 -9]
   [-9 -9]
   [ 0  0]]

  [[-9 -9]
   [-9 -9]
   [-9 -9]
   [-9 -9]
   [-9 -9]
   [-9 -9]
   [-9 -9]
   [-9 -9]
   [-9 -9]
   [-9 -9]
   [-9 -9]
   [-9 -9]
   [-9 -9]
   [-9 -9]
   [-9 -9]
   [-9 -9]
   [-9 -9]
   [-9 -9]
   [-9 -9]
   [-9 -9]
   [-9 -9]
   [-9 -9]
   [-9 -9]
   [-9 -9]
   [-9 -9]
   [-9 -9]
   [-9 -9]
   [-9 -9]
   [-9 -9]
   [-9 -9]
   [-9 -9]
   [-9 -9]
   [-9 -9]
   [-9 -9]
   [-9 -9]
   [-9 -9]
   [-9 -9]
   [-9 -9]
   [-9 -9]
   [-9 -9]
   [-9 -9]
   [-9 -9]
   [-9 -9]
   [-9 -9]
   [-9 -9]
   [-9 -9]
   [-9 -9]
   [-9 -9]
   [-9 -9]
   [-9 -9]
   [-9 -9]
   [-9 -9]
   [-9 -9]
   [ 0  0]]]


 [[[ 0  0]
   [-9 -9]
   [-9 -9]
   [-9 -9]
   [-9 -9]
   [-9 -9]
   [-9 -9]
   [-9 -9]
   [-9 -9]
   [-9 -9]
   [-9 -9]
   [-9 -9]
   [-9 -9]
   [-9 -9]
   [-9 -9]
   [-9 -9]
   [-9 -9]
   [-9 -9]
   [-9 -9]
   [-9 -9]
   [-9 -9]
   [-9 -9]
   [-9 -9]
   [-9 -9]
   [-9 -9]
   [-9 -9]
   [-9 -9]
   [-9 -9]
   [-9 -9]
   [-9 -9]
   [-9 -9]
   [-9 -9]
   [-9 -9]
   [-9 -9]
   [-9 -9]
   [-9 -9]
   [-9 -9]
   [-9 -9]
   [-9 -9]
   [-9 -9]
   [-9 -9]
   [-9 -9]
   [-9 -9]
   [-9 -9]
   [-9 -9]
   [-9 -9]
   [-9 -9]
   [-9 -9]
   [-9 -9]
   [-9 -9]
   [-9 -9]
   [-9 -9]
   [-9 -9]
   [-9 -9]]

  [[-9 -9]
   [ 0  0]
   [-9 -9]
   [-9 -9]
   [-9 -9]
   [-9 -9]
   [-9 -9]
   [-9 -9]
   [-9 -9]
   [-9 -9]
   [-9 -9]
   [-9 -9]
   [-9 -9]
   [-9 -9]
   [-9 -9]
   [-9 -9]
   [-9 -9]
   [-9 -9]
   [-9 -9]
   [-9 -9]
   [-9 -9]
   [-9 -9]
   [-9 -9]
   [-9 -9]
   [-9 -9]
   [-9 -9]
   [-9 -9]
   [-9 -9]
   [-9 -9]
   [-9 -9]
   [-9 -9]
   [-9 -9]
   [-9 -9]
   [-9 -9]
   [-9 -9]
   [-9 -9]
   [-9 -9]
   [-9 -9]
   [-9 -9]
   [-9 -9]
   [-9 -9]
   [-9 -9]
   [-9 -9]
   [-9 -9]
   [-9 -9]
   [-9 -9]
   [-9 -9]
   [-9 -9]
   [-9 -9]
   [-9 -9]
   [-9 -9]
   [-9 -9]
   [-9 -9]
   [-9 -9]]

  [[-9 -9]
   [-9 -9]
   [-9 -9]
   [-9 -9]
   [-9 -9]
   [-9 -9]
   [-9 -9]
   [-9 -9]
   [-9 -9]
   [-9 -9]
   [-9 -9]
   [-9 -9]
   [-9 -9]
   [-9 -9]
   [-9 -9]
   [-9 -9]
   [-9 -9]
   [-9 -9]
   [-9 -9]
   [-9 -9]
   [-9 -9]
   [-9 -9]
   [-9 -9]
   [-9 -9]
   [-9 -9]
   [-9 -9]
   [-9 -9]
   [-9 -9]
   [-9 -9]
   [-9 -9]
   [-9 -9]
   [-9 -9]
   [-9 -9]
   [-9 -9]
   [-9 -9]
   [-9 -9]
   [-9 -9]
   [-9 -9]
   [-9 -9]
   [-9 -9]
   [-9 -9]
   [-9 -9]
   [-9 -9]
   [-9 -9]
   [-9 -9]
   [-9 -9]
   [-9 -9]
   [-9 -9]
   [-9 -9]
   [-9 -9]
   [-9 -9]
   [-9 -9]
   [-9 -9]
   [ 0  0]]

  [[-9 -9]
   [-9 -9]
   [-9 -9]
   [-9 -9]
   [-9 -9]
   [-9 -9]
   [-9 -9]
   [-9 -9]
   [-9 -9]
   [-9 -9]
   [-9 -9]
   [-9 -9]
   [-9 -9]
   [-9 -9]
   [-9 -9]
   [-9 -9]
   [-9 -9]
   [-9 -9]
   [-9 -9]
   [-9 -9]
   [-9 -9]
   [-9 -9]
   [-9 -9]
   [-9 -9]
   [-9 -9]
   [-9 -9]
   [-9 -9]
   [-9 -9]
   [-9 -9]
   [-9 -9]
   [-9 -9]
   [-9 -9]
   [-9 -9]
   [-9 -9]
   [-9 -9]
   [-9 -9]
   [-9 -9]
   [-9 -9]
   [-9 -9]
   [-9 -9]
   [-9 -9]
   [-9 -9]
   [-9 -9]
   [-9 -9]
   [-9 -9]
   [-9 -9]
   [-9 -9]
   [-9 -9]
   [-9 -9]
   [-9 -9]
   [-9 -9]
   [-9 -9]
   [-9 -9]
   [ 0  0]]

  [[-9 -9]
   [-9 -9]
   [-9 -9]
   [-9 -9]
   [-9 -9]
   [-9 -9]
   [-9 -9]
   [-9 -9]
   [-9 -9]
   [-9 -9]
   [-9 -9]
   [-9 -9]
   [-9 -9]
   [-9 -9]
   [-9 -9]
   [-9 -9]
   [-9 -9]
   [-9 -9]
   [-9 -9]
   [-9 -9]
   [-9 -9]
   [-9 -9]
   [-9 -9]
   [-9 -9]
   [-9 -9]
   [-9 -9]
   [-9 -9]
   [-9 -9]
   [-9 -9]
   [-9 -9]
   [-9 -9]
   [-9 -9]
   [-9 -9]
   [-9 -9]
   [-9 -9]
   [-9 -9]
   [-9 -9]
   [-9 -9]
   [-9 -9]
   [-9 -9]
   [-9 -9]
   [-9 -9]
   [-9 -9]
   [-9 -9]
   [-9 -9]
   [-9 -9]
   [-9 -9]
   [-9 -9]
   [-9 -9]
   [-9 -9]
   [-9 -9]
   [-9 -9]
   [-9 -9]
   [ 0  0]]

  [[-9 -9]
   [-9 -9]
   [-9 -9]
   [-9 -9]
   [-9 -9]
   [-9 -9]
   [-9 -9]
   [-9 -9]
   [-9 -9]
   [-9 -9]
   [-9 -9]
   [-9 -9]
   [-9 -9]
   [-9 -9]
   [-9 -9]
   [-9 -9]
   [-9 -9]
   [-9 -9]
   [-9 -9]
   [-9 -9]
   [-9 -9]
   [-9 -9]
   [-9 -9]
   [-9 -9]
   [-9 -9]
   [-9 -9]
   [-9 -9]
   [-9 -9]
   [-9 -9]
   [-9 -9]
   [-9 -9]
   [-9 -9]
   [-9 -9]
   [-9 -9]
   [-9 -9]
   [-9 -9]
   [-9 -9]
   [-9 -9]
   [-9 -9]
   [-9 -9]
   [-9 -9]
   [-9 -9]
   [-9 -9]
   [-9 -9]
   [-9 -9]
   [-9 -9]
   [-9 -9]
   [-9 -9]
   [-9 -9]
   [-9 -9]
   [-9 -9]
   [-9 -9]
   [-9 -9]
   [ 0  0]]]


 [[[ 0  0]
   [-9 -9]
   [-9 -9]
   [-9 -9]
   [-9 -9]
   [-9 -9]
   [-9 -9]
   [-9 -9]
   [-9 -9]
   [-9 -9]
   [-9 -9]
   [-9 -9]
   [-9 -9]
   [-9 -9]
   [-9 -9]
   [-9 -9]
   [-9 -9]
   [-9 -9]
   [-9 -9]
   [-9 -9]
   [-9 -9]
   [-9 -9]
   [-9 -9]
   [-9 -9]
   [-9 -9]
   [-9 -9]
   [-9 -9]
   [-9 -9]
   [-9 -9]
   [-9 -9]
   [-9 -9]
   [-9 -9]
   [-9 -9]
   [-9 -9]
   [-9 -9]
   [-9 -9]
   [-9 -9]
   [-9 -9]
   [-9 -9]
   [-9 -9]
   [-9 -9]
   [-9 -9]
   [-9 -9]
   [-9 -9]
   [-9 -9]
   [-9 -9]
   [-9 -9]
   [-9 -9]
   [-9 -9]
   [-9 -9]
   [-9 -9]
   [-9 -9]
   [-9 -9]
   [-9 -9]]

  [[-9 -9]
   [ 0  0]
   [-9 -9]
   [-9 -9]
   [-9 -9]
   [-9 -9]
   [-9 -9]
   [-9 -9]
   [-9 -9]
   [-9 -9]
   [-9 -9]
   [-9 -9]
   [-9 -9]
   [-9 -9]
   [-9 -9]
   [-9 -9]
   [-9 -9]
   [-9 -9]
   [-9 -9]
   [-9 -9]
   [-9 -9]
   [-9 -9]
   [-9 -9]
   [-9 -9]
   [-9 -9]
   [-9 -9]
   [-9 -9]
   [-9 -9]
   [-9 -9]
   [-9 -9]
   [-9 -9]
   [-9 -9]
   [-9 -9]
   [-9 -9]
   [-9 -9]
   [-9 -9]
   [-9 -9]
   [-9 -9]
   [-9 -9]
   [-9 -9]
   [-9 -9]
   [-9 -9]
   [-9 -9]
   [-9 -9]
   [-9 -9]
   [-9 -9]
   [-9 -9]
   [-9 -9]
   [-9 -9]
   [-9 -9]
   [-9 -9]
   [-9 -9]
   [-9 -9]
   [-9 -9]]

  [[-9 -9]
   [-9 -9]
   [-9 -9]
   [-9 -9]
   [-9 -9]
   [-9 -9]
   [-9 -9]
   [-9 -9]
   [-9 -9]
   [-9 -9]
   [-9 -9]
   [-9 -9]
   [-9 -9]
   [-9 -9]
   [-9 -9]
   [-9 -9]
   [-9 -9]
   [-9 -9]
   [-9 -9]
   [-9 -9]
   [-9 -9]
   [-9 -9]
   [-9 -9]
   [-9 -9]
   [-9 -9]
   [-9 -9]
   [-9 -9]
   [-9 -9]
   [-9 -9]
   [-9 -9]
   [-9 -9]
   [-9 -9]
   [-9 -9]
   [-9 -9]
   [-9 -9]
   [-9 -9]
   [-9 -9]
   [-9 -9]
   [-9 -9]
   [-9 -9]
   [-9 -9]
   [-9 -9]
   [-9 -9]
   [-9 -9]
   [-9 -9]
   [-9 -9]
   [-9 -9]
   [-9 -9]
   [-9 -9]
   [-9 -9]
   [-9 -9]
   [-9 -9]
   [-9 -9]
   [ 0  0]]

  [[-9 -9]
   [-9 -9]
   [-9 -9]
   [-9 -9]
   [-9 -9]
   [-9 -9]
   [-9 -9]
   [-9 -9]
   [-9 -9]
   [-9 -9]
   [-9 -9]
   [-9 -9]
   [-9 -9]
   [-9 -9]
   [-9 -9]
   [-9 -9]
   [-9 -9]
   [-9 -9]
   [-9 -9]
   [-9 -9]
   [-9 -9]
   [-9 -9]
   [-9 -9]
   [-9 -9]
   [-9 -9]
   [-9 -9]
   [-9 -9]
   [-9 -9]
   [-9 -9]
   [-9 -9]
   [-9 -9]
   [-9 -9]
   [-9 -9]
   [-9 -9]
   [-9 -9]
   [-9 -9]
   [-9 -9]
   [-9 -9]
   [-9 -9]
   [-9 -9]
   [-9 -9]
   [-9 -9]
   [-9 -9]
   [-9 -9]
   [-9 -9]
   [-9 -9]
   [-9 -9]
   [-9 -9]
   [-9 -9]
   [-9 -9]
   [-9 -9]
   [-9 -9]
   [-9 -9]
   [ 0  0]]

  [[-9 -9]
   [-9 -9]
   [-9 -9]
   [-9 -9]
   [-9 -9]
   [-9 -9]
   [-9 -9]
   [-9 -9]
   [-9 -9]
   [-9 -9]
   [-9 -9]
   [-9 -9]
   [-9 -9]
   [-9 -9]
   [-9 -9]
   [-9 -9]
   [-9 -9]
   [-9 -9]
   [-9 -9]
   [-9 -9]
   [-9 -9]
   [-9 -9]
   [-9 -9]
   [-9 -9]
   [-9 -9]
   [-9 -9]
   [-9 -9]
   [-9 -9]
   [-9 -9]
   [-9 -9]
   [-9 -9]
   [-9 -9]
   [-9 -9]
   [-9 -9]
   [-9 -9]
   [-9 -9]
   [-9 -9]
   [-9 -9]
   [-9 -9]
   [-9 -9]
   [-9 -9]
   [-9 -9]
   [-9 -9]
   [-9 -9]
   [-9 -9]
   [-9 -9]
   [-9 -9]
   [-9 -9]
   [-9 -9]
   [-9 -9]
   [-9 -9]
   [-9 -9]
   [-9 -9]
   [ 0  0]]

  [[-9 -9]
   [-9 -9]
   [-9 -9]
   [-9 -9]
   [-9 -9]
   [-9 -9]
   [-9 -9]
   [-9 -9]
   [-9 -9]
   [-9 -9]
   [-9 -9]
   [-9 -9]
   [-9 -9]
   [-9 -9]
   [-9 -9]
   [-9 -9]
   [-9 -9]
   [-9 -9]
   [-9 -9]
   [-9 -9]
   [-9 -9]
   [-9 -9]
   [-9 -9]
   [-9 -9]
   [-9 -9]
   [-9 -9]
   [-9 -9]
   [-9 -9]
   [-9 -9]
   [-9 -9]
   [-9 -9]
   [-9 -9]
   [-9 -9]
   [-9 -9]
   [-9 -9]
   [-9 -9]
   [-9 -9]
   [-9 -9]
   [-9 -9]
   [-9 -9]
   [-9 -9]
   [-9 -9]
   [-9 -9]
   [-9 -9]
   [-9 -9]
   [-9 -9]
   [-9 -9]
   [-9 -9]
   [-9 -9]
   [-9 -9]
   [-9 -9]
   [-9 -9]
   [-9 -9]
   [ 0  0]]]


 [[[ 0  0]
   [-9 -9]
   [-9 -9]
   [-9 -9]
   [-9 -9]
   [-9 -9]
   [-9 -9]
   [-9 -9]
   [-9 -9]
   [-9 -9]
   [-9 -9]
   [-9 -9]
   [-9 -9]
   [-9 -9]
   [-9 -9]
   [-9 -9]
   [-9 -9]
   [-9 -9]
   [-9 -9]
   [-9 -9]
   [-9 -9]
   [-9 -9]
   [-9 -9]
   [-9 -9]
   [-9 -9]
   [-9 -9]
   [-9 -9]
   [-9 -9]
   [-9 -9]
   [-9 -9]
   [-9 -9]
   [-9 -9]
   [-9 -9]
   [-9 -9]
   [-9 -9]
   [-9 -9]
   [-9 -9]
   [-9 -9]
   [-9 -9]
   [-9 -9]
   [-9 -9]
   [-9 -9]
   [-9 -9]
   [-9 -9]
   [-9 -9]
   [-9 -9]
   [-9 -9]
   [-9 -9]
   [-9 -9]
   [-9 -9]
   [-9 -9]
   [-9 -9]
   [-9 -9]
   [-9 -9]]

  [[-9 -9]
   [ 0  0]
   [-9 -9]
   [-9 -9]
   [-9 -9]
   [-9 -9]
   [-9 -9]
   [-9 -9]
   [-9 -9]
   [-9 -9]
   [-9 -9]
   [-9 -9]
   [-9 -9]
   [-9 -9]
   [-9 -9]
   [-9 -9]
   [-9 -9]
   [-9 -9]
   [-9 -9]
   [-9 -9]
   [-9 -9]
   [-9 -9]
   [-9 -9]
   [-9 -9]
   [-9 -9]
   [-9 -9]
   [-9 -9]
   [-9 -9]
   [-9 -9]
   [-9 -9]
   [-9 -9]
   [-9 -9]
   [-9 -9]
   [-9 -9]
   [-9 -9]
   [-9 -9]
   [-9 -9]
   [-9 -9]
   [-9 -9]
   [-9 -9]
   [-9 -9]
   [-9 -9]
   [-9 -9]
   [-9 -9]
   [-9 -9]
   [-9 -9]
   [-9 -9]
   [-9 -9]
   [-9 -9]
   [-9 -9]
   [-9 -9]
   [-9 -9]
   [-9 -9]
   [-9 -9]]

  [[-9 -9]
   [-9 -9]
   [-9 -9]
   [-9 -9]
   [-9 -9]
   [-9 -9]
   [-9 -9]
   [-9 -9]
   [-9 -9]
   [-9 -9]
   [-9 -9]
   [-9 -9]
   [-9 -9]
   [-9 -9]
   [-9 -9]
   [-9 -9]
   [-9 -9]
   [-9 -9]
   [-9 -9]
   [-9 -9]
   [-9 -9]
   [-9 -9]
   [-9 -9]
   [-9 -9]
   [-9 -9]
   [-9 -9]
   [-9 -9]
   [-9 -9]
   [-9 -9]
   [-9 -9]
   [-9 -9]
   [-9 -9]
   [-9 -9]
   [-9 -9]
   [-9 -9]
   [-9 -9]
   [-9 -9]
   [-9 -9]
   [-9 -9]
   [-9 -9]
   [-9 -9]
   [-9 -9]
   [-9 -9]
   [-9 -9]
   [-9 -9]
   [-9 -9]
   [-9 -9]
   [-9 -9]
   [-9 -9]
   [-9 -9]
   [-9 -9]
   [-9 -9]
   [-9 -9]
   [ 0  0]]

  [[-9 -9]
   [-9 -9]
   [-9 -9]
   [-9 -9]
   [-9 -9]
   [-9 -9]
   [-9 -9]
   [-9 -9]
   [-9 -9]
   [-9 -9]
   [-9 -9]
   [-9 -9]
   [-9 -9]
   [-9 -9]
   [-9 -9]
   [-9 -9]
   [-9 -9]
   [-9 -9]
   [-9 -9]
   [-9 -9]
   [-9 -9]
   [-9 -9]
   [-9 -9]
   [-9 -9]
   [-9 -9]
   [-9 -9]
   [-9 -9]
   [-9 -9]
   [-9 -9]
   [-9 -9]
   [-9 -9]
   [-9 -9]
   [-9 -9]
   [-9 -9]
   [-9 -9]
   [-9 -9]
   [-9 -9]
   [-9 -9]
   [-9 -9]
   [-9 -9]
   [-9 -9]
   [-9 -9]
   [-9 -9]
   [-9 -9]
   [-9 -9]
   [-9 -9]
   [-9 -9]
   [-9 -9]
   [-9 -9]
   [-9 -9]
   [-9 -9]
   [-9 -9]
   [-9 -9]
   [ 0  0]]

  [[-9 -9]
   [-9 -9]
   [-9 -9]
   [-9 -9]
   [-9 -9]
   [-9 -9]
   [-9 -9]
   [-9 -9]
   [-9 -9]
   [-9 -9]
   [-9 -9]
   [-9 -9]
   [-9 -9]
   [-9 -9]
   [-9 -9]
   [-9 -9]
   [-9 -9]
   [-9 -9]
   [-9 -9]
   [-9 -9]
   [-9 -9]
   [-9 -9]
   [-9 -9]
   [-9 -9]
   [-9 -9]
   [-9 -9]
   [-9 -9]
   [-9 -9]
   [-9 -9]
   [-9 -9]
   [-9 -9]
   [-9 -9]
   [-9 -9]
   [-9 -9]
   [-9 -9]
   [-9 -9]
   [-9 -9]
   [-9 -9]
   [-9 -9]
   [-9 -9]
   [-9 -9]
   [-9 -9]
   [-9 -9]
   [-9 -9]
   [-9 -9]
   [-9 -9]
   [-9 -9]
   [-9 -9]
   [-9 -9]
   [-9 -9]
   [-9 -9]
   [-9 -9]
   [-9 -9]
   [ 0  0]]

  [[-9 -9]
   [-9 -9]
   [-9 -9]
   [-9 -9]
   [-9 -9]
   [-9 -9]
   [-9 -9]
   [-9 -9]
   [-9 -9]
   [-9 -9]
   [-9 -9]
   [-9 -9]
   [-9 -9]
   [-9 -9]
   [-9 -9]
   [-9 -9]
   [-9 -9]
   [-9 -9]
   [-9 -9]
   [-9 -9]
   [-9 -9]
   [-9 -9]
   [-9 -9]
   [-9 -9]
   [-9 -9]
   [-9 -9]
   [-9 -9]
   [-9 -9]
   [-9 -9]
   [-9 -9]
   [-9 -9]
   [-9 -9]
   [-9 -9]
   [-9 -9]
   [-9 -9]
   [-9 -9]
   [-9 -9]
   [-9 -9]
   [-9 -9]
   [-9 -9]
   [-9 -9]
   [-9 -9]
   [-9 -9]
   [-9 -9]
   [-9 -9]
   [-9 -9]
   [-9 -9]
   [-9 -9]
   [-9 -9]
   [-9 -9]
   [-9 -9]
   [-9 -9]
   [-9 -9]
   [ 0  0]]]


 [[[ 0  0]
   [-9 -9]
   [-9 -9]
   [-9 -9]
   [-9 -9]
   [-9 -9]
   [-9 -9]
   [-9 -9]
   [-9 -9]
   [-9 -9]
   [-9 -9]
   [-9 -9]
   [-9 -9]
   [-9 -9]
   [-9 -9]
   [-9 -9]
   [-9 -9]
   [-9 -9]
   [-9 -9]
   [-9 -9]
   [-9 -9]
   [-9 -9]
   [-9 -9]
   [-9 -9]
   [-9 -9]
   [-9 -9]
   [-9 -9]
   [-9 -9]
   [-9 -9]
   [-9 -9]
   [-9 -9]
   [-9 -9]
   [-9 -9]
   [-9 -9]
   [-9 -9]
   [-9 -9]
   [-9 -9]
   [-9 -9]
   [-9 -9]
   [-9 -9]
   [-9 -9]
   [-9 -9]
   [-9 -9]
   [-9 -9]
   [-9 -9]
   [-9 -9]
   [-9 -9]
   [-9 -9]
   [-9 -9]
   [-9 -9]
   [-9 -9]
   [-9 -9]
   [-9 -9]
   [-9 -9]]

  [[-9 -9]
   [ 0  0]
   [-9 -9]
   [-9 -9]
   [-9 -9]
   [-9 -9]
   [-9 -9]
   [-9 -9]
   [-9 -9]
   [-9 -9]
   [-9 -9]
   [-9 -9]
   [-9 -9]
   [-9 -9]
   [-9 -9]
   [-9 -9]
   [-9 -9]
   [-9 -9]
   [-9 -9]
   [-9 -9]
   [-9 -9]
   [-9 -9]
   [-9 -9]
   [-9 -9]
   [-9 -9]
   [-9 -9]
   [-9 -9]
   [-9 -9]
   [-9 -9]
   [-9 -9]
   [-9 -9]
   [-9 -9]
   [-9 -9]
   [-9 -9]
   [-9 -9]
   [-9 -9]
   [-9 -9]
   [-9 -9]
   [-9 -9]
   [-9 -9]
   [-9 -9]
   [-9 -9]
   [-9 -9]
   [-9 -9]
   [-9 -9]
   [-9 -9]
   [-9 -9]
   [-9 -9]
   [-9 -9]
   [-9 -9]
   [-9 -9]
   [-9 -9]
   [-9 -9]
   [-9 -9]]

  [[-9 -9]
   [-9 -9]
   [-9 -9]
   [-9 -9]
   [-9 -9]
   [-9 -9]
   [-9 -9]
   [-9 -9]
   [-9 -9]
   [-9 -9]
   [-9 -9]
   [-9 -9]
   [-9 -9]
   [-9 -9]
   [-9 -9]
   [-9 -9]
   [-9 -9]
   [-9 -9]
   [-9 -9]
   [-9 -9]
   [-9 -9]
   [-9 -9]
   [-9 -9]
   [-9 -9]
   [-9 -9]
   [-9 -9]
   [-9 -9]
   [-9 -9]
   [-9 -9]
   [-9 -9]
   [-9 -9]
   [-9 -9]
   [-9 -9]
   [-9 -9]
   [-9 -9]
   [-9 -9]
   [-9 -9]
   [-9 -9]
   [-9 -9]
   [-9 -9]
   [-9 -9]
   [-9 -9]
   [-9 -9]
   [-9 -9]
   [-9 -9]
   [-9 -9]
   [-9 -9]
   [-9 -9]
   [-9 -9]
   [-9 -9]
   [-9 -9]
   [-9 -9]
   [-9 -9]
   [ 0  0]]

  [[-9 -9]
   [-9 -9]
   [-9 -9]
   [-9 -9]
   [-9 -9]
   [-9 -9]
   [-9 -9]
   [-9 -9]
   [-9 -9]
   [-9 -9]
   [-9 -9]
   [-9 -9]
   [-9 -9]
   [-9 -9]
   [-9 -9]
   [-9 -9]
   [-9 -9]
   [-9 -9]
   [-9 -9]
   [-9 -9]
   [-9 -9]
   [-9 -9]
   [-9 -9]
   [-9 -9]
   [-9 -9]
   [-9 -9]
   [-9 -9]
   [-9 -9]
   [-9 -9]
   [-9 -9]
   [-9 -9]
   [-9 -9]
   [-9 -9]
   [-9 -9]
   [-9 -9]
   [-9 -9]
   [-9 -9]
   [-9 -9]
   [-9 -9]
   [-9 -9]
   [-9 -9]
   [-9 -9]
   [-9 -9]
   [-9 -9]
   [-9 -9]
   [-9 -9]
   [-9 -9]
   [-9 -9]
   [-9 -9]
   [-9 -9]
   [-9 -9]
   [-9 -9]
   [-9 -9]
   [ 0  0]]

  [[-9 -9]
   [-9 -9]
   [-9 -9]
   [-9 -9]
   [-9 -9]
   [-9 -9]
   [-9 -9]
   [-9 -9]
   [-9 -9]
   [-9 -9]
   [-9 -9]
   [-9 -9]
   [-9 -9]
   [-9 -9]
   [-9 -9]
   [-9 -9]
   [-9 -9]
   [-9 -9]
   [-9 -9]
   [-9 -9]
   [-9 -9]
   [-9 -9]
   [-9 -9]
   [-9 -9]
   [-9 -9]
   [-9 -9]
   [-9 -9]
   [-9 -9]
   [-9 -9]
   [-9 -9]
   [-9 -9]
   [-9 -9]
   [-9 -9]
   [-9 -9]
   [-9 -9]
   [-9 -9]
   [-9 -9]
   [-9 -9]
   [-9 -9]
   [-9 -9]
   [-9 -9]
   [-9 -9]
   [-9 -9]
   [-9 -9]
   [-9 -9]
   [-9 -9]
   [-9 -9]
   [-9 -9]
   [-9 -9]
   [-9 -9]
   [-9 -9]
   [-9 -9]
   [-9 -9]
   [ 0  0]]

  [[-9 -9]
   [-9 -9]
   [-9 -9]
   [-9 -9]
   [-9 -9]
   [-9 -9]
   [-9 -9]
   [-9 -9]
   [-9 -9]
   [-9 -9]
   [-9 -9]
   [-9 -9]
   [-9 -9]
   [-9 -9]
   [-9 -9]
   [-9 -9]
   [-9 -9]
   [-9 -9]
   [-9 -9]
   [-9 -9]
   [-9 -9]
   [-9 -9]
   [-9 -9]
   [-9 -9]
   [-9 -9]
   [-9 -9]
   [-9 -9]
   [-9 -9]
   [-9 -9]
   [-9 -9]
   [-9 -9]
   [-9 -9]
   [-9 -9]
   [-9 -9]
   [-9 -9]
   [-9 -9]
   [-9 -9]
   [-9 -9]
   [-9 -9]
   [-9 -9]
   [-9 -9]
   [-9 -9]
   [-9 -9]
   [-9 -9]
   [-9 -9]
   [-9 -9]
   [-9 -9]
   [-9 -9]
   [-9 -9]
   [-9 -9]
   [-9 -9]
   [-9 -9]
   [-9 -9]
   [ 0  0]]]]
output t
[[-2.5725303 -6.6255584 -6.0982666 -6.1307054 -6.4815435 -5.9833565
  -6.0617666 -2.6483128 -6.483315  -6.076536  -6.6371803 -5.9591255
  -6.2213697 -2.546216  -6.3536415 -6.404537  -2.7927856 -6.0586014
  -6.0046206 -2.4539502 -6.258176  -2.5063035 -6.1295557 -2.4310179
  -6.3607407 -2.5089989 -5.950046  -2.6965714 -6.01962   -6.1996856
  -5.990476  -6.4680133 -6.622943  -3.1598144 -6.025248  -6.545534
  -6.0641885 -6.086335  -6.4791327 -2.204232  -6.0901327 -6.04645
  -3.2274673 -6.330983  -6.2243896 -2.2800379 -6.375962  -3.1584918
  -6.425537  -2.4731898 -6.105016  -3.3225315 -6.5053635 -6.0060544]
 [-7.2567425 -2.2184703 -7.2214713 -6.951055  -6.9944863 -7.0217013
  -7.0902367 -7.273423  -2.2422159 -6.96531   -7.0440187 -7.186684
  -7.199782  -7.087908  -7.2398763 -7.240171  -7.2039466 -7.2034745
  -7.011722  -6.965025  -7.054245  -7.1378126 -7.2327423 -7.1722236
  -7.1368756 -7.2061467 -7.407558  -7.2550764 -3.0590713 -7.155798
  -7.125699  -6.920661  -7.2462673 -7.226927  -3.0849185 -7.104646
  -7.241327  -7.148915  -6.999344  -7.101164  -7.136195  -7.089322
  -7.1955795 -7.231059  -6.9838786 -7.140858  -7.127246  -7.043949
  -7.1644015 -7.108576  -7.147294  -7.203909  -7.2534637 -7.1560326]
 [-6.964493  -6.811292  -1.9513475 -7.021618  -6.596292  -6.9179997
  -7.223931  -7.2300577 -7.121275  -2.0347567 -6.9935255 -6.7902064
  -7.0722427 -6.734369  -1.9848895 -6.8733077 -6.865803  -2.0221136
  -7.0070066 -7.47683   -6.736938  -7.0123315 -6.7942963 -6.7630286
  -7.064021  -6.9484625 -6.8864164 -6.8873296 -7.006871  -4.0278587
  -6.849356  -6.7625427 -7.2357483 -7.0633526 -7.0948243 -3.0021358
  -6.8090267 -6.9613857 -6.9312563 -7.021906  -3.69843   -6.8559723
  -6.791347  -2.9574487 -6.7749276 -7.072047  -7.182749  -6.928586
  -6.8070946 -7.035657  -7.0836277 -6.7517657 -6.885444  -7.3885555]
 [-6.7569757 -7.4432316 -6.6926303 -1.5568078 -6.614925  -7.388602
  -6.747969  -6.579212  -6.777411  -6.928517  -1.5543183 -6.500708
  -6.8223825 -6.9599886 -6.929792  -7.163297  -7.1133585 -7.489148
  -6.629048  -6.6970706 -7.1281104 -7.503546  -6.674966  -7.1227727
  -6.8158503 -7.269096  -7.4852185 -6.6195755 -6.9018903 -6.9834175
  -3.1002343 -6.7363915 -7.2291765 -6.892456  -6.97421   -7.0647025
  -2.3864403 -6.9423146 -7.0399637 -7.110912  -7.2574406 -6.918396
  -7.2206764 -6.9666014 -7.3635006 -7.266197  -6.707333  -7.061756
  -7.2650933 -6.713889  -6.7028003 -6.6487107 -6.9165654 -7.0046573]
 [-6.3670316 -6.6854076 -6.441573  -6.3475738 -3.1142206 -6.424221
  -6.7004194 -7.0099964 -6.551964  -6.952227  -6.5537653 -3.0305703
  -6.9194794 -6.6601524 -6.4837112 -3.3057551 -6.5506053 -6.6849747
  -3.1550913 -6.605368  -3.3256118 -6.442601  -3.3988068 -6.5800877
  -3.3175187 -6.686059  -3.2587702 -6.6008434 -6.569526  -6.6821938
  -6.2324877 -2.8246894 -6.6558127 -6.3391905 -6.5235987 -6.4543533
  -6.7232323 -3.6039593 -6.7442555 -6.5834713 -6.462976  -2.861005
  -6.5711803 -6.596259  -3.865559  -6.4275517 -2.8681378 -6.8312817
  -3.5667098 -6.521904  -3.141034  -6.4741282 -3.7250688 -6.5358343]
 [-7.0141277 -7.0059714 -7.0572767 -7.206458  -7.192464  -2.4958189
  -7.110389  -7.0984483 -7.03427   -7.2073574 -7.127695  -7.1164656
  -2.5356963 -7.2115197 -6.9750223 -7.084932  -7.1570807 -7.042571
  -7.1090612 -7.10585   -6.9905114 -7.060726  -7.2560606 -7.1898594
  -7.16445   -7.0226274 -7.1422997 -7.0111446 -7.109928  -7.24578
  -7.068313  -7.1179247 -3.512033  -7.141883  -7.097994  -6.93408
  -7.0815687 -7.1384115 -2.3392491 -6.9665165 -7.0834656 -7.073597
  -7.1780987 -7.0852385 -6.9944696 -7.2004766 -7.031907  -7.156364
  -6.9414206 -7.0399804 -7.084355  -7.330889  -7.17379   -7.113473 ]]

=========================
Layer 0 encoder
z
[[-0.6931472 -0.6931472]
 [-0.6931472 -0.6931472]]

u
[[[-0.6931472 -0.6931472]
  [-0.6931472 -0.6931472]]

 [[-0.6931472 -0.6931472]
  [-0.6931472 -0.6931472]]]

v
[[-0.6931472 -0.6931472]
 [-0.6931472 -0.6931472]]

y_categorical
[[-0.6931472  -0.69314724]]

y_bernoulli
[[-0.6931472  -0.6931472 ]
 [-0.6931472  -0.69314724]]

rho_categorical
[[-4.7133288e+00 -4.8520631e-01]
 [-5.7806616e+00  1.7939203e-03]
 [-3.8925388e+00 -2.3259921e+00]
 [-2.9648402e+00 -2.8451896e+00]
 [-3.3602521e+00 -8.7985218e-01]
 [-4.4898648e+00 -1.3558952e+00]]

x_categorical
[[-5.538571  -1.2315805]]

x_bernoulli
[[-0.01338404 -4.320381  ]
 [-4.3203745  -0.01338398]]

z_prime
[[-0.6931472 -0.6931472]
 [-0.6931472 -0.6931472]]

=========================
Layer 1 encoder
z
[[-0.6931472 -0.6931472]
 [-0.6931472 -0.6931472]]

u
[[[-0.6931472 -0.6931472]
  [-0.6931472 -0.6931472]]

 [[-0.6931472 -0.6931472]
  [-0.6931472 -0.6931472]]]

v
[[-0.6931472 -0.6931472]
 [-0.6931472 -0.6931472]]

y_categorical
[[-0.6931472 -0.6931472]]

y_bernoulli
[[-0.6931472 -0.6931472]
 [-0.6931472 -0.6931472]]

rho_categorical
[[-3.1867027e+00 -4.4055906e-01]
 [-3.5376580e+00  1.1880490e-03]
 [-2.9479699e+00 -2.2234697e+00]
 [-3.9218013e+00 -3.4791477e+00]
 [-2.5235527e+00 -2.5271730e+00]
 [-2.8417921e+00 -2.1952775e+00]]

x_categorical
[[-3.8346524 -2.876187 ]]

x_bernoulli
[[-0.32460272 -1.283068  ]
 [-1.2830682  -0.32460284]]

z_prime
[[-0.6931472 -0.6931472]
 [-0.6931472 -0.6931472]]

=========================
Layer 2 encoder
z
[[-0.6931472 -0.6931472]
 [-0.6931472 -0.6931472]]

u
[[[-0.6931472 -0.6931472]
  [-0.6931472 -0.6931472]]

 [[-0.6931472 -0.6931472]
  [-0.6931472 -0.6931472]]]

v
[[-0.6931472 -0.6931472]
 [-0.6931472 -0.6931472]]

y_categorical
[[-0.6931472 -0.6931472]]

y_bernoulli
[[-0.6931472 -0.6931472]
 [-0.6931472 -0.6931472]]

rho_categorical
[[-8.1838912e-01 -3.8000448e+00]
 [-3.0286529e+00 -6.6406518e-02]
 [-2.8482990e+00 -3.6959798e+00]
 [-3.1228938e+00  2.6496715e-04]
 [-1.9068667e+00 -3.3665292e+00]
 [-1.9860301e+00 -3.4636734e+00]]

x_categorical
[[-2.8602078 -0.1451348]]

x_bernoulli
[[-0.06410101 -2.7791739 ]
 [-2.779174   -0.06410106]]

z_prime
[[-0.6931472 -0.6931472]
 [-0.6931472 -0.6931472]]

=========================
Layer 3 encoder
z
[[-0.6931472 -0.6931472]
 [-0.6931472 -0.6931472]]

u
[[[-0.6931472 -0.6931472]
  [-0.6931472 -0.6931472]]

 [[-0.6931472 -0.6931472]
  [-0.6931472 -0.6931472]]]

v
[[-0.6931472 -0.6931472]
 [-0.6931472 -0.6931472]]

y_categorical
[[-0.6931472 -0.6931472]]

y_bernoulli
[[-0.6931472 -0.6931472]
 [-0.6931472 -0.6931472]]

rho_categorical
[[-2.612841   -0.0785232 ]
 [-4.4705324  -0.19091281]
 [-2.6198602  -0.2558675 ]
 [-4.3010597  -0.32566774]
 [-3.6265242  -0.16366044]
 [-3.3267279  -0.22647102]]

x_categorical
[[-4.421231   -0.22924912]]

x_bernoulli
[[-0.01500319 -4.2069826 ]
 [-4.206985   -0.01500322]]

z_prime
[[-0.6931472 -0.6931472]
 [-0.6931472 -0.6931472]]

=========================
Layer 4 encoder
z
[[-0.6931472 -0.6931472]
 [-0.6931472 -0.6931472]]

u
[[[-0.6931472 -0.6931472]
  [-0.6931472 -0.6931472]]

 [[-0.6931472 -0.6931472]
  [-0.6931472 -0.6931472]]]

v
[[-0.6931472 -0.6931472]
 [-0.6931472 -0.6931472]]

y_categorical
[[-0.6931472 -0.6931472]]

y_bernoulli
[[-0.6931472 -0.6931472]
 [-0.6931472 -0.6931472]]

rho_categorical
[[-1.1994236  -1.7990257 ]
 [-2.110283   -0.34600726]
 [-2.0126936  -0.42704487]
 [-2.2275262  -0.34046414]
 [-1.9276525  -0.271032  ]
 [-1.738651   -0.25174713]]

x_categorical
[[-1.9564705  -0.41044176]]

x_bernoulli
[[-0.19317295 -1.7392015 ]
 [-1.7392017  -0.19317295]]

z_prime
[[-0.19317293 -1.7392015 ]
 [-1.7392015  -0.19317293]]

=========================
Layer 5 encoder
z
[[-0.19317293 -1.7392015 ]
 [-1.7392015  -0.19317293]]

u
[[[-0.19317293 -0.19317293]
  [-1.7392015  -1.7392015 ]]

 [[-1.7392015  -1.7392015 ]
  [-0.19317293 -0.19317293]]]

v
[[-1.7392015  -1.7392015 ]
 [-0.19317293 -0.19317293]]

y_categorical
[[-0.20761132 -1.6995462 ]]

y_bernoulli
[[-1.6948245  -0.20288949]
 [-0.20288938 -1.6948242 ]]

rho_categorical
[[-1.2930375  -0.3556775 ]
 [-2.3829925  -0.11817257]
 [-1.5148731  -0.47338808]
 [-2.3484318  -0.20552829]
 [-1.8881987  -0.05552703]
 [-1.9206551  -0.17709439]]

x_categorical
[[-1.9734193  -0.19051063]]

x_bernoulli
[[-0.15541993 -1.9383289 ]
 [-1.9383285  -0.15541983]]

z_prime
[[-0.55820644 -0.84918046]
 [-0.84918    -0.5582061 ]]

====================
Layer 5 decoder
x_bernoulli
[[-1.4640213  -0.26306027]
 [-0.26305997 -1.4640207 ]]

y_bernoulli
[[-0.1184023  -2.1922855 ]
 [-2.1922843  -0.11840212]]

x_categorical
[[-0.26305997 -1.4640207 ]]

y_categorical
[[-2.1922843  -0.11840209]]

v
[[-4.5928984  -0.37083712]
 [-2.287323   -1.6185671 ]]

rho_categorical
[[-0.32136863 -3.0047448 ]
 [-5.1592555  -6.0195436 ]
 [-4.1622286  -6.1980653 ]
 [-5.4931846  -5.821494  ]
 [-4.5107374  -1.7722121 ]
 [-4.9453855  -5.433206  ]]

t_categorical
[[[ -2.7520773  -7.5154963]
  [ -7.814488   -8.024803 ]
  [ -6.792393   -8.912066 ]
  [ -7.5330033  -8.141662 ]
  [ -7.6966233  -8.068733 ]
  [ -6.9909606  -8.57472  ]
  [ -6.970694   -8.602256 ]
  [ -2.854468   -7.313279 ]
  [ -7.760079   -8.042436 ]
  [ -6.7160535  -9.101013 ]
  [ -7.862182   -8.009861 ]
  [ -6.9556394  -8.626274 ]
  [ -6.8101745  -8.868094 ]
  [ -2.7541423  -7.11308  ]
  [ -7.5385327  -8.135817 ]
  [ -7.986976   -7.9745026]
  [ -3.1926148  -6.6700354]
  [ -6.713081   -9.116081 ]
  [ -6.794891   -8.905979 ]
  [ -2.5614421  -7.6843815]
  [ -6.6626143  -9.272558 ]
  [ -2.595652   -7.7847643]
  [ -7.5208077  -8.146099 ]
  [ -2.5222447  -8.2839   ]
  [ -8.457545   -7.8842173]
  [ -2.6511557  -7.3753376]
  [ -6.6354117  -9.397425 ]
  [ -5.3186975  -4.094833 ]
  [ -7.0609612  -8.487927 ]
  [ -7.3530374  -8.239623 ]
  [ -6.847469   -8.800008 ]
  [ -7.821011   -8.022968 ]
  [ -7.8208117  -8.020532 ]
  [ -3.239206   -8.502056 ]
  [ -7.041248   -8.515443 ]
  [ -7.3746667  -8.223246 ]
  [ -7.0920234  -8.454615 ]
  [ -6.881965   -8.735358 ]
  [ -7.268954   -8.29754  ]
  [ -5.263473   -5.3536844]
  [ -6.9056754  -8.697953 ]
  [ -7.209987   -8.350237 ]
  [ -3.3471274  -7.7290144]
  [ -7.415046   -8.203215 ]
  [ -6.817616   -8.851781 ]
  [ -5.641989   -4.647987 ]
  [ -7.139273   -8.404957 ]
  [ -3.2859266  -8.589128 ]
  [ -8.148648   -7.935376 ]
  [ -4.6407256  -5.629107 ]
  [ -6.8293147  -8.836074 ]
  [ -3.461685   -7.429698 ]
  [ -7.141189   -8.397882 ]
  [ -6.76557    -8.972548 ]]

 [[ -9.679316  -10.073263 ]
  [ -7.7533293  -9.106018 ]
  [ -9.202734  -10.728756 ]
  [ -9.402453  -10.381147 ]
  [-10.34675    -9.754818 ]
  [ -9.253594  -10.635809 ]
  [ -9.89646    -9.929331 ]
  [-10.154817   -9.812178 ]
  [ -7.749733   -9.041362 ]
  [ -9.0175905 -11.485483 ]
  [ -9.634416  -10.119096 ]
  [ -9.2049885 -10.722239 ]
  [-10.098139   -9.829941 ]
  [ -9.194591  -10.771001 ]
  [ -9.455508  -10.292113 ]
  [ -9.392818  -10.370113 ]
  [ -9.7693615 -10.002645 ]
  [ -9.352411  -10.429325 ]
  [ -9.333139  -10.482305 ]
  [ -9.369415  -10.432125 ]
  [ -9.845463   -9.965906 ]
  [ -9.838657   -9.966995 ]
  [ -9.686398  -10.058462 ]
  [ -9.60041   -10.143221 ]
  [ -9.32658   -10.488235 ]
  [ -9.580385  -10.154493 ]
  [ -9.991249   -9.867947 ]
  [-10.10366    -9.828193 ]
  [ -7.3808928  -8.934305 ]
  [-10.624619   -9.674118 ]
  [ -9.636473  -10.112495 ]
  [ -9.822821   -9.985001 ]
  [-10.3548355  -9.745707 ]
  [ -9.3581705 -10.423264 ]
  [ -6.928417   -9.969292 ]
  [ -9.556223  -10.185825 ]
  [-10.22261    -9.785973 ]
  [ -9.75076   -10.022968 ]
  [ -9.352884  -10.4475155]
  [ -9.436163  -10.318889 ]
  [-10.067184   -9.851155 ]
  [ -9.927889   -9.920356 ]
  [-10.231579   -9.788433 ]
  [ -9.200724  -10.733118 ]
  [ -9.288387  -10.563974 ]
  [-10.254868   -9.774831 ]
  [ -9.707283  -10.051798 ]
  [-10.037842   -9.868685 ]
  [ -9.547277  -10.19444  ]
  [-10.453108   -9.721398 ]
  [ -9.265615  -10.59073  ]
  [ -9.911493   -9.914067 ]
  [ -9.251726  -10.610485 ]
  [-10.248489   -9.783092 ]]

 [[ -9.394791  -10.494259 ]
  [ -9.015318  -11.045664 ]
  [ -5.5415854 -10.537203 ]
  [ -9.434614  -10.455114 ]
  [ -9.596847  -10.351097 ]
  [-10.197201  -10.0862255]
  [ -9.417221  -10.470048 ]
  [ -9.519168  -10.38824  ]
  [ -9.754292  -10.248596 ]
  [ -5.9359126 -10.229054 ]
  [ -8.986748  -11.108524 ]
  [-10.588331  -10.004482 ]
  [-10.246212  -10.07489  ]
  [ -9.370699  -10.52318  ]
  [ -6.8733997  -9.293499 ]
  [ -9.061329  -10.949228 ]
  [ -9.491961  -10.413719 ]
  [ -6.6165752  -9.290625 ]
  [ -9.270878  -10.623274 ]
  [ -9.139176  -10.783707 ]
  [ -9.321516  -10.573673 ]
  [ -9.085014  -10.893282 ]
  [ -9.382697  -10.511919 ]
  [-10.241243  -10.079075 ]
  [ -9.196758  -10.707903 ]
  [ -9.002181  -11.076633 ]
  [ -9.822668  -10.219791 ]
  [-10.053896  -10.134064 ]
  [ -9.944685  -10.171157 ]
  [ -7.5213513  -8.513099 ]
  [-10.175484  -10.094311 ]
  [ -9.3415165 -10.55476  ]
  [ -9.257043  -10.628998 ]
  [ -9.447778  -10.447315 ]
  [ -9.412077  -10.474646 ]
  [ -7.5991197  -9.255136 ]
  [ -8.975484  -11.151485 ]
  [ -9.779917  -10.239449 ]
  [ -9.194636  -10.723778 ]
  [ -9.990767  -10.152932 ]
  [ -7.6135545  -8.924805 ]
  [ -8.954015  -11.209335 ]
  [ -9.056751  -10.961512 ]
  [ -6.580151   -9.8900175]
  [ -9.121909  -10.8412895]
  [-10.328034  -10.053815 ]
  [ -9.0778675 -10.898357 ]
  [ -9.461252  -10.438463 ]
  [ -9.478027  -10.430279 ]
  [ -9.258089  -10.637009 ]
  [-10.096355  -10.114798 ]
  [ -9.020178  -11.04476  ]
  [ -9.334906  -10.557616 ]
  [-10.131672  -10.101668 ]]

 [[-10.261124   -9.632151 ]
  [-10.1208515  -9.710529 ]
  [-10.064072   -9.795019 ]
  [ -7.374576   -9.583287 ]
  [ -9.884785   -9.985842 ]
  [-10.387163   -9.551496 ]
  [-10.016351   -9.819759 ]
  [-10.487617   -9.522932 ]
  [-10.156895   -9.71036  ]
  [-10.432644   -9.542849 ]
  [ -8.084347   -8.791216 ]
  [ -9.932083   -9.931379 ]
  [ -9.854031  -10.022623 ]
  [ -9.53994   -10.720586 ]
  [ -9.968557   -9.878004 ]
  [-10.53911    -9.4907255]
  [ -9.957464   -9.886181 ]
  [-10.254032   -9.627604 ]
  [ -9.550835  -10.704536 ]
  [-10.08197    -9.769644 ]
  [-10.448799   -9.528378 ]
  [ -9.813508  -10.029895 ]
  [-10.316307   -9.602039 ]
  [ -9.723629  -10.2124195]
  [ -9.927827   -9.925573 ]
  [-10.236532   -9.645239 ]
  [ -9.864809   -9.967428 ]
  [-10.228886   -9.6694355]
  [ -9.969421   -9.881599 ]
  [-10.468296   -9.524939 ]
  [ -7.7687535  -9.29392  ]
  [-10.19766    -9.681377 ]
  [-10.024778   -9.806882 ]
  [-10.053841   -9.8015   ]
  [ -9.962116   -9.883946 ]
  [ -9.543986  -10.6869135]
  [ -7.862926   -9.138374 ]
  [-10.545746   -9.501109 ]
  [ -9.520035  -10.786801 ]
  [ -9.561621  -10.630968 ]
  [ -9.885336   -9.960297 ]
  [ -9.760628  -10.160871 ]
  [ -9.70422   -10.248337 ]
  [ -9.892694   -9.967852 ]
  [ -9.804026  -10.066137 ]
  [-10.525687   -9.50131  ]
  [-10.183079   -9.693521 ]
  [-10.078857   -9.75922  ]
  [ -9.561501  -10.598614 ]
  [ -9.621254  -10.472272 ]
  [ -9.641113  -10.421142 ]
  [ -9.850486  -10.020934 ]
  [-10.149639   -9.712324 ]
  [ -9.482885  -10.963573 ]]

 [[-10.329548   -7.303864 ]
  [ -9.999936   -7.525413 ]
  [-10.843668   -7.1160326]
  [-10.88395    -7.1045885]
  [ -6.632196   -6.840299 ]
  [-10.015126   -7.519331 ]
  [ -9.621771   -8.053563 ]
  [ -9.390144   -8.916231 ]
  [-10.166544   -7.3980327]
  [ -9.508301   -8.36315  ]
  [ -9.905784   -7.623532 ]
  [ -7.524794   -6.282533 ]
  [ -9.42388    -8.703911 ]
  [ -9.855241   -7.6834188]
  [ -9.896754   -7.630917 ]
  [ -6.9301443  -6.571009 ]
  [-10.347961   -7.287854 ]
  [ -9.552308   -8.234656 ]
  [ -6.587793   -6.920678 ]
  [ -9.709329   -7.8966813]
  [ -7.12714    -6.6021075]
  [-10.213241   -7.3714786]
  [ -7.748476   -6.249096 ]
  [ -9.649218   -7.9888453]
  [ -7.2437434  -6.366386 ]
  [ -9.495316   -8.43277  ]
  [ -7.206122   -6.4149466]
  [ -9.737416   -7.8402677]
  [ -9.799742   -7.7455244]
  [ -9.98171    -7.546851 ]
  [-11.12611    -7.0566087]
  [ -9.005354   -3.2942443]
  [ -9.571381   -8.162815 ]
  [-10.7948265  -7.1302853]
  [ -9.943413   -7.5840745]
  [ -9.741364   -7.836676 ]
  [ -9.5504     -8.245166 ]
  [ -8.7653055  -6.4567347]
  [ -9.693562   -7.9108076]
  [ -9.857876   -7.6715937]
  [-10.367028   -7.285327 ]
  [ -8.82441    -3.3648424]
  [ -9.996945   -7.5241933]
  [ -9.790003   -7.756248 ]
  [ -7.616268   -6.5513983]
  [-10.356684   -7.2913365]
  [ -9.45573    -3.2543066]
  [ -9.686976   -7.91567  ]
  [ -7.40639    -7.6761794]
  [ -9.75541    -7.8110585]
  [ -8.725672   -3.7006645]
  [-10.480815   -7.234239 ]
  [ -7.802533   -6.8278713]
  [-10.013049   -7.518399 ]]

 [[ -9.379859   -9.900792 ]
  [ -9.413565   -9.854235 ]
  [-10.371157   -9.276972 ]
  [-10.007448   -9.401791 ]
  [-10.555079   -9.227776 ]
  [ -6.4550896  -9.37952  ]
  [ -9.557777   -9.699396 ]
  [ -9.697134   -9.582388 ]
  [ -9.473706   -9.778651 ]
  [ -9.4529     -9.80826  ]
  [ -9.213421  -10.191456 ]
  [-10.3780365  -9.274546 ]
  [ -7.0540786  -8.662481 ]
  [ -9.856536   -9.480776 ]
  [ -9.80612    -9.505831 ]
  [ -9.685923   -9.582011 ]
  [ -9.628557   -9.626563 ]
  [-10.454058   -9.252072 ]
  [ -9.760861   -9.538022 ]
  [-10.30241    -9.295244 ]
  [ -9.548311   -9.7038555]
  [-10.20257    -9.328848 ]
  [ -9.423681   -9.838814 ]
  [ -9.382931   -9.898243 ]
  [ -9.416578   -9.851618 ]
  [-10.718093   -9.199872 ]
  [-10.194038   -9.32916  ]
  [ -9.346348   -9.948233 ]
  [-10.492779   -9.242846 ]
  [ -9.415985   -9.855752 ]
  [ -9.799555   -9.507057 ]
  [ -9.744583   -9.548913 ]
  [ -8.3582     -7.3693566]
  [ -9.714014   -9.566177 ]
  [ -9.232836  -10.14846  ]
  [ -9.177469  -10.264628 ]
  [ -9.882692   -9.465146 ]
  [ -9.363206   -9.92593  ]
  [ -6.6951275  -8.873506 ]
  [ -9.789101   -9.5154915]
  [ -9.730722   -9.5559635]
  [ -9.2618065 -10.093602 ]
  [ -9.370745   -9.914593 ]
  [-10.1485     -9.348462 ]
  [ -9.287287  -10.044851 ]
  [ -9.576313   -9.66922  ]
  [ -9.368679   -9.9063425]
  [ -9.663002   -9.607979 ]
  [-10.624219   -9.213175 ]
  [ -9.281885  -10.054192 ]
  [ -9.260731  -10.095747 ]
  [ -9.0366125 -10.747069 ]
  [-10.108669   -9.356436 ]
  [-10.591459   -9.223877 ]]]

u
[[[ 1.7214977   0.31542158]
  [ 1.1900736   0.96262723]]

 [[-4.5928984  -0.37083712]
  [-2.287323   -1.6185671 ]]]

z
[[ 0.54299754  1.1455972 ]
 [ 0.45700246 -0.14559722]]

====================
Layer 4 decoder
x_bernoulli
[[-0.65107375 -0.24290085]
 [-0.73706883 -1.5340953 ]]

y_bernoulli
[[-0.17859256 -0.82865995]
 [-1.8106163  -0.5738258 ]]

x_categorical
[[-0.73706883 -1.5340953 ]]

y_categorical
[[-1.8106163 -0.5738258]]

v
[[-2.5139375 -0.9413738]
 [-2.493692  -1.7528787]]

rho_categorical
[[-1.000536  -6.8493586]
 [-4.853332  -1.6322176]
 [-4.7356944 -6.8791633]
 [-5.1143546 -7.654663 ]
 [-2.478664  -4.094589 ]
 [-5.428783  -6.980765 ]]

t_categorical
[[[ -5.8193197  -9.89398  ]
  [ -7.815832  -11.346483 ]
  [ -7.1493216 -11.712389 ]
  [ -6.7334576 -12.309289 ]
  [ -7.4761887 -11.485342 ]
  [ -6.6745663 -12.474795 ]
  [ -6.8700047 -12.043913 ]
  [ -6.588735   -9.273034 ]
  [ -7.356179  -11.545571 ]
  [ -7.0980964 -11.758151 ]
  [ -7.8013706 -11.350865 ]
  [ -6.680506  -12.458849 ]
  [ -7.4638696 -11.498928 ]
  [ -5.336131  -10.53713  ]
  [ -7.1953325 -11.664575 ]
  [ -7.0796247 -11.757605 ]
  [ -6.781208   -9.045053 ]
  [ -7.1276736 -11.731747 ]
  [ -6.874648  -12.037029 ]
  [ -5.4657483 -10.500452 ]
  [ -7.9240127 -11.325699 ]
  [ -6.485515   -9.336683 ]
  [ -6.7208157 -12.3387165]
  [ -5.4377317 -10.373721 ]
  [ -6.905945  -11.963467 ]
  [ -5.6378593 -10.1246605]
  [ -6.9612246 -11.9137535]
  [ -3.094907  -10.21275  ]
  [ -6.683485  -12.445576 ]
  [ -6.902087  -11.987796 ]
  [ -6.7854633 -12.199158 ]
  [ -7.307752  -11.576647 ]
  [ -7.6579905 -11.397436 ]
  [ -6.3013353  -9.898671 ]
  [ -6.7813253 -12.2076645]
  [ -7.9307837 -11.318306 ]
  [ -6.7698917 -12.228292 ]
  [ -6.983226  -11.88359  ]
  [ -7.9733515 -11.310381 ]
  [ -2.3037176 -11.695351 ]
  [ -6.996832  -11.867764 ]
  [ -6.759487  -12.254373 ]
  [ -6.2702675  -9.874384 ]
  [ -7.242533  -11.631903 ]
  [ -7.4340487 -11.514257 ]
  [ -2.4228063 -11.557747 ]
  [ -7.5742006 -11.44369  ]
  [ -5.801883  -10.663922 ]
  [ -7.0401278 -11.792006 ]
  [ -2.652164  -10.356634 ]
  [ -7.1791162 -11.687397 ]
  [ -6.5961347  -9.52751  ]
  [ -7.9407353 -11.315239 ]
  [ -6.8632755 -12.055267 ]]

 [[ -9.021952   -8.71984  ]
  [ -8.057737   -2.6117897]
  [ -9.045877   -8.664837 ]
  [ -9.526031   -8.125083 ]
  [-10.210907   -7.830819 ]
  [ -9.34297    -8.273555 ]
  [-10.401776   -7.784828 ]
  [ -8.901012   -9.032983 ]
  [ -8.216671   -2.592926 ]
  [ -9.495197   -8.1443405]
  [ -9.196802   -8.437884 ]
  [ -8.984298   -8.804271 ]
  [ -9.271011   -8.337369 ]
  [-10.035246   -7.878133 ]
  [ -9.358696   -8.247116 ]
  [ -8.944504   -8.892003 ]
  [ -9.750746   -7.987897 ]
  [ -8.846693   -9.227812 ]
  [ -9.737656   -7.9980946]
  [ -9.687845   -8.027427 ]
  [ -8.955072   -8.890325 ]
  [ -9.055246   -8.657589 ]
  [ -9.296446   -8.303721 ]
  [ -9.110786   -8.557872 ]
  [ -9.149675   -8.500816 ]
  [ -8.855009   -9.199594 ]
  [ -8.8769     -9.077561 ]
  [ -8.802598   -9.432045 ]
  [ -6.2046165  -7.2064724]
  [ -9.725892   -8.00125  ]
  [ -8.988218   -8.803514 ]
  [-10.416565   -7.784828 ]
  [ -8.810158   -9.404411 ]
  [ -9.3254175  -8.274021 ]
  [ -8.632826   -3.337459 ]
  [ -9.425535   -8.193919 ]
  [ -8.915086   -8.983257 ]
  [ -9.167623   -8.471316 ]
  [ -9.0008545  -8.7781   ]
  [ -9.528099   -8.1144085]
  [ -8.892511   -9.073599 ]
  [ -9.249198   -8.372164 ]
  [ -9.772202   -7.9817877]
  [ -9.065966   -8.6249075]
  [ -9.257507   -8.361717 ]
  [ -9.923706   -7.9173536]
  [ -8.914597   -8.990316 ]
  [ -9.219643   -8.410568 ]
  [ -9.185529   -8.445879 ]
  [ -8.984793   -8.805764 ]
  [ -8.914995   -8.988864 ]
  [ -9.493567   -8.137031 ]
  [ -9.019016   -8.705467 ]
  [ -8.893368   -9.069803 ]]

 [[ -9.175102  -11.714895 ]
  [ -9.193788  -11.690833 ]
  [ -7.8356423  -9.561746 ]
  [-10.085539  -11.062817 ]
  [ -9.197361  -11.696838 ]
  [ -8.965224  -12.156054 ]
  [-10.109953  -11.048819 ]
  [ -9.313238  -11.526854 ]
  [ -9.586608  -11.295372 ]
  [ -7.8153157  -9.73556  ]
  [ -9.187406  -11.692943 ]
  [ -9.482874  -11.380606 ]
  [ -9.044096  -11.951014 ]
  [ -8.9950485 -12.084961 ]
  [ -8.160786   -9.167139 ]
  [ -9.7231655 -11.21944  ]
  [ -8.894783  -12.403812 ]
  [ -7.8303976  -9.682412 ]
  [ -9.914254  -11.127998 ]
  [-10.053689  -11.065907 ]
  [ -8.84936   -12.626354 ]
  [ -8.93055   -12.260826 ]
  [-10.437059  -10.97839  ]
  [-10.029688  -11.08429  ]
  [ -9.138693  -11.764637 ]
  [ -9.355619  -11.49065  ]
  [ -9.710117  -11.225269 ]
  [ -9.366156  -11.482878 ]
  [-10.042621  -11.073776 ]
  [ -6.40622   -10.673183 ]
  [ -9.571268  -11.310047 ]
  [ -9.102244  -11.850285 ]
  [ -9.107042  -11.819101 ]
  [ -9.469628  -11.383316 ]
  [ -9.31785   -11.525516 ]
  [ -8.61837    -9.086447 ]
  [ -9.278736  -11.580616 ]
  [ -9.048795  -11.947235 ]
  [ -9.387737  -11.460348 ]
  [-10.018674  -11.084602 ]
  [ -6.6779623 -10.23881  ]
  [-10.2239895 -11.027157 ]
  [ -9.575609  -11.311079 ]
  [ -8.202849   -9.388878 ]
  [ -9.047335  -11.955009 ]
  [ -9.517805  -11.338406 ]
  [ -9.715972  -11.213881 ]
  [ -9.103724  -11.836688 ]
  [ -9.156912  -11.7515335]
  [ -9.083916  -11.87198  ]
  [ -9.320002  -11.520455 ]
  [ -8.927282  -12.29701  ]
  [ -9.590115  -11.298981 ]
  [-10.250366  -11.002506 ]]

 [[ -8.89959   -12.572604 ]
  [ -8.89863   -12.533705 ]
  [ -9.245489  -12.050444 ]
  [ -8.089699  -10.014636 ]
  [ -9.159567  -12.147288 ]
  [ -9.023714  -12.292454 ]
  [ -8.948865  -12.458551 ]
  [ -9.087673  -12.240425 ]
  [ -9.518576  -11.828209 ]
  [ -9.09672   -12.214176 ]
  [ -8.193035   -9.941165 ]
  [ -9.170618  -12.137542 ]
  [ -9.437452  -11.882383 ]
  [-10.1300125 -11.575041 ]
  [ -9.068513  -12.258282 ]
  [ -9.426201  -11.872906 ]
  [ -9.4108925 -11.888052 ]
  [ -9.658154  -11.707043 ]
  [ -9.375687  -11.935487 ]
  [ -9.432899  -11.887037 ]
  [ -8.897335  -12.565508 ]
  [ -8.961554  -12.39418  ]
  [ -8.741531  -13.113518 ]
  [ -9.189066  -12.089994 ]
  [ -9.353161  -11.946033 ]
  [ -8.860792  -12.657399 ]
  [ -9.184114  -12.069084 ]
  [ -9.420775  -11.900574 ]
  [-10.352115  -11.524442 ]
  [ -9.43993   -11.872316 ]
  [ -7.52618   -10.559805 ]
  [ -9.767754  -11.701794 ]
  [ -8.780861  -12.932466 ]
  [-10.013014  -11.608804 ]
  [-10.027394  -11.602883 ]
  [ -8.986699  -12.391996 ]
  [ -8.179827  -10.017278 ]
  [ -9.151897  -12.143826 ]
  [ -9.350241  -11.940586 ]
  [-10.300318  -11.530106 ]
  [ -9.368201  -11.911857 ]
  [ -9.6924515 -11.731202 ]
  [ -9.400322  -11.891935 ]
  [-10.021025  -11.604176 ]
  [-10.114496  -11.5524235]
  [ -9.1898    -12.069318 ]
  [ -9.2626095 -12.029587 ]
  [ -9.691048  -11.72434  ]
  [ -9.315341  -11.9561405]
  [ -9.017214  -12.348703 ]
  [ -8.841877  -12.753204 ]
  [ -9.235994  -12.054316 ]
  [-10.055368  -11.59674  ]
  [ -9.411022  -11.895334 ]]

 [[ -7.972298  -10.5296545]
  [ -8.817053   -9.875451 ]
  [ -8.316894  -10.14661  ]
  [ -7.68067   -11.316229 ]
  [ -6.916746   -6.2884135]
  [ -8.351643  -10.122778 ]
  [ -8.053955  -10.404932 ]
  [ -8.510855  -10.01008  ]
  [ -8.096996  -10.3548355]
  [ -8.814909   -9.8753605]
  [ -8.358869  -10.114995 ]
  [ -6.513011   -7.314997 ]
  [ -8.562094   -9.981491 ]
  [ -9.006053   -9.822159 ]
  [ -8.148278  -10.298052 ]
  [ -6.9590955  -6.308563 ]
  [ -8.033934  -10.425552 ]
  [ -7.814735  -10.840359 ]
  [ -6.686161   -6.564689 ]
  [ -8.272975  -10.18261  ]
  [ -8.164074   -6.092986 ]
  [ -8.321781  -10.143978 ]
  [ -7.5049334  -6.2766747]
  [ -7.6854763 -11.282577 ]
  [ -6.6653247  -6.572905 ]
  [ -8.284086  -10.17085  ]
  [ -7.15706    -6.5764003]
  [ -8.291319  -10.163038 ]
  [ -7.8362565 -10.791927 ]
  [ -9.1366205  -9.787514 ]
  [ -8.138735  -10.312677 ]
  [ -3.9962926  -9.395069 ]
  [ -7.8566046 -10.737806 ]
  [ -8.511074  -10.020895 ]
  [ -8.228033  -10.221173 ]
  [ -7.6828427 -11.305251 ]
  [ -8.491386  -10.027164 ]
  [ -6.342533   -8.07654  ]
  [ -8.215242  -10.226761 ]
  [ -8.261042  -10.186846 ]
  [ -8.372896  -10.103403 ]
  [ -3.9636145  -9.188091 ]
  [ -8.131491  -10.309765 ]
  [ -7.9377937 -10.581562 ]
  [ -7.144959   -6.932343 ]
  [ -8.147287  -10.30221  ]
  [ -4.268861   -9.229109 ]
  [ -8.361427  -10.104054 ]
  [ -6.4519753  -8.726618 ]
  [ -7.66721   -11.376175 ]
  [ -4.6350384  -8.742804 ]
  [ -8.120637  -10.3303175]
  [ -7.928635   -7.1640906]
  [ -8.194742  -10.252701 ]]

 [[-10.197394  -10.884142 ]
  [ -9.756786  -11.11804  ]
  [-10.595111  -10.748247 ]
  [ -9.201681  -11.908854 ]
  [ -9.94855   -10.998983 ]
  [ -8.084213  -10.174227 ]
  [ -9.540543  -11.310934 ]
  [ -9.653101  -11.201045 ]
  [ -9.458334  -11.399719 ]
  [ -9.30306   -11.670034 ]
  [ -9.309452  -11.656704 ]
  [ -9.577314  -11.265114 ]
  [ -9.019852   -8.9826565]
  [-10.073454  -10.928364 ]
  [ -9.777948  -11.096876 ]
  [-10.04249   -10.95393  ]
  [-10.184458  -10.894151 ]
  [-10.200077  -10.881945 ]
  [ -9.957331  -10.981729 ]
  [-10.1457405 -10.903425 ]
  [ -9.199717  -11.913015 ]
  [ -9.231655  -11.822412 ]
  [ -9.71368   -11.152413 ]
  [ -9.60014   -11.252525 ]
  [ -9.854052  -11.053778 ]
  [ -9.222192  -11.84416  ]
  [ -9.085817  -12.340231 ]
  [ -9.383322  -11.522701 ]
  [-10.361311  -10.827207 ]
  [ -9.9970455 -10.971312 ]
  [ -9.168543  -12.007996 ]
  [-10.085163  -10.918088 ]
  [ -8.356592   -9.507902 ]
  [ -9.13476   -12.126509 ]
  [ -9.666088  -11.188018 ]
  [ -9.069708  -12.42314  ]
  [ -9.256676  -11.7622795]
  [ -9.540894  -11.312946 ]
  [ -7.9860435 -10.129936 ]
  [ -9.791798  -11.087403 ]
  [-10.200907  -10.885102 ]
  [ -9.637423  -11.216503 ]
  [ -9.169765  -12.007331 ]
  [ -9.319042  -11.630501 ]
  [ -9.299097  -11.676774 ]
  [-10.06336   -10.9454   ]
  [ -9.944316  -10.979741 ]
  [ -9.427664  -11.449827 ]
  [ -9.709616  -11.144657 ]
  [-10.133544  -10.908554 ]
  [ -9.270793  -11.738785 ]
  [ -9.939921  -11.003418 ]
  [ -9.949751  -10.999242 ]
  [ -9.335375  -11.59923  ]]]

u
[[[ 1.2567372  0.6633959]
  [ 1.250959   1.0126472]]

 [[-2.5139375 -0.9413738]
  [-2.493692  -1.7528787]]]

z
[[ 0.8337143   1.2667801 ]
 [ 0.1662857  -0.26678014]]

====================
Layer 3 decoder
x_bernoulli
[[-0.4141116  -0.19537437]
 [-1.0815402  -1.7289346 ]]

y_bernoulli
[[-0.00772512 -2.7261329 ]
 [-4.8671355  -0.06771374]]

x_categorical
[[-1.0815402 -1.7289346]]

y_categorical
[[-4.8671355  -0.06771374]]

v
[[-5.3133874  -1.4027679 ]
 [-5.8888493  -0.37307638]]

rho_categorical
[[-5.787767  -7.487828 ]
 [-5.833315  -7.8661585]
 [-2.1502633 -6.3949413]
 [-6.0958605 -7.4954314]
 [-2.3045785 -3.3427415]
 [-2.1665416 -1.9735368]]

t_categorical
[[[ -9.835863   -9.786657 ]
  [-10.590866  -12.711119 ]
  [-10.490648  -12.935976 ]
  [-11.104734  -12.193338 ]
  [-10.72274   -12.524351 ]
  [-10.508337  -12.891943 ]
  [-11.555052  -12.003878 ]
  [-10.141594   -9.905174 ]
  [-10.451233  -12.999971 ]
  [-10.483731  -12.950605 ]
  [-11.050215  -12.223452 ]
  [-11.620728  -11.984985 ]
  [-10.81979   -12.428922 ]
  [ -9.33348    -9.971267 ]
  [-10.453697  -13.006304 ]
  [-10.932613  -12.296621 ]
  [ -9.788664   -9.8377075]
  [-10.581921  -12.750978 ]
  [-10.498909  -12.916828 ]
  [ -9.407318  -10.150198 ]
  [-11.025778  -12.257137 ]
  [ -9.600046  -10.686701 ]
  [-10.847351  -12.387709 ]
  [ -9.307665  -10.357852 ]
  [-10.973421  -12.256367 ]
  [ -9.780733  -10.313811 ]
  [-10.555975  -12.802031 ]
  [ -8.993947  -11.259684 ]
  [-10.7753105 -12.471075 ]
  [-11.485001  -12.018362 ]
  [-11.256752  -12.122622 ]
  [-10.40345   -13.138266 ]
  [-12.063387  -11.86742  ]
  [ -8.140469  -11.816349 ]
  [-10.445456  -13.048653 ]
  [-11.488787  -12.020126 ]
  [-10.491943  -12.924198 ]
  [-10.95262   -12.309671 ]
  [-11.449528  -12.038317 ]
  [ -8.630968  -11.800732 ]
  [-10.89513   -12.358301 ]
  [-10.373348  -13.275843 ]
  [ -8.082741  -11.844883 ]
  [-10.642971  -12.63872  ]
  [-10.401194  -13.178007 ]
  [ -9.204481  -11.21347  ]
  [-11.054913  -12.231525 ]
  [ -7.6924257 -12.99822  ]
  [-11.212141  -12.10806  ]
  [ -8.751217  -11.44832  ]
  [-10.969776  -12.299192 ]
  [ -8.871604  -11.138044 ]
  [-10.899689  -12.34554  ]
  [-10.813232  -12.437063 ]]

 [[-10.343625  -11.9439945]
  [ -8.86513   -10.08087  ]
  [ -9.964636  -12.306198 ]
  [-10.301939  -11.988926 ]
  [ -9.863731  -12.485046 ]
  [ -9.94445   -12.34816  ]
  [ -9.812567  -12.576795 ]
  [-10.072897  -12.163807 ]
  [ -8.906824  -10.234067 ]
  [ -9.812687  -12.578464 ]
  [ -9.641828  -13.064358 ]
  [ -9.9670105 -12.301993 ]
  [-11.081843  -11.65908  ]
  [-10.259714  -12.017906 ]
  [-10.19767   -12.060541 ]
  [-10.279629  -11.988583 ]
  [-11.074802  -11.663787 ]
  [-10.137828  -12.103061 ]
  [-10.922171  -11.70624  ]
  [-10.986059  -11.688726 ]
  [-10.046184  -12.205809 ]
  [-10.005329  -12.255723 ]
  [ -9.803152  -12.580397 ]
  [-10.139997  -12.109864 ]
  [-11.193014  -11.633133 ]
  [-10.07901   -12.159838 ]
  [-10.67787   -11.766967 ]
  [ -9.818327  -12.531485 ]
  [ -8.170996  -10.880454 ]
  [ -9.557364  -13.488513 ]
  [ -9.808253  -12.570868 ]
  [-10.602004  -11.823809 ]
  [ -9.844362  -12.476906 ]
  [-10.37616   -11.931126 ]
  [ -7.9270234 -11.011862 ]
  [ -9.977683  -12.298542 ]
  [-10.413244  -11.899294 ]
  [ -9.861639  -12.473612 ]
  [-10.294222  -11.9864435]
  [ -9.965544  -12.313415 ]
  [ -9.820141  -12.539269 ]
  [ -9.728815  -12.773235 ]
  [-10.924126  -11.702299 ]
  [ -9.923457  -12.365189 ]
  [ -9.823659  -12.553647 ]
  [-10.134103  -12.124449 ]
  [ -9.608555  -13.187997 ]
  [-10.354954  -11.947381 ]
  [-10.572635  -11.826096 ]
  [-10.192799  -12.061714 ]
  [-10.643103  -11.790714 ]
  [-10.355868  -11.945813 ]
  [ -9.927706  -12.355203 ]
  [-10.941759  -11.684021 ]]

 [[ -8.510732  -11.541564 ]
  [ -8.248006  -11.841448 ]
  [ -6.360658   -8.855751 ]
  [ -8.371011  -11.677535 ]
  [ -7.9989066 -12.4061   ]
  [ -8.5250635 -11.530126 ]
  [ -8.268269  -11.803461 ]
  [ -8.685695  -11.407741 ]
  [ -8.977142  -11.265068 ]
  [ -7.3052406  -8.323874 ]
  [ -8.561902  -11.500704 ]
  [ -8.512923  -11.546225 ]
  [ -8.509934  -11.535005 ]
  [ -8.208004  -11.907545 ]
  [ -7.076497   -7.787099 ]
  [ -8.168916  -11.974693 ]
  [ -8.306103  -11.75747  ]
  [ -7.5983553  -7.922581 ]
  [ -8.428675  -11.619401 ]
  [ -9.424328  -11.12446  ]
  [ -8.250417  -11.841016 ]
  [ -9.153517  -11.202558 ]
  [ -8.250215  -11.841361 ]
  [ -7.991784  -12.419861 ]
  [ -8.316238  -11.739704 ]
  [ -8.259281  -11.824264 ]
  [ -8.269035  -11.810836 ]
  [ -8.186402  -11.943088 ]
  [ -8.289404  -11.777498 ]
  [ -4.950751  -10.404066 ]
  [ -8.005635  -12.371357 ]
  [ -8.653838  -11.43911  ]
  [ -9.018061  -11.245064 ]
  [ -8.833506  -11.329901 ]
  [ -9.429321  -11.128503 ]
  [ -3.2573566 -10.26408  ]
  [ -8.39858   -11.653648 ]
  [ -9.347601  -11.148407 ]
  [ -8.684487  -11.417506 ]
  [ -8.078274  -12.163324 ]
  [ -4.230846  -11.736689 ]
  [ -7.992482  -12.420408 ]
  [ -8.391043  -11.661633 ]
  [ -3.1570969 -10.811215 ]
  [ -8.46207   -11.59132  ]
  [ -8.116386  -12.068864 ]
  [ -8.438079  -11.603731 ]
  [ -9.169689  -11.199177 ]
  [ -7.9888496 -12.43255  ]
  [ -8.784288  -11.356626 ]
  [ -8.075769  -12.164264 ]
  [ -8.904441  -11.301984 ]
  [ -8.59499   -11.477525 ]
  [ -8.795696  -11.339664 ]]

 [[-10.236694  -12.119549 ]
  [-11.2205925 -11.334553 ]
  [-10.486556  -11.793898 ]
  [ -9.135837   -9.422298 ]
  [-10.998183  -11.458222 ]
  [-10.578231  -11.663314 ]
  [-10.396414  -11.885683 ]
  [-10.797037  -11.559098 ]
  [-10.043394  -12.607513 ]
  [-10.792681  -11.548541 ]
  [ -9.141987   -9.738251 ]
  [ -9.9944515 -12.829168 ]
  [-10.303935  -12.01399  ]
  [-10.045458  -12.595983 ]
  [-11.00315   -11.444309 ]
  [-10.5334215 -11.724869 ]
  [-10.506527  -11.752278 ]
  [-10.046425  -12.515225 ]
  [-10.29472   -12.0374155]
  [-10.549216  -11.733995 ]
  [-10.689581  -11.600486 ]
  [-11.342266  -11.299778 ]
  [-10.493564  -11.783607 ]
  [-10.518782  -11.742229 ]
  [-10.48457   -11.791221 ]
  [-10.380751  -11.8607025]
  [-10.404507  -11.826969 ]
  [-10.062822  -12.557671 ]
  [-10.008082  -12.744547 ]
  [-10.433462  -11.836178 ]
  [ -7.8098936 -11.608406 ]
  [ -9.984159  -12.854013 ]
  [-10.325607  -11.935148 ]
  [-10.781597  -11.558575 ]
  [-10.440411  -11.832398 ]
  [-11.323435  -11.327757 ]
  [ -8.606115  -10.198157 ]
  [-10.76128   -11.562641 ]
  [-10.559241  -11.712671 ]
  [-10.522321  -11.744851 ]
  [-10.320337  -11.95822  ]
  [-10.449651  -11.82464  ]
  [-10.640401  -11.635042 ]
  [-10.416512  -11.859404 ]
  [-10.08183   -12.4327545]
  [-10.572766  -11.664004 ]
  [-10.131308  -12.351027 ]
  [-10.48919   -11.774503 ]
  [-10.301147  -11.985078 ]
  [-10.622505  -11.672901 ]
  [-10.631939  -11.665274 ]
  [-10.43553   -11.847124 ]
  [-10.8243685 -11.534761 ]
  [-10.608678  -11.673929 ]]

 [[ -8.208426  -10.3424   ]
  [ -8.453056   -9.946782 ]
  [ -9.394544   -9.415438 ]
  [ -8.789822   -9.653189 ]
  [ -6.7163696  -6.3798523]
  [ -8.234716  -10.294496 ]
  [ -8.543729   -9.850573 ]
  [ -8.584106   -9.811268 ]
  [ -9.083607   -9.513685 ]
  [ -8.490214   -9.904215 ]
  [ -8.4737215  -9.930033 ]
  [ -7.448189   -6.2452483]
  [ -8.182924  -10.390568 ]
  [ -8.84225    -9.6365795]
  [ -8.129905  -10.543655 ]
  [ -7.3645554  -5.296962 ]
  [ -8.560711   -9.820764 ]
  [ -9.258579   -9.45376  ]
  [ -7.246999   -5.82463  ]
  [ -9.030731   -9.543047 ]
  [ -7.811617   -5.3887215]
  [ -8.486737   -9.91699  ]
  [ -8.195111   -5.0750685]
  [ -8.483636   -9.909315 ]
  [ -7.5188427  -5.1807547]
  [ -8.469459   -9.935656 ]
  [ -8.021918   -5.4043465]
  [ -8.184204  -10.397406 ]
  [ -8.667095   -9.744312 ]
  [ -9.1106     -9.508729 ]
  [ -8.1007395 -10.640772 ]
  [ -5.9646454  -8.780218 ]
  [ -8.270392  -10.208251 ]
  [ -8.399041  -10.024282 ]
  [ -8.549869   -9.851259 ]
  [ -8.443234   -9.963528 ]
  [ -8.316559  -10.139227 ]
  [ -3.9118776 -10.039707 ]
  [ -8.784859   -9.662744 ]
  [ -8.210589  -10.334182 ]
  [ -8.392973  -10.025961 ]
  [ -5.9704695  -8.836762 ]
  [ -8.29555   -10.163663 ]
  [ -8.452498   -9.945319 ]
  [ -4.543248   -8.348932 ]
  [ -8.81219    -9.651903 ]
  [ -5.696144   -9.2673645]
  [ -8.669302   -9.73788  ]
  [ -3.7574549 -10.279354 ]
  [ -8.808345   -9.6497345]
  [ -4.8545656  -9.885834 ]
  [ -9.704791   -9.347087 ]
  [ -4.048712   -9.8918705]
  [ -9.035552   -9.538452 ]]

 [[ -7.897452   -9.355633 ]
  [ -7.9417806  -9.2732725]
  [ -7.720097   -9.832765 ]
  [ -8.862618   -8.5585   ]
  [ -8.674942   -8.631351 ]
  [ -6.213125   -2.728809 ]
  [ -8.09338    -9.051407 ]
  [ -8.130444   -9.010311 ]
  [ -7.764089   -9.67955  ]
  [ -8.887491   -8.551059 ]
  [ -8.666687   -8.6360445]
  [ -8.001322   -9.172248 ]
  [ -7.308495   -2.71407  ]
  [ -8.16663    -8.969118 ]
  [ -7.771362   -9.663136 ]
  [ -8.353207   -8.813924 ]
  [ -8.623535   -8.656128 ]
  [ -7.975348   -9.216874 ]
  [ -7.9104705  -9.324796 ]
  [ -8.127613   -9.0139065]
  [ -7.927088   -9.297789 ]
  [ -7.9281945  -9.289878 ]
  [ -9.063639   -8.5008745]
  [ -8.486103   -8.725827 ]
  [ -8.404505   -8.777233 ]
  [ -7.852262   -9.444297 ]
  [ -8.55859    -8.685072 ]
  [ -7.924722   -9.302099 ]
  [ -8.079037   -9.070922 ]
  [ -8.508431   -8.712281 ]
  [ -8.510039   -8.713532 ]
  [ -7.896897   -9.350318 ]
  [ -4.253436   -8.296448 ]
  [ -8.806271   -8.579453 ]
  [ -8.0287695  -9.136175 ]
  [ -7.7509665  -9.72685  ]
  [ -7.9743905  -9.213249 ]
  [ -8.216906   -8.922647 ]
  [ -2.486713   -6.9586425]
  [ -7.759806   -9.699583 ]
  [ -8.142698   -8.998919 ]
  [ -8.083025   -9.066629 ]
  [ -8.749039   -8.600413 ]
  [ -8.005453   -9.165493 ]
  [ -7.9542236  -9.25121  ]
  [ -9.351375   -8.439677 ]
  [ -7.681351   -9.997843 ]
  [ -8.1012535  -9.039647 ]
  [ -7.696457   -9.935072 ]
  [ -7.912722   -9.325773 ]
  [ -8.221279   -8.919503 ]
  [ -9.178911   -8.472316 ]
  [ -8.62978    -8.652275 ]
  [ -8.065071   -9.084174 ]]]

u
[[[ 1.8426723   0.87662137]
  [ 1.9299041   0.31705377]]

 [[-5.3133874  -1.4027679 ]
  [-5.8888493  -0.37307638]]]

z
[[ 1.6153259   0.61188334]
 [-0.6153259   0.38811666]]

====================
Layer 2 decoder
x_bernoulli
[[-0.10206759 -0.58750975]
 [-2.3327193  -0.81127644]]

y_bernoulli
[[-0.00708866 -2.570858  ]
 [-4.9528136  -0.07955185]]

x_categorical
[[-2.3327193  -0.81127644]]

y_categorical
[[-4.9528136  -0.07955185]]

v
[[-5.4294477 -2.3920288]
 [-5.922689  -0.1838193]]

rho_categorical
[[-7.2121897 -2.6507077]
 [-3.0959716 -4.9439645]
 [-7.8156643 -2.3002074]
 [-3.045111  -6.653464 ]
 [-7.5420666 -1.3371959]
 [-5.976285  -6.009807 ]]

t_categorical
[[[-11.388763   -4.7797756]
  [-11.737434   -9.252827 ]
  [-12.048411   -8.955298 ]
  [-11.719156   -9.287255 ]
  [-11.909814   -9.057303 ]
  [-11.6388     -9.429294 ]
  [-11.8402     -9.143076 ]
  [-11.561281   -4.529634 ]
  [-11.422913   -9.979253 ]
  [-11.441942   -9.928783 ]
  [-11.782028   -9.192862 ]
  [-12.101914   -8.916246 ]
  [-11.704334   -9.318391 ]
  [-10.763883   -4.775361 ]
  [-11.570421   -9.552603 ]
  [-11.371525  -10.208994 ]
  [-11.224962   -4.0862536]
  [-12.077481   -8.934924 ]
  [-11.64683    -9.416708 ]
  [-10.5929785  -5.604475 ]
  [-11.890951   -9.088722 ]
  [-10.792414   -5.427163 ]
  [-11.5237665  -9.667248 ]
  [-10.603892   -6.04023  ]
  [-11.541555   -9.592459 ]
  [-10.996088   -5.1175556]
  [-12.885362   -8.6053295]
  [-10.060892   -8.330541 ]
  [-11.4125395 -10.045519 ]
  [-11.497849   -9.740412 ]
  [-11.799374   -9.192695 ]
  [-11.505695   -9.704508 ]
  [-11.414722  -10.006519 ]
  [-10.541494   -7.389145 ]
  [-12.0916815  -8.921841 ]
  [-11.793545   -9.187681 ]
  [-11.453838   -9.886511 ]
  [-11.624208   -9.455713 ]
  [-12.489608   -8.713186 ]
  [ -9.696856   -8.787061 ]
  [-11.890514   -9.090573 ]
  [-12.14709    -8.88302  ]
  [-10.767788   -6.5170126]
  [-11.916649   -9.056331 ]
  [-11.6199     -9.461823 ]
  [ -9.8252     -8.733776 ]
  [-11.66415    -9.377661 ]
  [-11.276793   -6.705155 ]
  [-11.358277  -10.271766 ]
  [ -9.95541    -8.444601 ]
  [-12.381652   -8.763578 ]
  [-10.938691   -6.1297445]
  [-11.395718  -10.100397 ]
  [-11.590619   -9.524963 ]]

 [[ -9.069265  -10.20447  ]
  [ -8.151558   -6.1963925]
  [ -9.4477825  -9.805771 ]
  [ -9.115941  -10.145161 ]
  [ -9.080139  -10.198596 ]
  [ -9.028289  -10.27981  ]
  [ -9.577222   -9.730041 ]
  [ -9.131054  -10.11111  ]
  [ -8.280127   -6.191245 ]
  [ -9.384856   -9.860443 ]
  [ -9.038005  -10.261702 ]
  [ -9.075647  -10.195053 ]
  [ -9.894902   -9.5800905]
  [ -9.507151   -9.7718525]
  [ -9.6807     -9.670303 ]
  [ -9.58205    -9.718008 ]
  [ -9.661277   -9.6823015]
  [ -9.418495   -9.8238535]
  [ -9.530763   -9.757694 ]
  [ -8.916283  -10.513678 ]
  [ -8.805981  -10.846149 ]
  [ -9.084621  -10.183897 ]
  [-10.121024   -9.508322 ]
  [ -9.105284  -10.153579 ]
  [ -9.032354  -10.269784 ]
  [ -9.137727  -10.103099 ]
  [-10.081247   -9.510012 ]
  [ -9.451222   -9.7955475]
  [ -3.2305412  -9.752005 ]
  [-10.00064    -9.546549 ]
  [ -8.812017  -10.8210945]
  [ -9.080802  -10.198742 ]
  [ -8.958451  -10.398449 ]
  [-10.286866   -9.468819 ]
  [ -7.480772   -7.491668 ]
  [ -9.779419   -9.627344 ]
  [ -9.453097   -9.799254 ]
  [ -9.48609    -9.782199 ]
  [ -8.926581  -10.484524 ]
  [-10.0169325  -9.541262 ]
  [ -8.8312    -10.749761 ]
  [ -8.93161   -10.472925 ]
  [ -9.032943  -10.271605 ]
  [ -9.519867   -9.757306 ]
  [ -9.366579   -9.874289 ]
  [ -9.621409   -9.704638 ]
  [ -9.516742   -9.758552 ]
  [ -8.931592  -10.474768 ]
  [ -9.285054   -9.943932 ]
  [ -9.321524   -9.908539 ]
  [ -9.353846   -9.878832 ]
  [ -9.8593855  -9.594038 ]
  [-10.062501   -9.521648 ]
  [ -8.908375  -10.523697 ]]

 [[-12.046383   -9.342183 ]
  [-11.835351   -9.851741 ]
  [-10.8137045  -4.183582 ]
  [-12.039966   -9.350488 ]
  [-13.133542   -8.603937 ]
  [-12.405763   -8.932059 ]
  [-12.23992    -9.072923 ]
  [-12.213792   -9.101467 ]
  [-12.322405   -8.999223 ]
  [-11.678682   -3.6006978]
  [-12.43822    -8.907407 ]
  [-13.502861   -8.521835 ]
  [-11.858813   -9.761349 ]
  [-12.364382   -8.971981 ]
  [-11.111212   -3.9280992]
  [-12.109644   -9.249267 ]
  [-11.981894   -9.462137 ]
  [-11.445314   -3.6791186]
  [-12.5767765  -8.818053 ]
  [-12.143103   -9.183248 ]
  [-12.527011   -8.853043 ]
  [-12.099215   -9.257713 ]
  [-12.096967   -9.270806 ]
  [-11.784038  -10.055953 ]
  [-12.146755   -9.186099 ]
  [-13.576404   -8.50522  ]
  [-12.447338   -8.904017 ]
  [-13.0751915  -8.612253 ]
  [-11.79637    -9.9959345]
  [-10.050545   -8.444408 ]
  [-12.691982   -8.757297 ]
  [-12.083781   -9.291896 ]
  [-12.169321   -9.154443 ]
  [-12.087005   -9.276032 ]
  [-12.198479   -9.126993 ]
  [-10.833477   -5.797655 ]
  [-12.234683   -9.095376 ]
  [-12.042643   -9.349962 ]
  [-12.636662   -8.787042 ]
  [-12.615633   -8.791664 ]
  [ -9.800517   -8.937963 ]
  [-12.289779   -9.037575 ]
  [-11.809057   -9.953749 ]
  [-11.330633   -5.50282  ]
  [-13.420305   -8.536665 ]
  [-12.162691   -9.163691 ]
  [-12.028168   -9.365458 ]
  [-12.110124   -9.246157 ]
  [-13.121157   -8.60034  ]
  [-12.624432   -8.789142 ]
  [-12.866881   -8.670839 ]
  [-12.088874   -9.284513 ]
  [-11.824496   -9.8931465]
  [-11.897711   -9.638844 ]]

 [[-10.300992  -10.797388 ]
  [-10.443005  -10.735689 ]
  [ -8.763747  -11.962838 ]
  [ -8.038268   -8.150527 ]
  [ -9.00048   -11.500166 ]
  [ -9.990489  -10.831756 ]
  [-10.499182  -10.765353 ]
  [ -9.34456   -11.161186 ]
  [ -9.495569  -11.062259 ]
  [ -9.516625  -11.044237 ]
  [ -7.643873   -8.641566 ]
  [ -8.927969  -11.613438 ]
  [ -8.8425    -11.76535  ]
  [ -8.990128  -11.504421 ]
  [ -9.146555  -11.315695 ]
  [ -9.683913  -10.95552  ]
  [ -8.868727  -11.696887 ]
  [ -9.279574  -11.155718 ]
  [ -8.825571  -11.808859 ]
  [ -9.576363  -11.023405 ]
  [ -9.943488  -10.863758 ]
  [-10.46391   -10.732046 ]
  [-10.160313  -10.828289 ]
  [ -9.536614  -11.02631  ]
  [ -9.234247  -11.239715 ]
  [ -9.0070095 -11.44635  ]
  [ -9.598322  -10.966937 ]
  [ -8.803577  -11.861076 ]
  [ -8.845916  -11.756046 ]
  [ -9.584746  -11.00882  ]
  [ -3.1912396 -10.775642 ]
  [ -9.477821  -11.073696 ]
  [ -8.876413  -11.65947  ]
  [ -8.627936  -12.482978 ]
  [ -9.203994  -11.261896 ]
  [ -8.865605  -11.705486 ]
  [ -7.4659643  -8.711654 ]
  [ -8.6575365 -12.329223 ]
  [ -9.329466  -11.157546 ]
  [ -9.005645  -11.477364 ]
  [ -9.082874  -11.365179 ]
  [ -9.167581  -11.297539 ]
  [ -9.045104  -11.415806 ]
  [ -8.846092  -11.753115 ]
  [ -8.777247  -11.888443 ]
  [ -8.634702  -12.408123 ]
  [ -9.383466  -11.131077 ]
  [-10.026219  -10.850353 ]
  [ -8.812988  -11.8051815]
  [ -9.127463  -11.343422 ]
  [ -8.969548  -11.541176 ]
  [ -9.773304  -10.941367 ]
  [ -9.458565  -11.080111 ]
  [ -9.184492  -11.277962 ]]

 [[-12.269322   -8.132523 ]
  [-11.831923   -8.700392 ]
  [-12.16105    -8.230292 ]
  [-11.848339   -8.660213 ]
  [-11.094753   -3.3256822]
  [-13.003797   -7.7950335]
  [-11.938725   -8.501239 ]
  [-11.784906   -8.803508 ]
  [-11.9504     -8.484634 ]
  [-11.820906   -8.72128  ]
  [-12.406113   -8.040504 ]
  [-12.060621   -3.1974912]
  [-11.7763     -8.825064 ]
  [-12.527858   -7.973858 ]
  [-12.303578   -8.107767 ]
  [-10.88839    -3.6751463]
  [-11.598455   -9.537609 ]
  [-12.202823   -8.189188 ]
  [-11.131859   -3.3951182]
  [-12.844478   -7.8430586]
  [-11.241776   -3.6604152]
  [-12.527957   -7.9720826]
  [-11.14875    -3.8477738]
  [-11.966734   -8.455366 ]
  [-11.083934   -3.7134326]
  [-12.704339   -7.89253  ]
  [-11.561058   -3.5547795]
  [-12.143243   -8.2453   ]
  [-12.032348   -8.368305 ]
  [-12.264408   -8.141727 ]
  [-12.8523655  -7.8369083]
  [-11.221313   -7.166124 ]
  [-11.88121    -8.595628 ]
  [-12.803991   -7.8558264]
  [-12.416678   -8.033939 ]
  [-12.559107   -7.9534297]
  [-12.278357   -8.128418 ]
  [-10.834093   -5.7602544]
  [-11.856468   -8.647671 ]
  [-12.01796    -8.386871 ]
  [-12.159005   -8.230853 ]
  [-10.111113   -7.664805 ]
  [-11.787221   -8.800116 ]
  [-11.922557   -8.525972 ]
  [-10.719714   -5.0904827]
  [-12.389636   -8.051024 ]
  [-10.086072   -7.936145 ]
  [-11.666144   -9.189018 ]
  [-10.626167   -6.285991 ]
  [-12.149639   -8.238088 ]
  [-10.101103   -7.7575407]
  [-12.235305   -8.162531 ]
  [-11.034903   -5.568277 ]
  [-12.341645   -8.0833   ]]

 [[-10.430939  -11.27743  ]
  [-10.808788  -10.619869 ]
  [-10.5205555 -11.036356 ]
  [-11.431176  -10.224199 ]
  [-10.530182  -11.0343075]
  [ -9.499792   -7.9016933]
  [-10.412865  -11.332508 ]
  [-10.505204  -11.08573  ]
  [-10.783527  -10.631817 ]
  [-10.79413   -10.637976 ]
  [-11.149464  -10.359893 ]
  [-11.797131  -10.104537 ]
  [-10.06093    -7.7270575]
  [-11.138805  -10.355723 ]
  [-11.205606  -10.318747 ]
  [-11.327732  -10.27076  ]
  [-12.026752  -10.0724535]
  [-10.762089  -10.670363 ]
  [-10.62687   -10.846775 ]
  [-10.519059  -11.055452 ]
  [-11.561891  -10.175304 ]
  [-10.513934  -11.056702 ]
  [-11.970448  -10.081041 ]
  [-11.178093  -10.340633 ]
  [-11.490354  -10.204785 ]
  [-11.305905  -10.261816 ]
  [-10.943049  -10.496152 ]
  [-10.648575  -10.81884  ]
  [-11.289554  -10.281589 ]
  [-10.5554695 -10.981865 ]
  [-11.213862  -10.324095 ]
  [-10.462067  -11.183243 ]
  [ -6.5998116  -9.962527 ]
  [-11.372035  -10.250268 ]
  [-11.025322  -10.43129  ]
  [-10.564453  -10.955892 ]
  [-11.262762  -10.286275 ]
  [-10.939874  -10.497824 ]
  [ -8.9985075  -8.188103 ]
  [-11.410905  -10.226103 ]
  [-10.832828  -10.5971985]
  [-10.7216215 -10.720722 ]
  [-11.476238  -10.209119 ]
  [-10.670977  -10.780621 ]
  [-10.618323  -10.867722 ]
  [-10.583722  -10.930256 ]
  [-10.387444  -11.404438 ]
  [-10.963457  -10.4722805]
  [-11.604813  -10.155617 ]
  [-10.87555   -10.553206 ]
  [-10.812527  -10.61686  ]
  [-10.321045  -11.702371 ]
  [-10.868487  -10.564377 ]
  [-11.279085  -10.279705 ]]]

u
[[[ 1.8608886  1.2214282]
  [ 1.9348043  0.1687459]]

 [[-5.4294477 -2.3920288]
  [-5.922689  -0.1838193]]]

z
[[ 2.2729418  0.3264903]
 [-1.2729418  0.6735097]]

====================
Layer 1 decoder
x_bernoulli
[[-0.02843499 -0.88163483]
 [-3.5743186  -0.5346154 ]]

y_bernoulli
[[-0.01100016 -1.5453209 ]
 [-4.5153494  -0.23983634]]

x_categorical
[[-3.5743186 -0.5346154]]

y_categorical
[[-4.5153494  -0.23983636]]

v
[[-8.014149   -4.984057  ]
 [-4.5460496  -0.24857627]]

rho_categorical
[[-8.218134  -5.8535585]
 [-8.382327  -6.2071195]
 [-4.3244357 -5.889209 ]
 [-8.547093  -0.61903  ]
 [-7.5433903 -6.055724 ]
 [-4.2998056 -3.285287 ]]

t_categorical
[[[-12.910572   -8.29353  ]
  [-13.917547  -10.484103 ]
  [-12.789141  -11.159954 ]
  [-12.445336  -12.00993  ]
  [-12.852767  -11.067717 ]
  [-12.651599  -11.392807 ]
  [-13.090714  -10.8513775]
  [-11.489134   -9.767549 ]
  [-13.135544  -10.801155 ]
  [-13.686341  -10.56003  ]
  [-13.6518    -10.556777 ]
  [-12.750055  -11.221025 ]
  [-12.9292145 -10.990107 ]
  [-12.07481    -8.4957075]
  [-13.452202  -10.634442 ]
  [-12.905672  -10.995146 ]
  [-12.574067   -8.167817 ]
  [-13.694233  -10.559226 ]
  [-13.064576  -10.872857 ]
  [-11.54311    -9.312006 ]
  [-12.5162945 -11.704742 ]
  [-13.089399   -8.1628275]
  [-13.33939   -10.687126 ]
  [-11.769238   -8.958168 ]
  [-12.990444  -10.904398 ]
  [-12.017359   -8.632608 ]
  [-13.361091  -10.690466 ]
  [ -9.919616  -10.2437105]
  [-13.248308  -10.743563 ]
  [-12.857059  -11.065979 ]
  [-12.590288  -11.52915  ]
  [-12.953694  -10.951756 ]
  [-13.614412  -10.564488 ]
  [-12.355457   -9.020099 ]
  [-13.073708  -10.86504  ]
  [-13.080025  -10.851128 ]
  [-13.12541   -10.822552 ]
  [-13.330063  -10.701955 ]
  [-12.911734  -11.005341 ]
  [-10.808905   -9.747444 ]
  [-13.018478  -10.909763 ]
  [-13.134382  -10.818862 ]
  [-12.34152    -8.905299 ]
  [-12.53566   -11.668266 ]
  [-12.713044  -11.271503 ]
  [-10.386091  -10.230184 ]
  [-13.366592  -10.679488 ]
  [-11.814056   -9.654945 ]
  [-12.653269  -11.357395 ]
  [-10.939127   -9.834134 ]
  [-13.074892  -10.864307 ]
  [-12.7683735  -8.539688 ]
  [-13.725386  -10.540799 ]
  [-12.559385  -11.607443 ]]

 [[-12.322716  -11.407417 ]
  [-11.368864   -8.264829 ]
  [-12.605428  -10.864822 ]
  [-12.742813  -10.734093 ]
  [-12.666798  -10.814661 ]
  [-12.426198  -11.172081 ]
  [-13.094842  -10.480543 ]
  [-12.201699  -11.872093 ]
  [-11.244488   -8.451075 ]
  [-12.760324  -10.712894 ]
  [-12.702855  -10.769473 ]
  [-12.628244  -10.841769 ]
  [-12.420198  -11.156328 ]
  [-13.2413845 -10.4110775]
  [-12.696102  -10.760878 ]
  [-12.6831665 -10.771322 ]
  [-12.969115  -10.545797 ]
  [-12.264107  -11.586357 ]
  [-13.077399  -10.489912 ]
  [-12.73507   -10.743548 ]
  [-12.760532  -10.708778 ]
  [-13.026344  -10.511427 ]
  [-13.339819  -10.364353 ]
  [-13.057632  -10.49365  ]
  [-12.306705  -11.4634695]
  [-12.712098  -10.7430725]
  [-12.547035  -10.9214525]
  [-12.699814  -10.748085 ]
  [-10.136455   -9.072135 ]
  [-12.667355  -10.79673  ]
  [-12.431871  -11.155837 ]
  [-12.322648  -11.428572 ]
  [-13.798854  -10.218895 ]
  [-12.394651  -11.187803 ]
  [-11.934424   -7.7970805]
  [-12.423407  -11.156736 ]
  [-12.628294  -10.835306 ]
  [-12.299568  -11.47452  ]
  [-12.702504  -10.769382 ]
  [-13.115322  -10.464512 ]
  [-12.614648  -10.859378 ]
  [-12.992353  -10.537144 ]
  [-12.505849  -11.022972 ]
  [-12.780649  -10.680132 ]
  [-12.761898  -10.711298 ]
  [-12.493814  -11.03205  ]
  [-12.617163  -10.853921 ]
  [-12.298283  -11.5051365]
  [-12.927576  -10.574329 ]
  [-13.324956  -10.371038 ]
  [-12.330554  -11.3804245]
  [-13.5041685 -10.314951 ]
  [-12.730942  -10.718229 ]
  [-12.476539  -11.066376 ]]

 [[-10.771311  -10.672064 ]
  [-11.101109  -10.475521 ]
  [ -9.113071   -8.580783 ]
  [-11.793413  -10.264994 ]
  [-10.353666  -11.207643 ]
  [-11.416318  -10.355577 ]
  [-10.239891  -11.4679165]
  [-10.406386  -11.090238 ]
  [-10.7465515 -10.690696 ]
  [ -9.612286   -8.113014 ]
  [-11.49304   -10.334723 ]
  [-11.00964   -10.524547 ]
  [-10.333384  -11.230974 ]
  [-11.116457  -10.470794 ]
  [ -9.387513   -8.276739 ]
  [-10.327836  -11.254549 ]
  [-11.179102  -10.438528 ]
  [-10.21159    -7.8483515]
  [-10.947487  -10.554712 ]
  [-10.733187  -10.694239 ]
  [-10.827728  -10.635398 ]
  [-10.970518  -10.539566 ]
  [-10.868061  -10.60783  ]
  [-11.103964  -10.473649 ]
  [-11.702803  -10.27964  ]
  [-11.36626   -10.373919 ]
  [-11.299599  -10.395724 ]
  [-10.444965  -11.0375395]
  [-10.120623  -11.951479 ]
  [ -5.015387  -10.591783 ]
  [-11.5923815 -10.309865 ]
  [-10.161631  -11.763375 ]
  [-10.680004  -10.744026 ]
  [-10.589727  -10.841532 ]
  [-10.881329  -10.592844 ]
  [ -9.622186   -8.463551 ]
  [-10.827112  -10.635609 ]
  [-10.570116  -10.865703 ]
  [-10.9176655 -10.574261 ]
  [-10.606874  -10.8226185]
  [ -5.258047   -9.706186 ]
  [-10.175149  -11.704724 ]
  [-10.452713  -11.027407 ]
  [-10.869623   -8.047312 ]
  [-11.320545  -10.3921585]
  [-10.881485  -10.586778 ]
  [-10.78261   -10.658614 ]
  [-10.772572  -10.673471 ]
  [-10.549082  -10.894476 ]
  [-10.752037  -10.688063 ]
  [-11.050741  -10.492091 ]
  [-10.244242  -11.470134 ]
  [-10.184277  -11.667267 ]
  [-10.382423  -11.127332 ]]

 [[-13.265981   -7.131966 ]
  [-12.4929695  -8.315262 ]
  [-13.318756   -7.113661 ]
  [-11.8743515  -1.5698106]
  [-13.638735   -6.9677854]
  [-12.526606   -8.210061 ]
  [-13.318195   -7.098842 ]
  [-13.833902   -6.905779 ]
  [-13.239418   -7.1545024]
  [-12.9498205  -7.39353  ]
  [-12.10952    -1.5656818]
  [-14.146917   -6.8362074]
  [-13.08496    -7.2739863]
  [-12.919943   -7.4335313]
  [-12.912264   -7.4413404]
  [-12.718983   -7.715502 ]
  [-12.67772    -7.8258796]
  [-12.466302   -8.528431 ]
  [-13.573756   -6.992742 ]
  [-13.487548   -7.0229797]
  [-12.713448   -7.721812 ]
  [-12.46207    -8.440651 ]
  [-13.416225   -7.0537224]
  [-12.73406    -7.687398 ]
  [-13.152847   -7.215318 ]
  [-12.508119   -8.348024 ]
  [-12.462974   -8.514387 ]
  [-13.575417   -6.992699 ]
  [-13.003086   -7.348284 ]
  [-12.890678   -7.460395 ]
  [ -9.855843   -6.1281643]
  [-13.379365   -7.074925 ]
  [-12.529299   -8.262379 ]
  [-12.965685   -7.3903685]
  [-12.920584   -7.4295573]
  [-12.721849   -7.7319508]
  [-11.968267   -2.4110868]
  [-12.823301   -7.569036 ]
  [-12.812874   -7.5641956]
  [-12.775167   -7.6306505]
  [-12.590132   -8.0395775]
  [-12.986533   -7.358687 ]
  [-12.613226   -7.974658 ]
  [-12.913353   -7.4444675]
  [-12.51747    -8.313917 ]
  [-12.525192   -8.289269 ]
  [-13.395181   -7.068005 ]
  [-12.867355   -7.47374  ]
  [-12.551551   -8.178703 ]
  [-13.314307   -7.1122103]
  [-13.264851   -7.1434155]
  [-13.666555   -6.952985 ]
  [-13.06337    -7.281911 ]
  [-12.8509245  -7.5144615]]

 [[-12.555134  -11.576143 ]
  [-12.481779  -11.746991 ]
  [-13.154321  -10.90932  ]
  [-12.826489  -11.162922 ]
  [-11.726157   -8.771349 ]
  [-13.423095  -10.780624 ]
  [-12.96319   -11.037842 ]
  [-12.8158245 -11.172801 ]
  [-12.758804  -11.246041 ]
  [-12.392163  -12.02429  ]
  [-12.480805  -11.753596 ]
  [-12.18647    -8.463319 ]
  [-13.431965  -10.768041 ]
  [-12.557451  -11.570785 ]
  [-13.051292  -10.97388  ]
  [-12.74032    -8.219472 ]
  [-12.387011  -12.055294 ]
  [-13.025792  -10.990944 ]
  [-11.361888   -9.873519 ]
  [-13.171627  -10.900947 ]
  [-12.05384    -8.671022 ]
  [-13.430944  -10.776325 ]
  [-12.514886   -8.335777 ]
  [-13.22406   -10.862904 ]
  [-11.596161   -9.062645 ]
  [-12.948675  -11.053855 ]
  [-11.777384   -8.937546 ]
  [-13.750263  -10.6705   ]
  [-12.591232  -11.499955 ]
  [-12.708704  -11.314237 ]
  [-13.144364  -10.91569  ]
  [-10.067306  -10.026315 ]
  [-13.858232  -10.639022 ]
  [-13.448526  -10.77067  ]
  [-12.971047  -11.036489 ]
  [-12.466941  -11.79132  ]
  [-13.203707  -10.879726 ]
  [-11.8342285  -9.50591  ]
  [-13.649061  -10.697248 ]
  [-12.993576  -11.014011 ]
  [-12.606723  -11.475716 ]
  [ -9.359797  -10.271089 ]
  [-13.02991   -10.983355 ]
  [-12.774863  -11.223099 ]
  [-11.694238   -9.882081 ]
  [-13.893932  -10.639519 ]
  [ -9.093928  -11.353763 ]
  [-12.751282  -11.249567 ]
  [-11.857544   -9.5392   ]
  [-13.321676  -10.818221 ]
  [ -9.074809  -10.572321 ]
  [-12.591141  -11.505035 ]
  [-12.076632   -9.317153 ]
  [-14.113046  -10.598288 ]]

 [[-11.561708   -8.654064 ]
  [-11.663337   -8.62694  ]
  [-10.640064   -9.222527 ]
  [-10.490377   -9.463537 ]
  [-10.953423   -8.932556 ]
  [-10.137972   -4.419743 ]
  [-10.52729    -9.397215 ]
  [-10.886624   -8.980879 ]
  [-10.442914   -9.55578  ]
  [-10.573372   -9.3234005]
  [-10.954571   -8.932106 ]
  [-10.39073    -9.684147 ]
  [-10.477985   -4.619091 ]
  [-10.225345  -10.324915 ]
  [-11.515673   -8.665312 ]
  [-11.728149   -8.613452 ]
  [-11.140128   -8.820517 ]
  [-11.422491   -8.697969 ]
  [-10.474461   -9.492535 ]
  [-10.978062   -8.91451  ]
  [-11.201792   -8.786884 ]
  [-10.6055975  -9.272131 ]
  [-10.610544   -9.268312 ]
  [-10.447531   -9.551212 ]
  [-10.691748   -9.167426 ]
  [-10.605801   -9.2711315]
  [-10.70312    -9.153927 ]
  [-11.153053   -8.810801 ]
  [-10.887086   -8.980368 ]
  [-10.332278   -9.858492 ]
  [-11.48157    -8.680622 ]
  [-10.4294815  -9.58847  ]
  [ -4.3892717  -8.672762 ]
  [-10.828401   -9.030229 ]
  [-10.491396   -9.461931 ]
  [-11.319593   -8.732824 ]
  [-10.462574   -9.516687 ]
  [-10.478741   -9.486891 ]
  [ -9.998719   -4.639179 ]
  [-11.661785   -8.624632 ]
  [-11.222826   -8.779317 ]
  [-10.776364   -9.077727 ]
  [-10.445857   -9.554375 ]
  [-10.460078   -9.522459 ]
  [-11.36556    -8.718531 ]
  [-11.617978   -8.641102 ]
  [-10.591541   -9.288558 ]
  [-10.262114  -10.132339 ]
  [-11.807148   -8.588732 ]
  [-11.071423   -8.855915 ]
  [-10.75103    -9.103081 ]
  [-10.269075  -10.098011 ]
  [-11.081087   -8.852205 ]
  [-10.4957075  -9.451939 ]]]

u
[[[ 2.1987953   1.7890987 ]
  [ 1.7130859   0.22200392]]

 [[-8.014149   -4.984057  ]
  [-4.5460496  -0.24857627]]]

z
[[ 3.933862   0.3803118]
 [-2.933862   0.6196882]]

====================
Layer 0 decoder
x_bernoulli
[[-1.0402203e-03 -8.1998092e-01]
 [-6.8687639e+00 -5.8060455e-01]]

y_bernoulli
[[-1.4066696e-05 -4.5569234e+00]
 [-1.1174728e+01 -1.0549724e-02]]

x_categorical
[[-6.868764   -0.58060455]]

y_categorical
[[-1.1174728e+01 -1.0549730e-02]]

v
[[-11.433216   -1.2434561]
 [-12.654096   -0.3550763]]

rho_categorical
[[-9.132108   -5.774462  ]
 [-9.34664    -2.5508    ]
 [-9.620993   -0.75733685]
 [-8.325334   -5.693089  ]
 [-7.9204884  -5.6670446 ]
 [-8.665002   -5.916717  ]]

t_categorical
[[[-12.410814   -8.4843235]
  [-13.68512   -10.934483 ]
  [-13.448679  -11.284939 ]
  [-13.953436  -10.719233 ]
  [-13.753607  -10.871685 ]
  [-13.336423  -11.5273485]
  [-13.355826  -11.479906 ]
  [-12.028751   -9.307062 ]
  [-13.843227  -10.786119 ]
  [-13.890936  -10.775547 ]
  [-13.488653  -11.190956 ]
  [-13.726123  -10.912647 ]
  [-13.667253  -10.972582 ]
  [-12.348649   -8.282163 ]
  [-13.72732   -10.895521 ]
  [-14.631645  -10.426664 ]
  [-12.909456   -7.705579 ]
  [-13.261762  -11.766066 ]
  [-15.054144  -10.37542  ]
  [-12.02786    -9.117274 ]
  [-13.555595  -11.1121235]
  [-12.151271   -8.850084 ]
  [-13.471457  -11.22348  ]
  [-13.151884   -7.9066772]
  [-13.276255  -11.648935 ]
  [-12.574256   -8.223966 ]
  [-13.563942  -11.105089 ]
  [-12.380307   -9.8458805]
  [-13.232584  -11.864424 ]
  [-13.272554  -11.705263 ]
  [-13.429236  -11.320549 ]
  [-13.754851  -10.860235 ]
  [-13.7456455 -10.867863 ]
  [-12.597422   -9.438432 ]
  [-13.291     -11.661426 ]
  [-13.888895  -10.767378 ]
  [-13.429598  -11.311228 ]
  [-13.720997  -10.916321 ]
  [-14.531369  -10.479843 ]
  [-12.574274   -9.907034 ]
  [-13.334665  -11.535732 ]
  [-14.356769  -10.535477 ]
  [-13.076445   -8.931289 ]
  [-13.608135  -11.031559 ]
  [-13.187658  -12.084196 ]
  [-12.901406   -9.524586 ]
  [-13.907988  -10.757418 ]
  [-12.580283   -9.411454 ]
  [-13.2208    -11.853264 ]
  [-12.2885895 -10.250875 ]
  [-14.841152  -10.412994 ]
  [-12.453033   -9.203522 ]
  [-13.182521  -12.096458 ]
  [-13.442673  -11.29487  ]]

 [[-13.162848   -9.130904 ]
  [-12.546323   -3.4503446]
  [-13.162045   -9.1363125]
  [-14.199334   -8.251747 ]
  [-13.423683   -8.733671 ]
  [-13.682566   -8.497828 ]
  [-13.015054   -9.589891 ]
  [-13.273064   -8.914824 ]
  [-12.39336    -3.579144 ]
  [-13.858272   -8.392866 ]
  [-13.672239   -8.502569 ]
  [-13.261522   -8.942356 ]
  [-13.383329   -8.773059 ]
  [-13.070267   -9.391812 ]
  [-12.989164   -9.691475 ]
  [-13.29958    -8.880169 ]
  [-12.991883   -9.683591 ]
  [-13.571547   -8.569401 ]
  [-13.671405   -8.507879 ]
  [-13.882653   -8.38171  ]
  [-14.087607   -8.280817 ]
  [-13.471775   -8.669678 ]
  [-13.016684   -9.571203 ]
  [-13.267307   -8.936409 ]
  [-13.496944   -8.647296 ]
  [-13.445953   -8.688181 ]
  [-13.066412   -9.375686 ]
  [-13.411007   -8.722395 ]
  [-12.727627   -5.6954155]
  [-13.070652   -9.387594 ]
  [-13.494375   -8.643958 ]
  [-14.002069   -8.328402 ]
  [-13.274549   -8.905186 ]
  [-13.122483   -9.235233 ]
  [-13.813945   -4.9498143]
  [-13.427057   -8.724301 ]
  [-13.449341   -8.686988 ]
  [-13.434776   -8.711847 ]
  [-14.661275   -8.131827 ]
  [-13.307513   -8.879404 ]
  [-13.632005   -8.520497 ]
  [-13.387083   -8.76925  ]
  [-12.972038   -9.781593 ]
  [-13.104947   -9.277593 ]
  [-14.168238   -8.259541 ]
  [-13.1043825  -9.290747 ]
  [-13.754135   -8.441071 ]
  [-13.983901   -8.328932 ]
  [-13.32926    -8.844203 ]
  [-13.938722   -8.344241 ]
  [-13.802052   -8.41326  ]
  [-13.0609     -9.415491 ]
  [-13.147349   -9.168253 ]
  [-13.838031   -8.389442 ]]

 [[-13.845655   -7.895117 ]
  [-14.237729   -7.6398706]
  [-12.772232   -2.118312 ]
  [-13.781376   -7.957299 ]
  [-14.885064   -7.4442024]
  [-13.89889    -7.850238 ]
  [-13.307444   -8.938359 ]
  [-13.387119   -8.64174  ]
  [-13.702787   -8.04474  ]
  [-12.969572   -2.3128972]
  [-13.612307   -8.171987 ]
  [-14.397857   -7.577511 ]
  [-13.700122   -8.036887 ]
  [-14.302076   -7.614293 ]
  [-13.315964   -2.1664538]
  [-13.905139   -7.848777 ]
  [-13.973381   -7.7914953]
  [-13.018478   -2.2639775]
  [-13.652986   -8.114902 ]
  [-13.303156   -8.951307 ]
  [-14.177708   -7.6735935]
  [-13.828461   -7.9110403]
  [-14.611642   -7.5055304]
  [-14.822608   -7.4487457]
  [-13.456969   -8.458343 ]
  [-13.459605   -8.465055 ]
  [-13.967762   -7.800349 ]
  [-13.724323   -8.0259075]
  [-13.926888   -7.8219566]
  [-12.450342   -6.596574 ]
  [-13.80574    -7.9376926]
  [-14.941263   -7.428321 ]
  [-13.414674   -8.562158 ]
  [-13.799166   -7.9387245]
  [-13.825946   -7.9126368]
  [-12.886484   -4.9717035]
  [-14.176132   -7.6741323]
  [-14.279743   -7.6177807]
  [-13.86904    -7.880349 ]
  [-13.496879   -8.37469  ]
  [-13.220232   -5.8644714]
  [-13.774033   -7.9721117]
  [-14.75515    -7.466628 ]
  [-12.469423   -5.758418 ]
  [-14.036393   -7.758028 ]
  [-13.486051   -8.388128 ]
  [-13.413897   -8.567574 ]
  [-14.273424   -7.6226645]
  [-13.685717   -8.074677 ]
  [-13.592674   -8.201711 ]
  [-13.292355   -9.012568 ]
  [-15.014694   -7.415736 ]
  [-14.464191   -7.5475388]
  [-13.433171   -8.5018015]]

 [[-12.57779   -10.696884 ]
  [-12.261252  -11.117762 ]
  [-12.562017  -10.718674 ]
  [-10.920312   -7.0691357]
  [-12.752984  -10.552954 ]
  [-12.144437  -11.443333 ]
  [-12.608278  -10.666901 ]
  [-13.246977  -10.2998905]
  [-13.541262  -10.20834  ]
  [-12.467451  -10.817308 ]
  [-10.864868   -7.186781 ]
  [-12.878435  -10.472366 ]
  [-12.249768  -11.204405 ]
  [-12.846591  -10.477251 ]
  [-12.518429  -10.755415 ]
  [-12.357697  -10.9651985]
  [-13.790519  -10.138498 ]
  [-12.690718  -10.535834 ]
  [-12.425062  -10.891705 ]
  [-13.313889  -10.274284 ]
  [-12.124165  -11.550213 ]
  [-12.499412  -10.731832 ]
  [-13.842051  -10.149139 ]
  [-12.200325  -11.310261 ]
  [-12.386417  -10.941227 ]
  [-13.464874  -10.182093 ]
  [-12.558975  -10.662532 ]
  [-12.470016  -10.829519 ]
  [-12.325612  -11.042533 ]
  [-13.650694  -10.175095 ]
  [-10.746786   -8.817552 ]
  [-13.044754  -10.377283 ]
  [-12.293741  -11.053598 ]
  [-12.826607  -10.491314 ]
  [-13.537346  -10.203173 ]
  [-12.157035  -11.444538 ]
  [-11.099542   -7.721826 ]
  [-12.55079   -10.71381  ]
  [-12.78962   -10.509804 ]
  [-12.384298  -10.932474 ]
  [-12.46086   -10.801304 ]
  [-12.856447  -10.472303 ]
  [-13.222516  -10.279018 ]
  [-12.159561  -11.449118 ]
  [-12.766626  -10.495443 ]
  [-12.220749  -11.213436 ]
  [-12.540446  -10.74119  ]
  [-12.231297  -11.23444  ]
  [-12.615036  -10.627722 ]
  [-12.462926  -10.834951 ]
  [-12.472242  -10.822428 ]
  [-12.639223  -10.643667 ]
  [-12.589611  -10.683078 ]
  [-12.746571  -10.542898 ]]

 [[-13.657276  -10.6864   ]
  [-12.498928  -11.14598  ]
  [-13.176001  -10.800786 ]
  [-13.345752  -10.743067 ]
  [-10.595034   -9.031397 ]
  [-13.379465  -10.749046 ]
  [-13.176546  -10.795862 ]
  [-13.174843  -10.795899 ]
  [-13.573197  -10.702146 ]
  [-12.028284  -11.8623085]
  [-12.260205  -11.412781 ]
  [-10.584761   -9.246866 ]
  [-12.351845  -11.287555 ]
  [-12.834718  -10.936796 ]
  [-13.5455885 -10.70823  ]
  [-10.873308   -8.390717 ]
  [-13.1302395 -10.798575 ]
  [-12.142303  -11.601668 ]
  [-11.156679   -8.053187 ]
  [-12.829327  -10.939612 ]
  [-11.508748   -7.9531937]
  [-12.457608  -11.189216 ]
  [-12.406324   -7.5934277]
  [-12.212736  -11.472528 ]
  [-11.681152   -7.755248 ]
  [-11.935275  -12.190025 ]
  [-11.324758   -8.075711 ]
  [-12.250937  -11.42202  ]
  [-12.294374  -11.359525 ]
  [-12.679127  -11.021772 ]
  [-12.4946995 -11.154716 ]
  [-10.936441  -10.427902 ]
  [-12.043026  -11.81592  ]
  [-12.378837  -11.269361 ]
  [-12.224151  -11.465673 ]
  [-12.493483  -11.153446 ]
  [-12.20917   -11.488202 ]
  [-11.931988   -9.075819 ]
  [-12.660892  -11.026279 ]
  [-11.94946   -12.122475 ]
  [-12.205446  -11.491924 ]
  [-11.413027   -9.716495 ]
  [-13.000301  -10.851149 ]
  [-12.329598  -11.31375  ]
  [-11.470633   -8.847658 ]
  [-12.627388  -11.053887 ]
  [-11.157862  -10.349959 ]
  [-12.783623  -10.950651 ]
  [-11.304625   -9.400749 ]
  [-13.335511  -10.753014 ]
  [-11.092112  -10.238899 ]
  [-11.934546  -12.185629 ]
  [-10.813013  -10.098913 ]
  [-13.014219  -10.857078 ]]

 [[-13.249727  -10.702044 ]
  [-12.697031  -11.135852 ]
  [-13.459993  -10.59642  ]
  [-12.899134  -10.926153 ]
  [-13.011184  -10.843061 ]
  [-11.195141   -7.4355297]
  [-13.446807  -10.617121 ]
  [-12.501654  -11.456099 ]
  [-13.456197  -10.60005  ]
  [-12.664934  -11.179785 ]
  [-12.925129  -10.909199 ]
  [-13.239035  -10.699085 ]
  [-11.295504   -7.416906 ]
  [-13.065975  -10.798159 ]
  [-12.802149  -11.00942  ]
  [-13.334878  -10.6696205]
  [-13.633393  -10.566968 ]
  [-13.73353   -10.533849 ]
  [-12.854887  -10.954176 ]
  [-13.459987  -10.615888 ]
  [-12.483511  -11.494074 ]
  [-12.405356  -11.685226 ]
  [-12.325319  -11.988156 ]
  [-13.231051  -10.713775 ]
  [-12.778785  -11.043011 ]
  [-13.753059  -10.516222 ]
  [-12.41139   -11.680803 ]
  [-12.411816  -11.678936 ]
  [-13.297554  -10.679721 ]
  [-13.060016  -10.808157 ]
  [-12.810053  -11.011829 ]
  [-12.949032  -10.873445 ]
  [-11.372966   -8.530117 ]
  [-13.1635065 -10.750067 ]
  [-13.718079  -10.536333 ]
  [-12.299467  -12.100687 ]
  [-12.566889  -11.319712 ]
  [-13.07464   -10.797621 ]
  [-11.248478   -7.864882 ]
  [-12.752823  -11.062674 ]
  [-13.535944  -10.593082 ]
  [-13.95402   -10.487339 ]
  [-13.899971  -10.500549 ]
  [-13.837863  -10.5016   ]
  [-12.546286  -11.367157 ]
  [-12.993975  -10.857524 ]
  [-12.612852  -11.231968 ]
  [-12.5824375 -11.294452 ]
  [-13.118372  -10.761568 ]
  [-13.193373  -10.729549 ]
  [-12.836161  -10.9832535]
  [-12.881031  -10.943233 ]
  [-12.727669  -11.101498 ]
  [-12.379759  -11.770403 ]]]

u
[[[  2.5203717    0.8080176 ]
  [  2.6140394    0.30385777]]

 [[-11.433216    -1.2434561 ]
  [-12.654096    -0.3550763 ]]]

z
[[ 2.0365047  0.7942962]
 [-1.0365047  0.2057038]]

--------------------------
