===================== Inference Activations ======================
--------------------------
Inference example 0
input t
[[[[ 0  0]
   [-9 -9]
   [-9 -9]
   [-9 -9]
   [-9 -9]
   [-9 -9]
   [-9 -9]
   [-9 -9]
   [-9 -9]
   [-9 -9]
   [-9 -9]
   [-9 -9]
   [-9 -9]
   [-9 -9]
   [-9 -9]
   [-9 -9]
   [-9 -9]
   [-9 -9]
   [-9 -9]
   [-9 -9]
   [-9 -9]
   [-9 -9]
   [-9 -9]
   [-9 -9]
   [-9 -9]
   [-9 -9]
   [-9 -9]
   [-9 -9]
   [-9 -9]
   [-9 -9]
   [-9 -9]
   [-9 -9]
   [-9 -9]
   [-9 -9]
   [-9 -9]
   [-9 -9]
   [-9 -9]
   [-9 -9]
   [-9 -9]
   [-9 -9]
   [-9 -9]
   [-9 -9]
   [-9 -9]
   [-9 -9]
   [-9 -9]
   [-9 -9]
   [-9 -9]
   [-9 -9]
   [-9 -9]
   [-9 -9]
   [-9 -9]
   [-9 -9]
   [-9 -9]
   [-9 -9]]

  [[-9 -9]
   [ 0  0]
   [-9 -9]
   [-9 -9]
   [-9 -9]
   [-9 -9]
   [-9 -9]
   [-9 -9]
   [-9 -9]
   [-9 -9]
   [-9 -9]
   [-9 -9]
   [-9 -9]
   [-9 -9]
   [-9 -9]
   [-9 -9]
   [-9 -9]
   [-9 -9]
   [-9 -9]
   [-9 -9]
   [-9 -9]
   [-9 -9]
   [-9 -9]
   [-9 -9]
   [-9 -9]
   [-9 -9]
   [-9 -9]
   [-9 -9]
   [-9 -9]
   [-9 -9]
   [-9 -9]
   [-9 -9]
   [-9 -9]
   [-9 -9]
   [-9 -9]
   [-9 -9]
   [-9 -9]
   [-9 -9]
   [-9 -9]
   [-9 -9]
   [-9 -9]
   [-9 -9]
   [-9 -9]
   [-9 -9]
   [-9 -9]
   [-9 -9]
   [-9 -9]
   [-9 -9]
   [-9 -9]
   [-9 -9]
   [-9 -9]
   [-9 -9]
   [-9 -9]
   [-9 -9]]

  [[-9 -9]
   [-9 -9]
   [-9 -9]
   [-9 -9]
   [-9 -9]
   [-9 -9]
   [-9 -9]
   [-9 -9]
   [-9 -9]
   [-9 -9]
   [-9 -9]
   [-9 -9]
   [-9 -9]
   [-9 -9]
   [-9 -9]
   [-9 -9]
   [-9 -9]
   [-9 -9]
   [-9 -9]
   [-9 -9]
   [-9 -9]
   [-9 -9]
   [-9 -9]
   [-9 -9]
   [-9 -9]
   [-9 -9]
   [-9 -9]
   [-9 -9]
   [-9 -9]
   [-9 -9]
   [-9 -9]
   [-9 -9]
   [-9 -9]
   [-9 -9]
   [-9 -9]
   [-9 -9]
   [-9 -9]
   [-9 -9]
   [-9 -9]
   [-9 -9]
   [-9 -9]
   [-9 -9]
   [-9 -9]
   [-9 -9]
   [-9 -9]
   [-9 -9]
   [-9 -9]
   [-9 -9]
   [-9 -9]
   [-9 -9]
   [-9 -9]
   [-9 -9]
   [-9 -9]
   [ 0  0]]

  [[-9 -9]
   [-9 -9]
   [-9 -9]
   [-9 -9]
   [-9 -9]
   [-9 -9]
   [-9 -9]
   [-9 -9]
   [-9 -9]
   [-9 -9]
   [-9 -9]
   [-9 -9]
   [-9 -9]
   [-9 -9]
   [-9 -9]
   [-9 -9]
   [-9 -9]
   [-9 -9]
   [-9 -9]
   [-9 -9]
   [-9 -9]
   [-9 -9]
   [-9 -9]
   [-9 -9]
   [-9 -9]
   [-9 -9]
   [-9 -9]
   [-9 -9]
   [-9 -9]
   [-9 -9]
   [-9 -9]
   [-9 -9]
   [-9 -9]
   [-9 -9]
   [-9 -9]
   [-9 -9]
   [-9 -9]
   [-9 -9]
   [-9 -9]
   [-9 -9]
   [-9 -9]
   [-9 -9]
   [-9 -9]
   [-9 -9]
   [-9 -9]
   [-9 -9]
   [-9 -9]
   [-9 -9]
   [-9 -9]
   [-9 -9]
   [-9 -9]
   [-9 -9]
   [-9 -9]
   [ 0  0]]

  [[-9 -9]
   [-9 -9]
   [-9 -9]
   [-9 -9]
   [-9 -9]
   [-9 -9]
   [-9 -9]
   [-9 -9]
   [-9 -9]
   [-9 -9]
   [-9 -9]
   [-9 -9]
   [-9 -9]
   [-9 -9]
   [-9 -9]
   [-9 -9]
   [-9 -9]
   [-9 -9]
   [-9 -9]
   [-9 -9]
   [-9 -9]
   [-9 -9]
   [-9 -9]
   [-9 -9]
   [-9 -9]
   [-9 -9]
   [-9 -9]
   [-9 -9]
   [-9 -9]
   [-9 -9]
   [-9 -9]
   [-9 -9]
   [-9 -9]
   [-9 -9]
   [-9 -9]
   [-9 -9]
   [-9 -9]
   [-9 -9]
   [-9 -9]
   [-9 -9]
   [-9 -9]
   [-9 -9]
   [-9 -9]
   [-9 -9]
   [-9 -9]
   [-9 -9]
   [-9 -9]
   [-9 -9]
   [-9 -9]
   [-9 -9]
   [-9 -9]
   [-9 -9]
   [-9 -9]
   [ 0  0]]

  [[-9 -9]
   [-9 -9]
   [-9 -9]
   [-9 -9]
   [-9 -9]
   [-9 -9]
   [-9 -9]
   [-9 -9]
   [-9 -9]
   [-9 -9]
   [-9 -9]
   [-9 -9]
   [-9 -9]
   [-9 -9]
   [-9 -9]
   [-9 -9]
   [-9 -9]
   [-9 -9]
   [-9 -9]
   [-9 -9]
   [-9 -9]
   [-9 -9]
   [-9 -9]
   [-9 -9]
   [-9 -9]
   [-9 -9]
   [-9 -9]
   [-9 -9]
   [-9 -9]
   [-9 -9]
   [-9 -9]
   [-9 -9]
   [-9 -9]
   [-9 -9]
   [-9 -9]
   [-9 -9]
   [-9 -9]
   [-9 -9]
   [-9 -9]
   [-9 -9]
   [-9 -9]
   [-9 -9]
   [-9 -9]
   [-9 -9]
   [-9 -9]
   [-9 -9]
   [-9 -9]
   [-9 -9]
   [-9 -9]
   [-9 -9]
   [-9 -9]
   [-9 -9]
   [-9 -9]
   [ 0  0]]]


 [[[ 0  0]
   [-9 -9]
   [-9 -9]
   [-9 -9]
   [-9 -9]
   [-9 -9]
   [-9 -9]
   [-9 -9]
   [-9 -9]
   [-9 -9]
   [-9 -9]
   [-9 -9]
   [-9 -9]
   [-9 -9]
   [-9 -9]
   [-9 -9]
   [-9 -9]
   [-9 -9]
   [-9 -9]
   [-9 -9]
   [-9 -9]
   [-9 -9]
   [-9 -9]
   [-9 -9]
   [-9 -9]
   [-9 -9]
   [-9 -9]
   [-9 -9]
   [-9 -9]
   [-9 -9]
   [-9 -9]
   [-9 -9]
   [-9 -9]
   [-9 -9]
   [-9 -9]
   [-9 -9]
   [-9 -9]
   [-9 -9]
   [-9 -9]
   [-9 -9]
   [-9 -9]
   [-9 -9]
   [-9 -9]
   [-9 -9]
   [-9 -9]
   [-9 -9]
   [-9 -9]
   [-9 -9]
   [-9 -9]
   [-9 -9]
   [-9 -9]
   [-9 -9]
   [-9 -9]
   [-9 -9]]

  [[-9 -9]
   [ 0  0]
   [-9 -9]
   [-9 -9]
   [-9 -9]
   [-9 -9]
   [-9 -9]
   [-9 -9]
   [-9 -9]
   [-9 -9]
   [-9 -9]
   [-9 -9]
   [-9 -9]
   [-9 -9]
   [-9 -9]
   [-9 -9]
   [-9 -9]
   [-9 -9]
   [-9 -9]
   [-9 -9]
   [-9 -9]
   [-9 -9]
   [-9 -9]
   [-9 -9]
   [-9 -9]
   [-9 -9]
   [-9 -9]
   [-9 -9]
   [-9 -9]
   [-9 -9]
   [-9 -9]
   [-9 -9]
   [-9 -9]
   [-9 -9]
   [-9 -9]
   [-9 -9]
   [-9 -9]
   [-9 -9]
   [-9 -9]
   [-9 -9]
   [-9 -9]
   [-9 -9]
   [-9 -9]
   [-9 -9]
   [-9 -9]
   [-9 -9]
   [-9 -9]
   [-9 -9]
   [-9 -9]
   [-9 -9]
   [-9 -9]
   [-9 -9]
   [-9 -9]
   [-9 -9]]

  [[-9 -9]
   [-9 -9]
   [-9 -9]
   [-9 -9]
   [-9 -9]
   [-9 -9]
   [-9 -9]
   [-9 -9]
   [-9 -9]
   [-9 -9]
   [-9 -9]
   [-9 -9]
   [-9 -9]
   [-9 -9]
   [-9 -9]
   [-9 -9]
   [-9 -9]
   [-9 -9]
   [-9 -9]
   [-9 -9]
   [-9 -9]
   [-9 -9]
   [-9 -9]
   [-9 -9]
   [-9 -9]
   [-9 -9]
   [-9 -9]
   [-9 -9]
   [-9 -9]
   [-9 -9]
   [-9 -9]
   [-9 -9]
   [-9 -9]
   [-9 -9]
   [-9 -9]
   [-9 -9]
   [-9 -9]
   [-9 -9]
   [-9 -9]
   [-9 -9]
   [-9 -9]
   [-9 -9]
   [-9 -9]
   [-9 -9]
   [-9 -9]
   [-9 -9]
   [-9 -9]
   [-9 -9]
   [-9 -9]
   [-9 -9]
   [-9 -9]
   [-9 -9]
   [-9 -9]
   [ 0  0]]

  [[-9 -9]
   [-9 -9]
   [-9 -9]
   [-9 -9]
   [-9 -9]
   [-9 -9]
   [-9 -9]
   [-9 -9]
   [-9 -9]
   [-9 -9]
   [-9 -9]
   [-9 -9]
   [-9 -9]
   [-9 -9]
   [-9 -9]
   [-9 -9]
   [-9 -9]
   [-9 -9]
   [-9 -9]
   [-9 -9]
   [-9 -9]
   [-9 -9]
   [-9 -9]
   [-9 -9]
   [-9 -9]
   [-9 -9]
   [-9 -9]
   [-9 -9]
   [-9 -9]
   [-9 -9]
   [-9 -9]
   [-9 -9]
   [-9 -9]
   [-9 -9]
   [-9 -9]
   [-9 -9]
   [-9 -9]
   [-9 -9]
   [-9 -9]
   [-9 -9]
   [-9 -9]
   [-9 -9]
   [-9 -9]
   [-9 -9]
   [-9 -9]
   [-9 -9]
   [-9 -9]
   [-9 -9]
   [-9 -9]
   [-9 -9]
   [-9 -9]
   [-9 -9]
   [-9 -9]
   [ 0  0]]

  [[-9 -9]
   [-9 -9]
   [-9 -9]
   [-9 -9]
   [-9 -9]
   [-9 -9]
   [-9 -9]
   [-9 -9]
   [-9 -9]
   [-9 -9]
   [-9 -9]
   [-9 -9]
   [-9 -9]
   [-9 -9]
   [-9 -9]
   [-9 -9]
   [-9 -9]
   [-9 -9]
   [-9 -9]
   [-9 -9]
   [-9 -9]
   [-9 -9]
   [-9 -9]
   [-9 -9]
   [-9 -9]
   [-9 -9]
   [-9 -9]
   [-9 -9]
   [-9 -9]
   [-9 -9]
   [-9 -9]
   [-9 -9]
   [-9 -9]
   [-9 -9]
   [-9 -9]
   [-9 -9]
   [-9 -9]
   [-9 -9]
   [-9 -9]
   [-9 -9]
   [-9 -9]
   [-9 -9]
   [-9 -9]
   [-9 -9]
   [-9 -9]
   [-9 -9]
   [-9 -9]
   [-9 -9]
   [-9 -9]
   [-9 -9]
   [-9 -9]
   [-9 -9]
   [-9 -9]
   [ 0  0]]

  [[-9 -9]
   [-9 -9]
   [-9 -9]
   [-9 -9]
   [-9 -9]
   [-9 -9]
   [-9 -9]
   [-9 -9]
   [-9 -9]
   [-9 -9]
   [-9 -9]
   [-9 -9]
   [-9 -9]
   [-9 -9]
   [-9 -9]
   [-9 -9]
   [-9 -9]
   [-9 -9]
   [-9 -9]
   [-9 -9]
   [-9 -9]
   [-9 -9]
   [-9 -9]
   [-9 -9]
   [-9 -9]
   [-9 -9]
   [-9 -9]
   [-9 -9]
   [-9 -9]
   [-9 -9]
   [-9 -9]
   [-9 -9]
   [-9 -9]
   [-9 -9]
   [-9 -9]
   [-9 -9]
   [-9 -9]
   [-9 -9]
   [-9 -9]
   [-9 -9]
   [-9 -9]
   [-9 -9]
   [-9 -9]
   [-9 -9]
   [-9 -9]
   [-9 -9]
   [-9 -9]
   [-9 -9]
   [-9 -9]
   [-9 -9]
   [-9 -9]
   [-9 -9]
   [-9 -9]
   [ 0  0]]]


 [[[ 0  0]
   [-9 -9]
   [-9 -9]
   [-9 -9]
   [-9 -9]
   [-9 -9]
   [-9 -9]
   [-9 -9]
   [-9 -9]
   [-9 -9]
   [-9 -9]
   [-9 -9]
   [-9 -9]
   [-9 -9]
   [-9 -9]
   [-9 -9]
   [-9 -9]
   [-9 -9]
   [-9 -9]
   [-9 -9]
   [-9 -9]
   [-9 -9]
   [-9 -9]
   [-9 -9]
   [-9 -9]
   [-9 -9]
   [-9 -9]
   [-9 -9]
   [-9 -9]
   [-9 -9]
   [-9 -9]
   [-9 -9]
   [-9 -9]
   [-9 -9]
   [-9 -9]
   [-9 -9]
   [-9 -9]
   [-9 -9]
   [-9 -9]
   [-9 -9]
   [-9 -9]
   [-9 -9]
   [-9 -9]
   [-9 -9]
   [-9 -9]
   [-9 -9]
   [-9 -9]
   [-9 -9]
   [-9 -9]
   [-9 -9]
   [-9 -9]
   [-9 -9]
   [-9 -9]
   [-9 -9]]

  [[-9 -9]
   [ 0  0]
   [-9 -9]
   [-9 -9]
   [-9 -9]
   [-9 -9]
   [-9 -9]
   [-9 -9]
   [-9 -9]
   [-9 -9]
   [-9 -9]
   [-9 -9]
   [-9 -9]
   [-9 -9]
   [-9 -9]
   [-9 -9]
   [-9 -9]
   [-9 -9]
   [-9 -9]
   [-9 -9]
   [-9 -9]
   [-9 -9]
   [-9 -9]
   [-9 -9]
   [-9 -9]
   [-9 -9]
   [-9 -9]
   [-9 -9]
   [-9 -9]
   [-9 -9]
   [-9 -9]
   [-9 -9]
   [-9 -9]
   [-9 -9]
   [-9 -9]
   [-9 -9]
   [-9 -9]
   [-9 -9]
   [-9 -9]
   [-9 -9]
   [-9 -9]
   [-9 -9]
   [-9 -9]
   [-9 -9]
   [-9 -9]
   [-9 -9]
   [-9 -9]
   [-9 -9]
   [-9 -9]
   [-9 -9]
   [-9 -9]
   [-9 -9]
   [-9 -9]
   [-9 -9]]

  [[-9 -9]
   [-9 -9]
   [-9 -9]
   [-9 -9]
   [-9 -9]
   [-9 -9]
   [-9 -9]
   [-9 -9]
   [-9 -9]
   [-9 -9]
   [-9 -9]
   [-9 -9]
   [-9 -9]
   [-9 -9]
   [-9 -9]
   [-9 -9]
   [-9 -9]
   [-9 -9]
   [-9 -9]
   [-9 -9]
   [-9 -9]
   [-9 -9]
   [-9 -9]
   [-9 -9]
   [-9 -9]
   [-9 -9]
   [-9 -9]
   [-9 -9]
   [-9 -9]
   [-9 -9]
   [-9 -9]
   [-9 -9]
   [-9 -9]
   [-9 -9]
   [-9 -9]
   [-9 -9]
   [-9 -9]
   [-9 -9]
   [-9 -9]
   [-9 -9]
   [-9 -9]
   [-9 -9]
   [-9 -9]
   [-9 -9]
   [-9 -9]
   [-9 -9]
   [-9 -9]
   [-9 -9]
   [-9 -9]
   [-9 -9]
   [-9 -9]
   [-9 -9]
   [-9 -9]
   [ 0  0]]

  [[-9 -9]
   [-9 -9]
   [-9 -9]
   [-9 -9]
   [-9 -9]
   [-9 -9]
   [-9 -9]
   [-9 -9]
   [-9 -9]
   [-9 -9]
   [-9 -9]
   [-9 -9]
   [-9 -9]
   [-9 -9]
   [-9 -9]
   [-9 -9]
   [-9 -9]
   [-9 -9]
   [-9 -9]
   [-9 -9]
   [-9 -9]
   [-9 -9]
   [-9 -9]
   [-9 -9]
   [-9 -9]
   [-9 -9]
   [-9 -9]
   [-9 -9]
   [-9 -9]
   [-9 -9]
   [-9 -9]
   [-9 -9]
   [-9 -9]
   [-9 -9]
   [-9 -9]
   [-9 -9]
   [-9 -9]
   [-9 -9]
   [-9 -9]
   [-9 -9]
   [-9 -9]
   [-9 -9]
   [-9 -9]
   [-9 -9]
   [-9 -9]
   [-9 -9]
   [-9 -9]
   [-9 -9]
   [-9 -9]
   [-9 -9]
   [-9 -9]
   [-9 -9]
   [-9 -9]
   [ 0  0]]

  [[-9 -9]
   [-9 -9]
   [-9 -9]
   [-9 -9]
   [-9 -9]
   [-9 -9]
   [-9 -9]
   [-9 -9]
   [-9 -9]
   [-9 -9]
   [-9 -9]
   [-9 -9]
   [-9 -9]
   [-9 -9]
   [-9 -9]
   [-9 -9]
   [-9 -9]
   [-9 -9]
   [-9 -9]
   [-9 -9]
   [-9 -9]
   [-9 -9]
   [-9 -9]
   [-9 -9]
   [-9 -9]
   [-9 -9]
   [-9 -9]
   [-9 -9]
   [-9 -9]
   [-9 -9]
   [-9 -9]
   [-9 -9]
   [-9 -9]
   [-9 -9]
   [-9 -9]
   [-9 -9]
   [-9 -9]
   [-9 -9]
   [-9 -9]
   [-9 -9]
   [-9 -9]
   [-9 -9]
   [-9 -9]
   [-9 -9]
   [-9 -9]
   [-9 -9]
   [-9 -9]
   [-9 -9]
   [-9 -9]
   [-9 -9]
   [-9 -9]
   [-9 -9]
   [-9 -9]
   [ 0  0]]

  [[-9 -9]
   [-9 -9]
   [-9 -9]
   [-9 -9]
   [-9 -9]
   [-9 -9]
   [-9 -9]
   [-9 -9]
   [-9 -9]
   [-9 -9]
   [-9 -9]
   [-9 -9]
   [-9 -9]
   [-9 -9]
   [-9 -9]
   [-9 -9]
   [-9 -9]
   [-9 -9]
   [-9 -9]
   [-9 -9]
   [-9 -9]
   [-9 -9]
   [-9 -9]
   [-9 -9]
   [-9 -9]
   [-9 -9]
   [-9 -9]
   [-9 -9]
   [-9 -9]
   [-9 -9]
   [-9 -9]
   [-9 -9]
   [-9 -9]
   [-9 -9]
   [-9 -9]
   [-9 -9]
   [-9 -9]
   [-9 -9]
   [-9 -9]
   [-9 -9]
   [-9 -9]
   [-9 -9]
   [-9 -9]
   [-9 -9]
   [-9 -9]
   [-9 -9]
   [-9 -9]
   [-9 -9]
   [-9 -9]
   [-9 -9]
   [-9 -9]
   [-9 -9]
   [-9 -9]
   [ 0  0]]]


 [[[ 0  0]
   [-9 -9]
   [-9 -9]
   [-9 -9]
   [-9 -9]
   [-9 -9]
   [-9 -9]
   [-9 -9]
   [-9 -9]
   [-9 -9]
   [-9 -9]
   [-9 -9]
   [-9 -9]
   [-9 -9]
   [-9 -9]
   [-9 -9]
   [-9 -9]
   [-9 -9]
   [-9 -9]
   [-9 -9]
   [-9 -9]
   [-9 -9]
   [-9 -9]
   [-9 -9]
   [-9 -9]
   [-9 -9]
   [-9 -9]
   [-9 -9]
   [-9 -9]
   [-9 -9]
   [-9 -9]
   [-9 -9]
   [-9 -9]
   [-9 -9]
   [-9 -9]
   [-9 -9]
   [-9 -9]
   [-9 -9]
   [-9 -9]
   [-9 -9]
   [-9 -9]
   [-9 -9]
   [-9 -9]
   [-9 -9]
   [-9 -9]
   [-9 -9]
   [-9 -9]
   [-9 -9]
   [-9 -9]
   [-9 -9]
   [-9 -9]
   [-9 -9]
   [-9 -9]
   [-9 -9]]

  [[-9 -9]
   [ 0  0]
   [-9 -9]
   [-9 -9]
   [-9 -9]
   [-9 -9]
   [-9 -9]
   [-9 -9]
   [-9 -9]
   [-9 -9]
   [-9 -9]
   [-9 -9]
   [-9 -9]
   [-9 -9]
   [-9 -9]
   [-9 -9]
   [-9 -9]
   [-9 -9]
   [-9 -9]
   [-9 -9]
   [-9 -9]
   [-9 -9]
   [-9 -9]
   [-9 -9]
   [-9 -9]
   [-9 -9]
   [-9 -9]
   [-9 -9]
   [-9 -9]
   [-9 -9]
   [-9 -9]
   [-9 -9]
   [-9 -9]
   [-9 -9]
   [-9 -9]
   [-9 -9]
   [-9 -9]
   [-9 -9]
   [-9 -9]
   [-9 -9]
   [-9 -9]
   [-9 -9]
   [-9 -9]
   [-9 -9]
   [-9 -9]
   [-9 -9]
   [-9 -9]
   [-9 -9]
   [-9 -9]
   [-9 -9]
   [-9 -9]
   [-9 -9]
   [-9 -9]
   [-9 -9]]

  [[-9 -9]
   [-9 -9]
   [-9 -9]
   [-9 -9]
   [-9 -9]
   [-9 -9]
   [-9 -9]
   [-9 -9]
   [-9 -9]
   [-9 -9]
   [-9 -9]
   [-9 -9]
   [-9 -9]
   [-9 -9]
   [-9 -9]
   [-9 -9]
   [-9 -9]
   [-9 -9]
   [-9 -9]
   [-9 -9]
   [-9 -9]
   [-9 -9]
   [-9 -9]
   [-9 -9]
   [-9 -9]
   [-9 -9]
   [-9 -9]
   [-9 -9]
   [-9 -9]
   [-9 -9]
   [-9 -9]
   [-9 -9]
   [-9 -9]
   [-9 -9]
   [-9 -9]
   [-9 -9]
   [-9 -9]
   [-9 -9]
   [-9 -9]
   [-9 -9]
   [-9 -9]
   [-9 -9]
   [-9 -9]
   [-9 -9]
   [-9 -9]
   [-9 -9]
   [-9 -9]
   [-9 -9]
   [-9 -9]
   [-9 -9]
   [-9 -9]
   [-9 -9]
   [-9 -9]
   [ 0  0]]

  [[-9 -9]
   [-9 -9]
   [-9 -9]
   [-9 -9]
   [-9 -9]
   [-9 -9]
   [-9 -9]
   [-9 -9]
   [-9 -9]
   [-9 -9]
   [-9 -9]
   [-9 -9]
   [-9 -9]
   [-9 -9]
   [-9 -9]
   [-9 -9]
   [-9 -9]
   [-9 -9]
   [-9 -9]
   [-9 -9]
   [-9 -9]
   [-9 -9]
   [-9 -9]
   [-9 -9]
   [-9 -9]
   [-9 -9]
   [-9 -9]
   [-9 -9]
   [-9 -9]
   [-9 -9]
   [-9 -9]
   [-9 -9]
   [-9 -9]
   [-9 -9]
   [-9 -9]
   [-9 -9]
   [-9 -9]
   [-9 -9]
   [-9 -9]
   [-9 -9]
   [-9 -9]
   [-9 -9]
   [-9 -9]
   [-9 -9]
   [-9 -9]
   [-9 -9]
   [-9 -9]
   [-9 -9]
   [-9 -9]
   [-9 -9]
   [-9 -9]
   [-9 -9]
   [-9 -9]
   [ 0  0]]

  [[-9 -9]
   [-9 -9]
   [-9 -9]
   [-9 -9]
   [-9 -9]
   [-9 -9]
   [-9 -9]
   [-9 -9]
   [-9 -9]
   [-9 -9]
   [-9 -9]
   [-9 -9]
   [-9 -9]
   [-9 -9]
   [-9 -9]
   [-9 -9]
   [-9 -9]
   [-9 -9]
   [-9 -9]
   [-9 -9]
   [-9 -9]
   [-9 -9]
   [-9 -9]
   [-9 -9]
   [-9 -9]
   [-9 -9]
   [-9 -9]
   [-9 -9]
   [-9 -9]
   [-9 -9]
   [-9 -9]
   [-9 -9]
   [-9 -9]
   [-9 -9]
   [-9 -9]
   [-9 -9]
   [-9 -9]
   [-9 -9]
   [-9 -9]
   [-9 -9]
   [-9 -9]
   [-9 -9]
   [-9 -9]
   [-9 -9]
   [-9 -9]
   [-9 -9]
   [-9 -9]
   [-9 -9]
   [-9 -9]
   [-9 -9]
   [-9 -9]
   [-9 -9]
   [-9 -9]
   [ 0  0]]

  [[-9 -9]
   [-9 -9]
   [-9 -9]
   [-9 -9]
   [-9 -9]
   [-9 -9]
   [-9 -9]
   [-9 -9]
   [-9 -9]
   [-9 -9]
   [-9 -9]
   [-9 -9]
   [-9 -9]
   [-9 -9]
   [-9 -9]
   [-9 -9]
   [-9 -9]
   [-9 -9]
   [-9 -9]
   [-9 -9]
   [-9 -9]
   [-9 -9]
   [-9 -9]
   [-9 -9]
   [-9 -9]
   [-9 -9]
   [-9 -9]
   [-9 -9]
   [-9 -9]
   [-9 -9]
   [-9 -9]
   [-9 -9]
   [-9 -9]
   [-9 -9]
   [-9 -9]
   [-9 -9]
   [-9 -9]
   [-9 -9]
   [-9 -9]
   [-9 -9]
   [-9 -9]
   [-9 -9]
   [-9 -9]
   [-9 -9]
   [-9 -9]
   [-9 -9]
   [-9 -9]
   [-9 -9]
   [-9 -9]
   [-9 -9]
   [-9 -9]
   [-9 -9]
   [-9 -9]
   [ 0  0]]]


 [[[ 0  0]
   [-9 -9]
   [-9 -9]
   [-9 -9]
   [-9 -9]
   [-9 -9]
   [-9 -9]
   [-9 -9]
   [-9 -9]
   [-9 -9]
   [-9 -9]
   [-9 -9]
   [-9 -9]
   [-9 -9]
   [-9 -9]
   [-9 -9]
   [-9 -9]
   [-9 -9]
   [-9 -9]
   [-9 -9]
   [-9 -9]
   [-9 -9]
   [-9 -9]
   [-9 -9]
   [-9 -9]
   [-9 -9]
   [-9 -9]
   [-9 -9]
   [-9 -9]
   [-9 -9]
   [-9 -9]
   [-9 -9]
   [-9 -9]
   [-9 -9]
   [-9 -9]
   [-9 -9]
   [-9 -9]
   [-9 -9]
   [-9 -9]
   [-9 -9]
   [-9 -9]
   [-9 -9]
   [-9 -9]
   [-9 -9]
   [-9 -9]
   [-9 -9]
   [-9 -9]
   [-9 -9]
   [-9 -9]
   [-9 -9]
   [-9 -9]
   [-9 -9]
   [-9 -9]
   [-9 -9]]

  [[-9 -9]
   [ 0  0]
   [-9 -9]
   [-9 -9]
   [-9 -9]
   [-9 -9]
   [-9 -9]
   [-9 -9]
   [-9 -9]
   [-9 -9]
   [-9 -9]
   [-9 -9]
   [-9 -9]
   [-9 -9]
   [-9 -9]
   [-9 -9]
   [-9 -9]
   [-9 -9]
   [-9 -9]
   [-9 -9]
   [-9 -9]
   [-9 -9]
   [-9 -9]
   [-9 -9]
   [-9 -9]
   [-9 -9]
   [-9 -9]
   [-9 -9]
   [-9 -9]
   [-9 -9]
   [-9 -9]
   [-9 -9]
   [-9 -9]
   [-9 -9]
   [-9 -9]
   [-9 -9]
   [-9 -9]
   [-9 -9]
   [-9 -9]
   [-9 -9]
   [-9 -9]
   [-9 -9]
   [-9 -9]
   [-9 -9]
   [-9 -9]
   [-9 -9]
   [-9 -9]
   [-9 -9]
   [-9 -9]
   [-9 -9]
   [-9 -9]
   [-9 -9]
   [-9 -9]
   [-9 -9]]

  [[-9 -9]
   [-9 -9]
   [-9 -9]
   [-9 -9]
   [-9 -9]
   [-9 -9]
   [-9 -9]
   [-9 -9]
   [-9 -9]
   [-9 -9]
   [-9 -9]
   [-9 -9]
   [-9 -9]
   [-9 -9]
   [-9 -9]
   [-9 -9]
   [-9 -9]
   [-9 -9]
   [-9 -9]
   [-9 -9]
   [-9 -9]
   [-9 -9]
   [-9 -9]
   [-9 -9]
   [-9 -9]
   [-9 -9]
   [-9 -9]
   [-9 -9]
   [-9 -9]
   [-9 -9]
   [-9 -9]
   [-9 -9]
   [-9 -9]
   [-9 -9]
   [-9 -9]
   [-9 -9]
   [-9 -9]
   [-9 -9]
   [-9 -9]
   [-9 -9]
   [-9 -9]
   [-9 -9]
   [-9 -9]
   [-9 -9]
   [-9 -9]
   [-9 -9]
   [-9 -9]
   [-9 -9]
   [-9 -9]
   [-9 -9]
   [-9 -9]
   [-9 -9]
   [-9 -9]
   [ 0  0]]

  [[-9 -9]
   [-9 -9]
   [-9 -9]
   [-9 -9]
   [-9 -9]
   [-9 -9]
   [-9 -9]
   [-9 -9]
   [-9 -9]
   [-9 -9]
   [-9 -9]
   [-9 -9]
   [-9 -9]
   [-9 -9]
   [-9 -9]
   [-9 -9]
   [-9 -9]
   [-9 -9]
   [-9 -9]
   [-9 -9]
   [-9 -9]
   [-9 -9]
   [-9 -9]
   [-9 -9]
   [-9 -9]
   [-9 -9]
   [-9 -9]
   [-9 -9]
   [-9 -9]
   [-9 -9]
   [-9 -9]
   [-9 -9]
   [-9 -9]
   [-9 -9]
   [-9 -9]
   [-9 -9]
   [-9 -9]
   [-9 -9]
   [-9 -9]
   [-9 -9]
   [-9 -9]
   [-9 -9]
   [-9 -9]
   [-9 -9]
   [-9 -9]
   [-9 -9]
   [-9 -9]
   [-9 -9]
   [-9 -9]
   [-9 -9]
   [-9 -9]
   [-9 -9]
   [-9 -9]
   [ 0  0]]

  [[-9 -9]
   [-9 -9]
   [-9 -9]
   [-9 -9]
   [-9 -9]
   [-9 -9]
   [-9 -9]
   [-9 -9]
   [-9 -9]
   [-9 -9]
   [-9 -9]
   [-9 -9]
   [-9 -9]
   [-9 -9]
   [-9 -9]
   [-9 -9]
   [-9 -9]
   [-9 -9]
   [-9 -9]
   [-9 -9]
   [-9 -9]
   [-9 -9]
   [-9 -9]
   [-9 -9]
   [-9 -9]
   [-9 -9]
   [-9 -9]
   [-9 -9]
   [-9 -9]
   [-9 -9]
   [-9 -9]
   [-9 -9]
   [-9 -9]
   [-9 -9]
   [-9 -9]
   [-9 -9]
   [-9 -9]
   [-9 -9]
   [-9 -9]
   [-9 -9]
   [-9 -9]
   [-9 -9]
   [-9 -9]
   [-9 -9]
   [-9 -9]
   [-9 -9]
   [-9 -9]
   [-9 -9]
   [-9 -9]
   [-9 -9]
   [-9 -9]
   [-9 -9]
   [-9 -9]
   [ 0  0]]

  [[-9 -9]
   [-9 -9]
   [-9 -9]
   [-9 -9]
   [-9 -9]
   [-9 -9]
   [-9 -9]
   [-9 -9]
   [-9 -9]
   [-9 -9]
   [-9 -9]
   [-9 -9]
   [-9 -9]
   [-9 -9]
   [-9 -9]
   [-9 -9]
   [-9 -9]
   [-9 -9]
   [-9 -9]
   [-9 -9]
   [-9 -9]
   [-9 -9]
   [-9 -9]
   [-9 -9]
   [-9 -9]
   [-9 -9]
   [-9 -9]
   [-9 -9]
   [-9 -9]
   [-9 -9]
   [-9 -9]
   [-9 -9]
   [-9 -9]
   [-9 -9]
   [-9 -9]
   [-9 -9]
   [-9 -9]
   [-9 -9]
   [-9 -9]
   [-9 -9]
   [-9 -9]
   [-9 -9]
   [-9 -9]
   [-9 -9]
   [-9 -9]
   [-9 -9]
   [-9 -9]
   [-9 -9]
   [-9 -9]
   [-9 -9]
   [-9 -9]
   [-9 -9]
   [-9 -9]
   [ 0  0]]]


 [[[ 0  0]
   [-9 -9]
   [-9 -9]
   [-9 -9]
   [-9 -9]
   [-9 -9]
   [-9 -9]
   [-9 -9]
   [-9 -9]
   [-9 -9]
   [-9 -9]
   [-9 -9]
   [-9 -9]
   [-9 -9]
   [-9 -9]
   [-9 -9]
   [-9 -9]
   [-9 -9]
   [-9 -9]
   [-9 -9]
   [-9 -9]
   [-9 -9]
   [-9 -9]
   [-9 -9]
   [-9 -9]
   [-9 -9]
   [-9 -9]
   [-9 -9]
   [-9 -9]
   [-9 -9]
   [-9 -9]
   [-9 -9]
   [-9 -9]
   [-9 -9]
   [-9 -9]
   [-9 -9]
   [-9 -9]
   [-9 -9]
   [-9 -9]
   [-9 -9]
   [-9 -9]
   [-9 -9]
   [-9 -9]
   [-9 -9]
   [-9 -9]
   [-9 -9]
   [-9 -9]
   [-9 -9]
   [-9 -9]
   [-9 -9]
   [-9 -9]
   [-9 -9]
   [-9 -9]
   [-9 -9]]

  [[-9 -9]
   [ 0  0]
   [-9 -9]
   [-9 -9]
   [-9 -9]
   [-9 -9]
   [-9 -9]
   [-9 -9]
   [-9 -9]
   [-9 -9]
   [-9 -9]
   [-9 -9]
   [-9 -9]
   [-9 -9]
   [-9 -9]
   [-9 -9]
   [-9 -9]
   [-9 -9]
   [-9 -9]
   [-9 -9]
   [-9 -9]
   [-9 -9]
   [-9 -9]
   [-9 -9]
   [-9 -9]
   [-9 -9]
   [-9 -9]
   [-9 -9]
   [-9 -9]
   [-9 -9]
   [-9 -9]
   [-9 -9]
   [-9 -9]
   [-9 -9]
   [-9 -9]
   [-9 -9]
   [-9 -9]
   [-9 -9]
   [-9 -9]
   [-9 -9]
   [-9 -9]
   [-9 -9]
   [-9 -9]
   [-9 -9]
   [-9 -9]
   [-9 -9]
   [-9 -9]
   [-9 -9]
   [-9 -9]
   [-9 -9]
   [-9 -9]
   [-9 -9]
   [-9 -9]
   [-9 -9]]

  [[-9 -9]
   [-9 -9]
   [-9 -9]
   [-9 -9]
   [-9 -9]
   [-9 -9]
   [-9 -9]
   [-9 -9]
   [-9 -9]
   [-9 -9]
   [-9 -9]
   [-9 -9]
   [-9 -9]
   [-9 -9]
   [-9 -9]
   [-9 -9]
   [-9 -9]
   [-9 -9]
   [-9 -9]
   [-9 -9]
   [-9 -9]
   [-9 -9]
   [-9 -9]
   [-9 -9]
   [-9 -9]
   [-9 -9]
   [-9 -9]
   [-9 -9]
   [-9 -9]
   [-9 -9]
   [-9 -9]
   [-9 -9]
   [-9 -9]
   [-9 -9]
   [-9 -9]
   [-9 -9]
   [-9 -9]
   [-9 -9]
   [-9 -9]
   [-9 -9]
   [-9 -9]
   [-9 -9]
   [-9 -9]
   [-9 -9]
   [-9 -9]
   [-9 -9]
   [-9 -9]
   [-9 -9]
   [-9 -9]
   [-9 -9]
   [-9 -9]
   [-9 -9]
   [-9 -9]
   [ 0  0]]

  [[-9 -9]
   [-9 -9]
   [-9 -9]
   [-9 -9]
   [-9 -9]
   [-9 -9]
   [-9 -9]
   [-9 -9]
   [-9 -9]
   [-9 -9]
   [-9 -9]
   [-9 -9]
   [-9 -9]
   [-9 -9]
   [-9 -9]
   [-9 -9]
   [-9 -9]
   [-9 -9]
   [-9 -9]
   [-9 -9]
   [-9 -9]
   [-9 -9]
   [-9 -9]
   [-9 -9]
   [-9 -9]
   [-9 -9]
   [-9 -9]
   [-9 -9]
   [-9 -9]
   [-9 -9]
   [-9 -9]
   [-9 -9]
   [-9 -9]
   [-9 -9]
   [-9 -9]
   [-9 -9]
   [-9 -9]
   [-9 -9]
   [-9 -9]
   [-9 -9]
   [-9 -9]
   [-9 -9]
   [-9 -9]
   [-9 -9]
   [-9 -9]
   [-9 -9]
   [-9 -9]
   [-9 -9]
   [-9 -9]
   [-9 -9]
   [-9 -9]
   [-9 -9]
   [-9 -9]
   [ 0  0]]

  [[-9 -9]
   [-9 -9]
   [-9 -9]
   [-9 -9]
   [-9 -9]
   [-9 -9]
   [-9 -9]
   [-9 -9]
   [-9 -9]
   [-9 -9]
   [-9 -9]
   [-9 -9]
   [-9 -9]
   [-9 -9]
   [-9 -9]
   [-9 -9]
   [-9 -9]
   [-9 -9]
   [-9 -9]
   [-9 -9]
   [-9 -9]
   [-9 -9]
   [-9 -9]
   [-9 -9]
   [-9 -9]
   [-9 -9]
   [-9 -9]
   [-9 -9]
   [-9 -9]
   [-9 -9]
   [-9 -9]
   [-9 -9]
   [-9 -9]
   [-9 -9]
   [-9 -9]
   [-9 -9]
   [-9 -9]
   [-9 -9]
   [-9 -9]
   [-9 -9]
   [-9 -9]
   [-9 -9]
   [-9 -9]
   [-9 -9]
   [-9 -9]
   [-9 -9]
   [-9 -9]
   [-9 -9]
   [-9 -9]
   [-9 -9]
   [-9 -9]
   [-9 -9]
   [-9 -9]
   [ 0  0]]

  [[-9 -9]
   [-9 -9]
   [-9 -9]
   [-9 -9]
   [-9 -9]
   [-9 -9]
   [-9 -9]
   [-9 -9]
   [-9 -9]
   [-9 -9]
   [-9 -9]
   [-9 -9]
   [-9 -9]
   [-9 -9]
   [-9 -9]
   [-9 -9]
   [-9 -9]
   [-9 -9]
   [-9 -9]
   [-9 -9]
   [-9 -9]
   [-9 -9]
   [-9 -9]
   [-9 -9]
   [-9 -9]
   [-9 -9]
   [-9 -9]
   [-9 -9]
   [-9 -9]
   [-9 -9]
   [-9 -9]
   [-9 -9]
   [-9 -9]
   [-9 -9]
   [-9 -9]
   [-9 -9]
   [-9 -9]
   [-9 -9]
   [-9 -9]
   [-9 -9]
   [-9 -9]
   [-9 -9]
   [-9 -9]
   [-9 -9]
   [-9 -9]
   [-9 -9]
   [-9 -9]
   [-9 -9]
   [-9 -9]
   [-9 -9]
   [-9 -9]
   [-9 -9]
   [-9 -9]
   [ 0  0]]]]
output t
[[-3.9628623 -7.7718315 -7.6801157 -7.314649  -7.655677  -7.3607845
  -7.4797716 -3.9070807 -7.637108  -7.7181554 -7.76156   -7.346344
  -7.8706617 -3.9143372 -7.574276  -7.4867625 -3.6262305 -7.6902184
  -7.528303  -4.1032057 -8.139922  -4.1353955 -7.3191214 -4.1435
  -7.3566074 -4.03333   -7.5813465 -2.044866  -7.370332  -7.4576726
  -7.4575067 -7.6006317 -7.757051  -4.8901763 -7.3942704 -7.8841076
  -7.416296  -7.5818276 -7.870479  -2.0535707 -7.568976  -7.3435
  -4.8188114 -7.5962863 -7.8675194 -2.0369234 -7.8183556 -4.8029585
  -7.466388  -2.0933406 -7.660904  -4.805142  -8.003603  -7.5452247]
 [-8.821997  -3.0208519 -8.884005  -8.710815  -8.755256  -8.813943
  -8.8855915 -8.697261  -3.0675588 -8.8278675 -8.705335  -8.867792
  -8.6748705 -9.024899  -8.915233  -8.760419  -8.885821  -8.700849
  -8.787437  -8.798389  -8.604657  -8.692395  -8.795235  -8.790386
  -8.827882  -8.69514   -8.695934  -8.596663  -4.1334925 -8.732172
  -8.740513  -8.732629  -8.635735  -8.852584  -4.0174613 -8.756174
  -8.615598  -8.714377  -8.631116  -8.788213  -8.631098  -8.740208
  -8.915057  -8.898704  -8.683961  -8.802388  -8.599918  -8.642501
  -8.784171  -8.529854  -8.702698  -8.784849  -8.822618  -8.590982 ]
 [-8.221418  -8.14484   -1.7472942 -8.334913  -7.885226  -8.081696
  -8.639065  -8.486894  -8.314796  -1.7904506 -8.309741  -7.974665
  -8.251902  -8.003565  -1.7621078 -8.266636  -8.107224  -1.7821872
  -8.339765  -8.794622  -7.998256  -8.228811  -8.119589  -8.051903
  -8.384183  -8.3219    -8.152595  -8.148663  -8.299937  -4.8985415
  -8.130393  -8.002749  -8.468116  -8.301785  -8.273386  -3.5025704
  -8.135929  -8.097022  -8.204783  -8.352507  -4.779361  -8.328417
  -8.1218195 -3.5489464 -8.045936  -8.345884  -8.585068  -8.1063595
  -8.131692  -8.279007  -8.375217  -7.998296  -8.166069  -8.61089  ]
 [-7.851478  -8.449963  -7.9139977 -1.3435385 -7.8209295 -8.407896
  -7.854586  -7.711687  -7.9284415 -8.032829  -1.3428844 -7.716355
  -8.06786   -8.269507  -8.119274  -8.224489  -8.36307   -8.617207
  -7.9073477 -7.841479  -8.18047   -8.567047  -7.7773743 -8.320618
  -8.003294  -8.45499   -8.640372  -7.8235426 -8.140758  -8.083055
  -4.528282  -7.8846736 -8.469767  -8.14373   -8.166675  -8.385175
  -2.0785751 -8.144344  -8.310432  -8.418558  -8.49011   -8.144728
  -8.499314  -8.21173   -8.698708  -8.479946  -7.861478  -8.1537485
  -8.646827  -7.953371  -7.955663  -7.8071566 -8.048794  -8.297711 ]
 [-6.8702188 -7.1406584 -6.762347  -6.74368   -2.8017583 -7.0030737
  -7.4560466 -8.050415  -6.9971175 -7.7528877 -7.124846  -2.7738714
  -7.924601  -7.1883225 -7.1132655 -2.920575  -6.9522886 -7.506878
  -2.8364105 -7.27488   -2.9237814 -6.927038  -2.9914417 -7.366503
  -2.948405  -7.583809  -2.8933933 -7.2885375 -7.218707  -7.119097
  -6.6542687 -1.6274616 -7.505785  -6.733175  -7.0887494 -7.198781
  -7.5449176 -4.0970173 -7.3969703 -7.1896286 -6.8918304 -1.6155146
  -7.1066465 -7.2469897 -3.9817367 -6.871502  -1.60159   -7.457854
  -4.2018986 -7.2268715 -1.7028301 -6.847869  -4.129461  -7.050129 ]
 [-8.9384575 -8.866855  -8.799025  -8.738131  -8.741538  -2.7473683
  -8.9099    -8.856523  -8.886293  -8.901394  -8.924283  -8.729474
  -2.7518303 -8.914152  -8.74657   -8.790419  -8.837189  -8.70817
  -8.898296  -8.7711525 -8.751091  -8.728875  -8.943223  -8.9633045
  -8.943729  -8.623213  -8.687635  -8.883855  -8.739401  -9.058584
  -8.6846    -8.929318  -5.0477014 -8.737706  -9.011288  -8.872348
  -8.7657995 -8.961141  -2.927367  -8.739328  -8.836736  -8.971956
  -8.880062  -8.741835  -8.875791  -8.857845  -9.001578  -8.889498
  -8.605466  -8.98007   -8.927502  -9.315927  -8.77005   -8.692685 ]]

=========================
Layer 0 encoder
z
[[-0.6931472 -0.6931472]
 [-0.6931472 -0.6931472]]

u
[[[-0.6931472 -0.6931472]
  [-0.6931472 -0.6931472]]

 [[-0.6931472 -0.6931472]
  [-0.6931472 -0.6931472]]]

v
[[-0.6931472 -0.6931472]
 [-0.6931472 -0.6931472]]

y_categorical
[[-0.69314706 -0.6931472 ]]

y_bernoulli
[[-0.6931472  -0.6931472 ]
 [-0.6931471  -0.69314724]]

rho_categorical
[[-5.3681631e+00 -8.6667043e-01]
 [-7.1340127e+00  1.2100763e-03]
 [-4.6095457e+00 -3.0099115e+00]
 [-3.3652463e+00 -3.5097573e+00]
 [-3.7307699e+00 -1.3074360e+00]
 [-5.0015130e+00 -2.6890037e+00]]

x_categorical
[[-6.9816236 -2.5404873]]

x_bernoulli
[[-0.01171365 -4.4528437 ]
 [-4.4528503  -0.01171374]]

z_prime
[[-0.6931472 -0.6931472]
 [-0.6931472 -0.6931472]]

=========================
Layer 1 encoder
z
[[-0.6931472 -0.6931472]
 [-0.6931472 -0.6931472]]

u
[[[-0.6931472 -0.6931472]
  [-0.6931472 -0.6931472]]

 [[-0.6931472 -0.6931472]
  [-0.6931472 -0.6931472]]]

v
[[-0.6931472 -0.6931472]
 [-0.6931472 -0.6931472]]

y_categorical
[[-0.6931472 -0.6931472]]

y_bernoulli
[[-0.6931472 -0.6931472]
 [-0.6931472 -0.6931472]]

rho_categorical
[[-3.6995790e+00 -3.9297789e-01]
 [-4.0966220e+00  9.9287799e-04]
 [-3.3485098e+00 -2.5633473e+00]
 [-5.1889410e+00 -4.2438755e+00]
 [-2.9934824e+00 -2.6204453e+00]
 [-3.2937925e+00 -2.4195995e+00]]

x_categorical
[[-5.1065044 -3.6740174]]

x_bernoulli
[[-0.21407415 -1.6465613 ]
 [-1.6465611  -0.21407413]]

z_prime
[[-0.6931472 -0.6931472]
 [-0.6931472 -0.6931472]]

=========================
Layer 2 encoder
z
[[-0.6931472 -0.6931472]
 [-0.6931472 -0.6931472]]

u
[[[-0.6931472 -0.6931472]
  [-0.6931472 -0.6931472]]

 [[-0.6931472 -0.6931472]
  [-0.6931472 -0.6931472]]]

v
[[-0.6931472 -0.6931472]
 [-0.6931472 -0.6931472]]

y_categorical
[[-0.6931472 -0.6931472]]

y_bernoulli
[[-0.6931472 -0.6931472]
 [-0.6931472 -0.6931472]]

rho_categorical
[[-1.0587941e+00 -4.1066175e+00]
 [-3.9266574e+00 -1.9830848e-01]
 [-3.0799828e+00 -4.3080564e+00]
 [-3.3133047e+00  1.6187312e-04]
 [-2.1645513e+00 -3.9120593e+00]
 [-2.2083328e+00 -3.9697902e+00]]

x_categorical
[[-3.7478614 -0.2235836]]

x_bernoulli
[[-0.02904712 -3.5533257 ]
 [-3.553325   -0.02904709]]

z_prime
[[-0.6931472 -0.6931472]
 [-0.6931472 -0.6931472]]

=========================
Layer 3 encoder
z
[[-0.6931472 -0.6931472]
 [-0.6931472 -0.6931472]]

u
[[[-0.6931472 -0.6931472]
  [-0.6931472 -0.6931472]]

 [[-0.6931472 -0.6931472]
  [-0.6931472 -0.6931472]]]

v
[[-0.6931472 -0.6931472]
 [-0.6931472 -0.6931472]]

y_categorical
[[-0.6931472 -0.6931472]]

y_bernoulli
[[-0.6931472 -0.6931472]
 [-0.6931472 -0.6931472]]

rho_categorical
[[-2.9020514  -0.6304026 ]
 [-5.8889027  -0.60554796]
 [-3.2995083  -0.57986915]
 [-5.2041035  -0.79583585]
 [-4.369933   -0.6527913 ]
 [-4.077692   -0.9959021 ]]

x_categorical
[[-5.8651814 -0.973451 ]]

x_bernoulli
[[-0.0074804  -4.899217  ]
 [-4.899211   -0.00748032]]

z_prime
[[-0.6931472 -0.6931472]
 [-0.6931472 -0.6931472]]

=========================
Layer 4 encoder
z
[[-0.6931472 -0.6931472]
 [-0.6931472 -0.6931472]]

u
[[[-0.6931472 -0.6931472]
  [-0.6931472 -0.6931472]]

 [[-0.6931472 -0.6931472]
  [-0.6931472 -0.6931472]]]

v
[[-0.6931472 -0.6931472]
 [-0.6931472 -0.6931472]]

y_categorical
[[-0.6931472 -0.6931472]]

y_bernoulli
[[-0.6931472 -0.6931472]
 [-0.6931472 -0.6931472]]

rho_categorical
[[-1.2031641  -2.2193832 ]
 [-1.233068   -1.3755981 ]
 [-2.491897   -0.9774783 ]
 [-2.4397326  -0.91992694]
 [-2.11989    -0.45947447]
 [-1.4746381  -0.6903674 ]]

x_categorical
[[-1.4499856 -1.0012445]]

x_bernoulli
[[-0.4937393  -0.9424805 ]
 [-0.9424803  -0.49373925]]

z_prime
[[-0.49373937 -0.94248056]
 [-0.9424803  -0.49373925]]

=========================
Layer 5 encoder
z
[[-0.49373937 -0.94248056]
 [-0.9424803  -0.49373925]]

u
[[[-0.49373937 -0.49373937]
  [-0.94248056 -0.94248056]]

 [[-0.9424803  -0.9424803 ]
  [-0.49373925 -0.49373925]]]

v
[[-0.9424803  -0.9424803 ]
 [-0.49373925 -0.49373925]]

y_categorical
[[-0.49519795 -0.9413156 ]]

y_bernoulli
[[-0.9408802  -0.4947624 ]
 [-0.49476236 -0.94088   ]]

rho_categorical
[[-1.7659922  -0.38889167]
 [-3.618262   -0.01848909]
 [-1.6671907  -0.59503824]
 [-2.535971   -0.27013868]
 [-1.9968028  -0.29599056]
 [-2.0684536  -0.09480541]]

x_categorical
[[-3.046187   -0.14891118]]

x_bernoulli
[[-0.05370506 -2.9509816 ]
 [-2.9509807  -0.053705  ]]

z_prime
[[-0.08267957 -2.5338387 ]
 [-2.5338373  -0.08267957]]

====================
Layer 5 decoder
x_bernoulli
[[-0.12632853 -2.13137   ]
 [-2.1313684  -0.12632841]]

y_bernoulli
[[-4.7443509e-03 -5.3531799e+00]
 [-5.3531775e+00 -4.7443509e-03]]

x_categorical
[[-2.1313684  -0.12632842]]

y_categorical
[[-5.3531775e+00 -4.7443439e-03]]

v
[[-8.513932   -0.23221803]
 [-5.3964963  -1.5970466 ]]

rho_categorical
[[-2.1403992 -2.482122 ]
 [-8.754785  -6.108297 ]
 [-7.875695  -6.1785283]
 [-9.219258  -5.9345713]
 [-8.250647  -0.2405495]
 [-8.684767  -5.3774247]]

t_categorical
[[[ -4.47707    -7.9666967]
  [-10.889487   -8.466299 ]
  [ -9.977078   -9.364064 ]
  [-10.638652   -8.607554 ]
  [-10.793244   -8.518416 ]
  [-10.154086   -9.040419 ]
  [-10.139831   -9.062984 ]
  [ -4.520735   -7.772341 ]
  [-10.814033   -8.495947 ]
  [ -9.90052    -9.554095 ]
  [-10.931909   -8.451425 ]
  [-10.128775   -9.091346 ]
  [ -9.990851   -9.309225 ]
  [ -4.4767413  -7.570346 ]
  [-10.640252   -8.591932 ]
  [-10.985322   -8.434623 ]
  [ -4.696188   -7.1161237]
  [ -9.903408   -9.56741  ]
  [ -9.976142   -9.3661785]
  [ -4.400258   -8.137551 ]
  [ -9.85484    -9.686965 ]
  [ -4.4117165  -8.24275  ]
  [-10.619386   -8.612142 ]
  [ -4.3859386  -8.745381 ]
  [-11.356946   -8.34807  ]
  [ -4.4340467  -7.823518 ]
  [ -9.833357   -9.853124 ]
  [ -8.5741205  -3.1388357]
  [-10.212329   -8.953586 ]
  [-10.472707   -8.701453 ]
  [-10.025254   -9.262357 ]
  [-10.870763   -8.47782  ]
  [-10.8657675  -8.465709 ]
  [ -5.082388   -8.991329 ]
  [-10.20748    -8.978848 ]
  [-10.506906   -8.656467 ]
  [-10.241754   -8.918702 ]
  [-10.0559225  -9.192913 ]
  [-10.423478   -8.727056 ]
  [ -8.525943   -4.836571 ]
  [-10.080668   -9.155175 ]
  [-10.3639     -8.81481  ]
  [ -5.1245337  -8.2079315]
  [-10.543155   -8.657545 ]
  [ -9.995876   -9.294867 ]
  [ -8.889989   -4.12801  ]
  [-10.29219    -8.84688  ]
  [ -5.10954    -9.077365 ]
  [-11.082593   -8.396417 ]
  [ -7.9256563  -5.0085573]
  [-10.014656   -9.287038 ]
  [ -5.1548004  -7.9054976]
  [-10.285565   -8.827404 ]
  [ -9.947028   -9.432708 ]]

 [[-13.423646  -10.297672 ]
  [-11.149734   -9.195244 ]
  [-12.95949   -10.911972 ]
  [-13.202147  -10.598274 ]
  [-14.157354   -9.972982 ]
  [-13.041966  -10.861239 ]
  [-13.708839  -10.073145 ]
  [-13.867704  -10.043224 ]
  [-11.142931   -9.131412 ]
  [-12.816967  -11.670946 ]
  [-13.410682  -10.352375 ]
  [-12.949123  -10.943138 ]
  [-13.880575   -9.979843 ]
  [-13.003721  -10.8981495]
  [-13.240767  -10.432734 ]
  [-13.133694  -10.549496 ]
  [-13.570841  -10.124341 ]
  [-13.068623  -10.63685  ]
  [-13.139093  -10.63633  ]
  [-13.172724  -10.65844  ]
  [-13.588566  -10.219477 ]
  [-13.596222  -10.194342 ]
  [-13.468935  -10.167286 ]
  [-13.363963  -10.36085  ]
  [-13.097383  -10.710035 ]
  [-13.29106   -10.380861 ]
  [-13.704922  -10.010708 ]
  [-13.790062  -10.041837 ]
  [-11.109632   -8.08037  ]
  [-14.424898   -9.816032 ]
  [-13.377889  -10.362917 ]
  [-13.637848  -10.200918 ]
  [-14.028361   -9.987638 ]
  [-13.144639  -10.504529 ]
  [-10.177122  -10.134476 ]
  [-13.349147  -10.344345 ]
  [-13.952595   -9.99134  ]
  [-13.523392  -10.221719 ]
  [-13.113055  -10.68967  ]
  [-13.234283  -10.43073  ]
  [-13.784378  -10.1045265]
  [-13.704718  -10.15789  ]
  [-14.030429   -9.998928 ]
  [-12.9603    -10.905317 ]
  [-13.07583   -10.768105 ]
  [-14.0601     -9.932535 ]
  [-13.445692  -10.261895 ]
  [-13.81593   -10.1110935]
  [-13.321688  -10.39144  ]
  [-14.205772   -9.939964 ]
  [-13.0068035 -10.7973585]
  [-13.704935  -10.033806 ]
  [-13.007802  -10.736959 ]
  [-13.971236  -10.029644 ]]

 [[-13.4085655 -10.82593  ]
  [-13.038973  -11.378807 ]
  [ -9.090991  -10.658798 ]
  [-13.448902  -10.766699 ]
  [-13.640785  -10.701569 ]
  [-14.218592  -10.410713 ]
  [-13.392679  -10.806461 ]
  [-13.501829  -10.718135 ]
  [-13.766737  -10.569483 ]
  [ -9.482112  -10.383008 ]
  [-13.001571  -11.417112 ]
  [-14.628439  -10.335962 ]
  [-14.238461  -10.416861 ]
  [-13.403595  -10.859357 ]
  [-10.473982   -9.417807 ]
  [-13.081419  -11.291782 ]
  [-13.508589  -10.746391 ]
  [-10.15931    -9.401981 ]
  [-13.289433  -10.944191 ]
  [-13.113037  -11.078283 ]
  [-13.353365  -10.912765 ]
  [-13.099346  -11.211597 ]
  [-13.417835  -10.84762  ]
  [-14.271262  -10.42022  ]
  [-13.190758  -11.019434 ]
  [-13.020978  -11.3895645]
  [-13.849577  -10.54636  ]
  [-14.076738  -10.475335 ]
  [-13.951584  -10.518463 ]
  [-11.594592   -7.602173 ]
  [-14.199682  -10.423395 ]
  [-13.376488  -10.902627 ]
  [-13.242851  -10.946684 ]
  [-13.46011   -10.7762375]
  [-13.427551  -10.789548 ]
  [-11.4486065  -9.555021 ]
  [-13.005787  -11.484091 ]
  [-13.803423  -10.57263  ]
  [-13.2212715 -11.046395 ]
  [-13.997119  -10.48832  ]
  [-11.7248955  -8.090509 ]
  [-12.973681  -11.554789 ]
  [-13.087667  -11.30374  ]
  [-10.445309  -10.120881 ]
  [-13.158275  -11.164911 ]
  [-14.319063  -10.3857   ]
  [-13.063341  -11.218534 ]
  [-13.487745  -10.766965 ]
  [-13.501011  -10.772512 ]
  [-13.271189  -10.959911 ]
  [-14.086042  -10.440226 ]
  [-13.056196  -11.3890295]
  [-13.359936  -10.902971 ]
  [-14.1022625 -10.430063 ]]

 [[-14.08576    -9.715063 ]
  [-13.868725   -9.772379 ]
  [-13.889228   -9.990659 ]
  [-10.972708   -9.695243 ]
  [-13.716229  -10.156358 ]
  [-14.140769   -9.656103 ]
  [-13.842759   -9.867662 ]
  [-14.321152   -9.67464  ]
  [-13.980964   -9.840748 ]
  [-14.244756   -9.680269 ]
  [-11.692824   -8.904421 ]
  [-13.767782  -10.114548 ]
  [-13.672039  -10.207425 ]
  [-13.351368  -10.879239 ]
  [-13.778603  -10.040342 ]
  [-14.332108   -9.609094 ]
  [-13.744761  -10.072636 ]
  [-13.978858   -9.783613 ]
  [-13.381296  -10.884423 ]
  [-13.911612   -9.882453 ]
  [-14.240496   -9.640257 ]
  [-13.554779  -10.065102 ]
  [-14.1444645  -9.704329 ]
  [-13.519632  -10.326267 ]
  [-13.748991  -10.073326 ]
  [-13.978467   -9.834208 ]
  [-13.5958395 -10.088629 ]
  [-14.058686   -9.863415 ]
  [-13.783711  -10.0634775]
  [-14.277723   -9.652973 ]
  [-11.561082   -8.791669 ]
  [-14.02488    -9.809167 ]
  [-13.770443  -10.003279 ]
  [-13.866562  -10.002462 ]
  [-13.773851  -10.028759 ]
  [-13.336986  -10.867081 ]
  [-11.418542   -9.283081 ]
  [-14.346701   -9.70977  ]
  [-13.324961  -10.910387 ]
  [-13.362236  -10.7823925]
  [-13.65534   -10.127134 ]
  [-13.575752  -10.306911 ]
  [-13.482423  -10.412606 ]
  [-13.702141  -10.147405 ]
  [-13.551504  -10.255462 ]
  [-14.266857   -9.712191 ]
  [-14.010241   -9.837843 ]
  [-13.887454   -9.814094 ]
  [-13.321774  -10.784903 ]
  [-13.447117  -10.628574 ]
  [-13.465409  -10.598051 ]
  [-13.682642  -10.107079 ]
  [-13.968249   -9.825599 ]
  [-13.290541  -11.101061 ]]

 [[-14.477796   -7.132336 ]
  [-14.127114   -7.348853 ]
  [-14.997199   -6.9443793]
  [-15.008454   -6.9346037]
  [-10.250996   -6.6647267]
  [-14.184262   -7.3442035]
  [-13.759014   -7.8682275]
  [-13.517936   -8.708673 ]
  [-14.307587   -7.222564 ]
  [-13.636507   -8.169163 ]
  [-14.064662   -7.4456654]
  [-11.199966   -6.1143622]
  [-13.538376   -8.508576 ]
  [-14.021263   -7.5017085]
  [-14.04728    -7.4550853]
  [-10.487948   -6.3967814]
  [-14.427954   -7.115454 ]
  [-13.706722   -8.041398 ]
  [-10.187463   -6.7357235]
  [-13.880448   -7.710395 ]
  [-10.697538   -6.427044 ]
  [-14.375807   -7.197623 ]
  [-11.312132   -6.080541 ]
  [-13.783552   -7.806632 ]
  [-10.841431   -6.19544  ]
  [-13.661938   -8.2388315]
  [-10.786102   -6.238847 ]
  [-13.882319   -7.6606054]
  [-13.941614   -7.565917 ]
  [-14.141558   -7.367041 ]
  [-15.288978   -6.8880696]
  [-13.184913   -1.6777887]
  [-13.694596   -7.978599 ]
  [-14.961775   -6.9598927]
  [-14.103253   -7.4066877]
  [-13.901691   -7.6571836]
  [-13.705138   -8.056435 ]
  [-12.688276   -6.307729 ]
  [-13.828134   -7.7260613]
  [-13.9934     -7.4945073]
  [-14.514546   -7.1130195]
  [-13.030035   -1.6693099]
  [-14.110333   -7.3491426]
  [-13.921403   -7.577216 ]
  [-11.457937   -6.398799 ]
  [-14.517101   -7.1180143]
  [-13.645493   -1.6390555]
  [-13.795824   -7.7313457]
  [-11.356564   -7.52523  ]
  [-13.905329   -7.6302004]
  [-12.940311   -1.7412429]
  [-14.635673   -7.060564 ]
  [-11.719183   -6.674629 ]
  [-14.173719   -7.340544 ]]

 [[-13.258505  -10.211262 ]
  [-13.297028  -10.15836  ]
  [-14.198799   -9.623487 ]
  [-13.900663   -9.719336 ]
  [-14.452384   -9.5325985]
  [-10.03545    -9.306793 ]
  [-13.434667  -10.0360775]
  [-13.581191   -9.905144 ]
  [-13.309235  -10.126198 ]
  [-13.348262  -10.116073 ]
  [-13.116952  -10.474634 ]
  [-14.248315   -9.617453 ]
  [-10.6253395  -8.598862 ]
  [-13.736758   -9.821919 ]
  [-13.667962   -9.826902 ]
  [-13.590903   -9.850972 ]
  [-13.536385   -9.893585 ]
  [-14.335913   -9.569111 ]
  [-13.621242   -9.880184 ]
  [-14.188416   -9.617722 ]
  [-13.424639  -10.023172 ]
  [-14.055643   -9.673634 ]
  [-13.324713  -10.122156 ]
  [-13.279112  -10.217047 ]
  [-13.316     -10.156515 ]
  [-14.568776   -9.545847 ]
  [-14.085012   -9.650401 ]
  [-13.219736  -10.269218 ]
  [-14.379387   -9.564412 ]
  [-13.30825   -10.182341 ]
  [-13.701056   -9.793571 ]
  [-13.600723   -9.893461 ]
  [-12.232601   -6.3268614]
  [-13.613305   -9.865627 ]
  [-13.113461  -10.479399 ]
  [-13.023685  -10.592688 ]
  [-13.747879   -9.80732  ]
  [-13.251209  -10.253794 ]
  [-10.417021   -8.956957 ]
  [-13.651757   -9.833471 ]
  [-13.624628   -9.860863 ]
  [-13.148655  -10.414341 ]
  [-13.267891  -10.229494 ]
  [-14.013674   -9.693665 ]
  [-13.165811  -10.35947  ]
  [-13.481095   -9.888756 ]
  [-13.183697  -10.251722 ]
  [-13.535456   -9.951689 ]
  [-14.472145   -9.53919  ]
  [-13.161959  -10.369188 ]
  [-13.151178  -10.414017 ]
  [-12.927912  -11.057001 ]
  [-14.009732   -9.648233 ]
  [-14.462744   -9.564566 ]]]

u
[[[ 2.2527573   0.20881581]
  [ 1.8557503   0.9543749 ]]

 [[-8.513932   -0.23221803]
  [-5.3964963  -1.5970466 ]]]

z
[[ 0.47041136  1.7710816 ]
 [ 0.52958864 -0.77108157]]

====================
Layer 4 decoder
x_bernoulli
[[-0.7231735  -0.07575297]
 [-0.6639962  -2.617916  ]]

y_bernoulli
[[-0.51721656 -0.11623925]
 [-0.9067803  -2.209661  ]]

x_categorical
[[-0.6639962 -2.617916 ]]

y_categorical
[[-0.9067803 -2.209661 ]]

v
[[-2.0116634 -2.3442035]
 [-1.3091247 -4.282054 ]]

rho_categorical
[[ -0.7805785  -9.639774 ]
 [ -4.8211775  -2.6331115]
 [ -4.584612   -9.688402 ]
 [ -6.259046  -10.463964 ]
 [ -3.3482027  -7.029692 ]
 [ -6.627466   -9.73196  ]]

t_categorical
[[[ -6.8774223 -12.563133 ]
  [ -8.836346  -14.311591 ]
  [ -8.180638  -14.727375 ]
  [ -7.7784967 -15.286618 ]
  [ -8.505001  -14.459312 ]
  [ -7.7194643 -15.478565 ]
  [ -7.909941  -15.051016 ]
  [ -7.640437  -11.948347 ]
  [ -8.38885   -14.501465 ]
  [ -8.1305485 -14.772905 ]
  [ -8.821946  -14.314016 ]
  [ -7.724771  -15.4678955]
  [ -8.4843025 -14.511843 ]
  [ -6.3971457 -13.22872  ]
  [ -8.230613  -14.640293 ]
  [ -8.118925  -14.693029 ]
  [ -7.836204  -11.692377 ]
  [ -8.158373  -14.749704 ]
  [ -7.914134  -15.050104 ]
  [ -6.5256605 -13.213849 ]
  [ -8.917621  -14.344643 ]
  [ -7.536804  -12.03872  ]
  [ -7.7659917 -15.312864 ]
  [ -6.4980974 -13.069908 ]
  [ -7.9489694 -14.868208 ]
  [ -6.697173  -12.830856 ]
  [ -7.996433  -14.935745 ]
  [ -2.4562192 -13.243511 ]
  [ -7.7283187 -15.443546 ]
  [ -7.94308   -14.971268 ]
  [ -7.8270717 -15.210506 ]
  [ -8.341755  -14.530991 ]
  [ -8.682249  -14.350537 ]
  [ -7.401388  -12.630354 ]
  [ -7.8239264 -15.213259 ]
  [ -8.942949  -14.308014 ]
  [ -7.8131547 -15.225532 ]
  [ -8.020023  -14.893038 ]
  [ -8.981795  -14.310755 ]
  [ -2.1198804 -14.737547 ]
  [ -8.033284  -14.877808 ]
  [ -7.8032227 -15.254007 ]
  [ -7.355646  -12.582435 ]
  [ -8.276036  -14.61948  ]
  [ -8.456449  -14.525837 ]
  [ -2.170811  -14.584148 ]
  [ -8.595274  -14.442919 ]
  [ -6.9004908 -13.38363  ]
  [ -8.080363  -14.705796 ]
  [ -2.1530976 -13.409804 ]
  [ -8.209357  -14.702868 ]
  [ -7.680068  -12.216107 ]
  [ -8.949231  -14.310174 ]
  [ -7.9027567 -15.06844  ]]

 [[ -9.9106655 -11.023125 ]
  [ -8.472863   -3.5679326]
  [ -9.9158    -10.981365 ]
  [-10.410035  -10.489206 ]
  [-11.093466  -10.207427 ]
  [-10.231255  -10.625617 ]
  [-11.249461  -10.1632   ]
  [ -9.792986  -11.298645 ]
  [ -8.641806   -3.5604124]
  [-10.36499   -10.508    ]
  [-10.088969  -10.776821 ]
  [ -9.871541  -11.1059265]
  [-10.125233  -10.683283 ]
  [-10.876888  -10.252692 ]
  [-10.208612  -10.596357 ]
  [ -9.813025  -11.189285 ]
  [-10.591226  -10.3546295]
  [ -9.727913  -11.49382  ]
  [-10.592337  -10.368933 ]
  [-10.575875  -10.395555 ]
  [ -9.857199  -11.190399 ]
  [ -9.945221  -10.975365 ]
  [-10.132647  -10.649971 ]
  [ -9.996286  -10.882654 ]
  [-10.036856  -10.833315 ]
  [ -9.74498   -11.459623 ]
  [ -9.729705  -11.342949 ]
  [ -9.686923  -11.660805 ]
  [ -5.2050147  -9.631398 ]
  [-10.574993  -10.367316 ]
  [ -9.888834  -11.102753 ]
  [-11.297108  -10.165598 ]
  [ -9.70759   -11.61784  ]
  [-10.148399  -10.624197 ]
  [ -9.260355   -4.2625055]
  [-10.2828045 -10.551153 ]
  [ -9.795454  -11.268234 ]
  [-10.043934  -10.806372 ]
  [ -9.897589  -11.097208 ]
  [-10.364334  -10.477124 ]
  [ -9.794722  -11.343281 ]
  [-10.143387  -10.712307 ]
  [-10.652922  -10.346302 ]
  [ -9.930945  -10.944757 ]
  [-10.136087  -10.712259 ]
  [-10.7794075 -10.288371 ]
  [ -9.796716  -11.284372 ]
  [-10.116005  -10.751593 ]
  [-10.061451  -10.782608 ]
  [ -9.870933  -11.117189 ]
  [ -9.795687  -11.285431 ]
  [-10.334171  -10.495131 ]
  [ -9.863625  -11.02091  ]
  [ -9.792549  -11.345661 ]]

 [[ -9.957901  -14.677564 ]
  [ -9.9779415 -14.667545 ]
  [ -8.432486  -12.152695 ]
  [-10.852362  -14.026315 ]
  [ -9.993514  -14.702402 ]
  [ -9.742979  -15.129444 ]
  [-10.894676  -13.956734 ]
  [-10.094575  -14.445171 ]
  [-10.361207  -14.256373 ]
  [ -8.424405  -12.336381 ]
  [ -9.953907  -14.657421 ]
  [-10.265115  -14.381017 ]
  [ -9.834479  -14.882366 ]
  [ -9.781172  -15.074714 ]
  [ -8.714333  -11.776338 ]
  [-10.51338   -14.191274 ]
  [ -9.678476  -15.37019  ]
  [ -8.3973675 -12.297534 ]
  [-10.688233  -14.09779  ]
  [-10.808519  -13.972104 ]
  [ -9.637748  -15.61442  ]
  [ -9.704379  -15.224424 ]
  [-11.220554  -13.971543 ]
  [-10.817923  -14.069857 ]
  [ -9.906937  -14.699158 ]
  [-10.124834  -14.460884 ]
  [-10.48838   -14.206725 ]
  [-10.155477  -14.458601 ]
  [-10.835487  -14.026349 ]
  [ -5.571658  -13.657832 ]
  [-10.351402  -14.287624 ]
  [ -9.896895  -14.843068 ]
  [ -9.879955  -14.742121 ]
  [-10.2501955 -14.344099 ]
  [-10.088662  -14.490888 ]
  [ -9.34447   -11.849684 ]
  [-10.062539  -14.566969 ]
  [ -9.833008  -14.923721 ]
  [-10.163906  -14.441605 ]
  [-10.802707  -14.036763 ]
  [ -5.638487  -13.239426 ]
  [-11.015608  -13.99848  ]
  [-10.365885  -14.298198 ]
  [ -8.930521  -12.146606 ]
  [ -9.824612  -14.949937 ]
  [-10.300112  -14.268281 ]
  [-10.489883  -14.136337 ]
  [ -9.884505  -14.817514 ]
  [ -9.94713   -14.727405 ]
  [ -9.860569  -14.833967 ]
  [-10.097737  -14.448695 ]
  [ -9.719875  -15.291224 ]
  [-10.382441  -14.277691 ]
  [-11.02917   -13.903124 ]]

 [[-10.0908375 -15.539832 ]
  [-10.074178  -15.361176 ]
  [-10.519795  -15.018939 ]
  [ -9.238548  -12.612499 ]
  [-10.415147  -15.126468 ]
  [-10.230512  -15.130871 ]
  [-10.114657  -15.42884  ]
  [-10.32935   -15.223196 ]
  [-10.744349  -14.794869 ]
  [-10.327801  -15.159872 ]
  [ -9.342507  -12.569069 ]
  [-10.435625  -15.124039 ]
  [-10.703585  -14.838407 ]
  [-11.3764    -14.519487 ]
  [-10.317986  -15.200182 ]
  [-10.643121  -14.784548 ]
  [-10.678215  -14.789212 ]
  [-10.902603  -14.489424 ]
  [-10.63828   -14.913046 ]
  [-10.645805  -14.863256 ]
  [-10.10964   -15.4745455]
  [-10.117555  -15.208917 ]
  [ -9.946988  -16.086266 ]
  [-10.4025955 -15.006821 ]
  [-10.591768  -14.907565 ]
  [-10.130064  -15.47336  ]
  [-10.402894  -14.863766 ]
  [-10.693783  -14.877139 ]
  [-11.615607  -14.474085 ]
  [-10.663996  -14.8133335]
  [ -8.10804   -13.442546 ]
  [-10.991541  -14.673978 ]
  [-10.055719  -15.755567 ]
  [-11.290985  -14.555654 ]
  [-11.263557  -14.547949 ]
  [-10.249524  -15.303312 ]
  [ -9.357225  -12.535679 ]
  [-10.435995  -15.069796 ]
  [-10.570917  -14.873379 ]
  [-11.541225  -14.45532  ]
  [-10.620848  -14.781091 ]
  [-10.929647  -14.682172 ]
  [-10.651068  -14.77633  ]
  [-11.28298   -14.545233 ]
  [-11.38358   -14.37891  ]
  [-10.4754715 -14.88396  ]
  [-10.498733  -15.001557 ]
  [-10.8615    -14.663816 ]
  [-10.582575  -14.806996 ]
  [-10.262276  -15.318125 ]
  [-10.102325  -15.719636 ]
  [-10.429422  -15.034712 ]
  [-11.268365  -14.553944 ]
  [-10.642008  -14.833001 ]]

 [[ -9.655529  -13.878748 ]
  [-10.494032  -13.205069 ]
  [-10.000029  -13.500603 ]
  [ -9.366034  -14.64402  ]
  [ -8.609435   -9.210198 ]
  [-10.030475  -13.49066  ]
  [ -9.721609  -13.743702 ]
  [-10.153714  -13.340092 ]
  [ -9.775841  -13.697218 ]
  [-10.472188  -13.2057705]
  [-10.034648  -13.473509 ]
  [ -8.206341  -10.274927 ]
  [-10.218059  -13.299421 ]
  [-10.676988  -13.187065 ]
  [ -9.826444  -13.649015 ]
  [ -8.6501045  -9.149868 ]
  [ -9.716307  -13.712717 ]
  [ -9.474052  -14.194721 ]
  [ -8.372385   -9.466362 ]
  [ -9.939382  -13.552149 ]
  [ -9.854859   -8.9154   ]
  [-10.002159  -13.50592  ]
  [ -9.198387   -9.070353 ]
  [ -9.356941  -14.618792 ]
  [ -8.357305   -9.416559 ]
  [ -9.941894  -13.53628  ]
  [ -8.8494005  -9.443501 ]
  [ -9.965023  -13.508799 ]
  [ -9.510536  -14.135017 ]
  [-10.80966   -13.146822 ]
  [ -9.8252735 -13.675493 ]
  [ -4.7214203 -12.807756 ]
  [ -9.52564   -14.063929 ]
  [-10.19534   -13.387091 ]
  [ -9.9044485 -13.580561 ]
  [ -9.357313  -14.665052 ]
  [-10.154726  -13.381781 ]
  [ -8.138377  -11.269344 ]
  [ -9.883418  -13.563089 ]
  [ -9.937729  -13.524132 ]
  [-10.055039  -13.451733 ]
  [ -4.623314  -12.597618 ]
  [ -9.8106365 -13.626997 ]
  [ -9.612598  -13.91515  ]
  [ -8.912136  -10.025874 ]
  [ -9.828476  -13.662254 ]
  [ -4.993579  -12.627146 ]
  [-10.02999   -13.417004 ]
  [ -8.221559  -11.923943 ]
  [ -9.340226  -14.726465 ]
  [ -5.2065945 -12.150906 ]
  [ -9.801563  -13.685381 ]
  [ -9.672818  -10.333524 ]
  [ -9.870749  -13.612831 ]]

 [[-11.419935  -13.71142  ]
  [-10.973678  -13.956356 ]
  [-11.848108  -13.452686 ]
  [-10.429328  -14.770054 ]
  [-11.165911  -13.869505 ]
  [ -9.2824955 -12.674416 ]
  [-10.785535  -14.134296 ]
  [-10.88587   -14.040934 ]
  [-10.712784  -14.123877 ]
  [-10.52307   -14.536081 ]
  [-10.509256  -14.540414 ]
  [-10.826975  -14.072928 ]
  [-10.217208  -11.494963 ]
  [-11.321795  -13.759404 ]
  [-11.008692  -13.884825 ]
  [-11.230245  -13.840715 ]
  [-11.370438  -13.787327 ]
  [-11.427507  -13.716804 ]
  [-11.206835  -13.766176 ]
  [-11.378032  -13.747864 ]
  [-10.429007  -14.734781 ]
  [-10.483451  -14.589389 ]
  [-10.912928  -14.031111 ]
  [-10.829435  -14.120009 ]
  [-11.07136   -13.928364 ]
  [-10.474655  -14.605333 ]
  [-10.316832  -15.1959305]
  [-10.61474   -14.337798 ]
  [-11.592368  -13.672961 ]
  [-11.233282  -13.830178 ]
  [-10.370377  -14.887007 ]
  [-11.336834  -13.692395 ]
  [ -9.16629   -12.316534 ]
  [-10.347252  -15.000892 ]
  [-10.906212  -14.019887 ]
  [-10.307623  -15.173792 ]
  [-10.50596   -14.558075 ]
  [-10.778136  -14.161795 ]
  [ -9.208085  -12.737181 ]
  [-11.01977   -13.877251 ]
  [-11.418274  -13.747255 ]
  [-10.868797  -14.06263  ]
  [-10.395573  -14.876967 ]
  [-10.571149  -14.426338 ]
  [-10.525194  -14.503721 ]
  [-11.2142105 -13.832556 ]
  [-11.197064  -13.652696 ]
  [-10.678522  -14.262784 ]
  [-10.944277  -13.899321 ]
  [-11.359782  -13.739105 ]
  [-10.5000105 -14.593055 ]
  [-11.163388  -13.860955 ]
  [-11.156183  -13.877833 ]
  [-10.583189  -14.409527 ]]]

u
[[[ 1.1024926  1.2072285]
  [ 0.8368685  1.664315 ]]

 [[-2.0116634 -2.3442035]
  [-1.3091247 -4.282054 ]]]

z
[[ 1.3309605   1.3928128 ]
 [-0.3309605  -0.39281285]]

====================
Layer 3 decoder
x_bernoulli
[[-0.1737634  -0.15502918]
 [-1.8356844  -1.9406549 ]]

y_bernoulli
[[-1.4238358e-03 -3.1499126e+00]
 [-6.5550752e+00 -4.3801337e-02]]

x_categorical
[[-1.8356844 -1.9406549]]

y_categorical
[[-6.555075   -0.04380133]]

v
[[-6.736824   -2.3275387 ]
 [-8.349703   -0.15127817]]

rho_categorical
[[-6.9388943 -8.854036 ]
 [-7.7546253 -9.351218 ]
 [-2.9314172 -7.794301 ]
 [-8.092731  -8.959488 ]
 [-2.9882357 -3.88237  ]
 [-2.9168694 -2.101788 ]]

t_categorical
[[[-11.781565  -10.750729 ]
  [-12.557883  -14.481849 ]
  [-12.48065   -14.771888 ]
  [-13.0833645 -13.981917 ]
  [-12.695377  -14.307419 ]
  [-12.498724  -14.713838 ]
  [-13.542914  -13.831003 ]
  [-12.132151  -11.181488 ]
  [-12.419891  -14.75782  ]
  [-12.473971  -14.786212 ]
  [-13.014787  -13.99285  ]
  [-13.610754  -13.81477  ]
  [-12.804931  -14.262798 ]
  [-11.263449  -11.017618 ]
  [-12.430246  -14.790792 ]
  [-12.893806  -14.0289545]
  [-11.756546  -11.011861 ]
  [-12.572712  -14.590902 ]
  [-12.4909    -14.750456 ]
  [-11.35626   -11.288513 ]
  [-13.004822  -14.098829 ]
  [-11.588115  -11.976389 ]
  [-12.825631  -14.171618 ]
  [-11.258841  -11.4924755]
  [-12.924223  -13.947069 ]
  [-11.767588  -11.624649 ]
  [-12.54988   -14.647066 ]
  [-10.749678  -13.105871 ]
  [-12.76297   -14.286085 ]
  [-13.463788  -13.815208 ]
  [-13.247606  -13.95508  ]
  [-12.372183  -14.893702 ]
  [-14.021571  -13.625051 ]
  [ -8.788059  -13.729299 ]
  [-12.435756  -14.872443 ]
  [-13.4604845 -13.824738 ]
  [-12.479303  -14.737465 ]
  [-12.941561  -14.139368 ]
  [-13.424621  -13.856549 ]
  [-10.503856  -13.657805 ]
  [-12.884306  -14.188668 ]
  [-12.361849  -15.091476 ]
  [ -8.552395  -13.762386 ]
  [-12.622768  -14.43956  ]
  [-12.387121  -15.009132 ]
  [-11.028913  -13.044639 ]
  [-13.034368  -14.048068 ]
  [ -8.194003  -14.90159  ]
  [-13.16461   -13.812255 ]
  [-10.606549  -13.309622 ]
  [-12.958872  -14.136468 ]
  [ -9.487793  -13.058168 ]
  [-12.87392   -14.15637  ]
  [-12.804833  -14.2714615]]

 [[-12.677551  -13.511262 ]
  [-10.902731  -11.142896 ]
  [-12.294029  -13.888964 ]
  [-12.657119  -13.631005 ]
  [-12.225035  -14.141077 ]
  [-12.298033  -13.974249 ]
  [-12.155957  -14.2347355]
  [-12.398164  -13.686199 ]
  [-10.982421  -11.487526 ]
  [-12.160749  -14.21897  ]
  [-11.993959  -14.672477 ]
  [-12.3018    -13.86724  ]
  [-13.410093  -13.279181 ]
  [-12.596682  -13.672254 ]
  [-12.527331  -13.682894 ]
  [-12.599568  -13.55089  ]
  [-13.405454  -13.308761 ]
  [-12.456257  -13.630531 ]
  [-13.262825  -13.357069 ]
  [-13.344017  -13.336193 ]
  [-12.389231  -13.770315 ]
  [-12.346919  -13.839962 ]
  [-12.12525   -14.197908 ]
  [-12.480744  -13.702723 ]
  [-13.534428  -13.237785 ]
  [-12.401574  -13.679007 ]
  [-12.974052  -13.293722 ]
  [-12.13136   -14.013693 ]
  [ -9.969341  -12.423397 ]
  [-11.895848  -15.128666 ]
  [-12.151588  -14.131481 ]
  [-12.963228  -13.486549 ]
  [-12.161809  -13.940281 ]
  [-12.69117   -13.555468 ]
  [ -8.789574  -12.616748 ]
  [-12.315581  -13.930868 ]
  [-12.735157  -13.447475 ]
  [-12.201989  -14.077995 ]
  [-12.639332  -13.575344 ]
  [-12.294359  -13.95261  ]
  [-12.155668  -14.065754 ]
  [-12.082129  -14.382731 ]
  [-13.27639   -13.343919 ]
  [-12.251326  -13.9516325]
  [-12.171387  -14.178108 ]
  [-12.477149  -13.773712 ]
  [-11.940525  -14.742839 ]
  [-12.707742  -13.5607815]
  [-12.910814  -13.434708 ]
  [-12.5288725 -13.640265 ]
  [-12.968551  -13.35482  ]
  [-12.683839  -13.579494 ]
  [-12.242191  -13.936861 ]
  [-13.269767  -13.224176 ]]

 [[-10.564128  -13.340677 ]
  [-10.306119  -13.649575 ]
  [ -8.452929  -10.058051 ]
  [-10.42084   -13.476166 ]
  [-10.066121  -14.235268 ]
  [-10.577957  -13.337734 ]
  [-10.320818  -13.558048 ]
  [-10.731082  -13.17466  ]
  [-11.022734  -13.065598 ]
  [ -9.395914   -9.684645 ]
  [-10.609081  -13.301031 ]
  [-10.571359  -13.373638 ]
  [-10.562979  -13.311268 ]
  [-10.268496  -13.725677 ]
  [ -9.166283   -8.942014 ]
  [-10.229458  -13.778392 ]
  [-10.362431  -13.558458 ]
  [ -9.687879   -9.275968 ]
  [-10.480734  -13.423006 ]
  [-11.446863  -12.888069 ]
  [-10.311105  -13.658245 ]
  [-11.197558  -13.005808 ]
  [-10.310566  -13.662044 ]
  [-10.054943  -14.233767 ]
  [-10.363969  -13.515481 ]
  [-10.311155  -13.626991 ]
  [-10.325534  -13.62278  ]
  [-10.246669  -13.750267 ]
  [-10.348324  -13.5678005]
  [ -6.9445734 -12.255093 ]
  [-10.064773  -14.178814 ]
  [-10.714472  -13.26152  ]
  [-11.056005  -13.018092 ]
  [-10.882576  -13.12949  ]
  [-11.47061   -12.934127 ]
  [ -3.722031  -12.174925 ]
  [-10.456262  -13.469791 ]
  [-11.397048  -12.96185  ]
  [-10.73638   -13.231169 ]
  [-10.1361885 -13.951275 ]
  [ -6.314035  -13.599131 ]
  [-10.05548   -14.222393 ]
  [-10.451374  -13.478447 ]
  [ -3.7045069 -12.734404 ]
  [-10.518106  -13.414277 ]
  [-10.171681  -13.840067 ]
  [-10.485016  -13.370974 ]
  [-11.219797  -13.014862 ]
  [-10.051255  -14.238445 ]
  [-10.832282  -13.156645 ]
  [-10.12965   -13.933408 ]
  [-10.962955  -13.126318 ]
  [-10.653291  -13.289177 ]
  [-10.837373  -13.094862 ]]

 [[-12.536032  -13.823416 ]
  [-13.445234  -12.872593 ]
  [-12.816904  -13.499439 ]
  [-11.240962  -10.386328 ]
  [-13.32505   -13.176963 ]
  [-12.827726  -13.210264 ]
  [-12.687445  -13.593454 ]
  [-13.120756  -13.2820215]
  [-12.355636  -14.309437 ]
  [-13.095656  -13.227559 ]
  [-11.275253  -10.973424 ]
  [-12.329887  -14.554634 ]
  [-12.626397  -13.7040615]
  [-12.356571  -14.270689 ]
  [-13.310869  -13.119108 ]
  [-12.817232  -13.361995 ]
  [-12.806123  -13.376404 ]
  [-12.302001  -13.981661 ]
  [-12.624822  -13.753233 ]
  [-12.859625  -13.448675 ]
  [-12.969739  -13.235374 ]
  [-13.5510435 -12.822874 ]
  [-12.800179  -13.495317 ]
  [-12.803438  -13.385473 ]
  [-12.798223  -13.488358 ]
  [-12.650749  -13.377302 ]
  [-12.644524  -13.315819 ]
  [-12.397059  -14.27162  ]
  [-12.328249  -14.425392 ]
  [-12.732807  -13.508652 ]
  [ -9.666918  -13.190916 ]
  [-12.298187  -14.562071 ]
  [-12.602087  -13.459791 ]
  [-13.10341   -13.238606 ]
  [-12.746103  -13.509552 ]
  [-13.62182   -12.966505 ]
  [ -9.549115  -11.835569 ]
  [-13.076854  -13.217979 ]
  [-12.85313   -13.375351 ]
  [-12.821253  -13.398018 ]
  [-12.60342   -13.54134  ]
  [-12.758232  -13.508934 ]
  [-12.925421  -13.239065 ]
  [-12.73088   -13.531586 ]
  [-12.360657  -13.9578705]
  [-12.8477745 -13.1807   ]
  [-12.449476  -14.059834 ]
  [-12.767476  -13.445056 ]
  [-12.5837965 -13.544391 ]
  [-12.94175   -13.379861 ]
  [-12.955837  -13.369091 ]
  [-12.741005  -13.566646 ]
  [-13.125541  -13.227146 ]
  [-12.908485  -13.342581 ]]

 [[-10.109992  -11.89035  ]
  [-10.345572  -11.464942 ]
  [-11.282452  -10.9841175]
  [-10.678608  -11.17877  ]
  [ -8.641649   -7.0137296]
  [-10.137344  -11.871842 ]
  [-10.433199  -11.38624  ]
  [-10.462735  -11.33222  ]
  [-10.968902  -11.063707 ]
  [-10.375659  -11.42392  ]
  [-10.371088  -11.495464 ]
  [ -9.372073   -6.9397793]
  [-10.072445  -11.881348 ]
  [-10.735837  -11.214558 ]
  [-10.0309925 -12.092986 ]
  [ -9.288416   -5.79702  ]
  [-10.445565  -11.2699795]
  [-11.1400585 -11.021886 ]
  [ -9.168904   -6.4325976]
  [-10.922835  -11.12901  ]
  [ -9.7354765  -5.8240557]
  [-10.386214  -11.487797 ]
  [-10.118319   -5.4482603]
  [-10.375183  -11.440999 ]
  [ -9.443125   -5.633319 ]
  [-10.362644  -11.511305 ]
  [ -9.945029   -5.925125 ]
  [-10.082492  -11.938446 ]
  [-10.5579    -11.289543 ]
  [-11.000207  -11.081192 ]
  [-10.006431  -12.209288 ]
  [ -7.8202267 -10.404763 ]
  [-10.163441  -11.718017 ]
  [-10.301613  -11.600642 ]
  [-10.446775  -11.41892  ]
  [-10.340894  -11.531544 ]
  [-10.211073  -11.696264 ]
  [ -4.4289594 -11.705629 ]
  [-10.669463  -11.1984   ]
  [-10.108463  -11.861551 ]
  [-10.291537  -11.574661 ]
  [ -7.936652  -10.451694 ]
  [-10.190312  -11.657982 ]
  [-10.3451395 -11.471502 ]
  [ -4.596768  -10.024796 ]
  [-10.707959  -11.223345 ]
  [ -7.6936703 -10.864689 ]
  [-10.550622  -11.2331505]
  [ -4.367489  -11.937727 ]
  [-10.698601  -11.207954 ]
  [ -6.7377787 -11.486189 ]
  [-11.58988   -10.919619 ]
  [ -4.46696   -11.560814 ]
  [-10.927214  -11.111896 ]]

 [[-10.342634  -11.128748 ]
  [-10.384842  -11.056215 ]
  [-10.174689  -11.507692 ]
  [-11.266748  -10.3953   ]
  [-11.088754  -10.464455 ]
  [ -8.700545   -2.8054605]
  [-10.53427   -10.83353  ]
  [-10.568685  -10.803852 ]
  [-10.217578  -11.372986 ]
  [-11.290424  -10.389717 ]
  [-11.0817795 -10.474207 ]
  [-10.446806  -10.94108  ]
  [ -9.795019   -2.804083 ]
  [-10.605757  -10.761145 ]
  [-10.221551  -11.402203 ]
  [-10.779279  -10.643284 ]
  [-11.040382  -10.497297 ]
  [-10.419013  -10.999754 ]
  [-10.358584  -11.071436 ]
  [-10.566415  -10.810345 ]
  [-10.372455  -11.069521 ]
  [-10.374769  -11.025354 ]
  [-11.460884  -10.348381 ]
  [-10.911295  -10.551016 ]
  [-10.832532  -10.602491 ]
  [-10.302643  -11.171846 ]
  [-10.977011  -10.507824 ]
  [-10.3700285 -11.068531 ]
  [-10.520176  -10.866383 ]
  [-10.93162   -10.53434  ]
  [-10.930901  -10.54446  ]
  [-10.3455515 -11.089151 ]
  [ -6.746949  -10.183348 ]
  [-11.214905  -10.418671 ]
  [-10.472782  -10.920475 ]
  [-10.202114  -11.43499  ]
  [-10.420134  -10.971905 ]
  [-10.653314  -10.726362 ]
  [ -2.9673104  -8.911007 ]
  [-10.209933  -11.439333 ]
  [-10.5798435 -10.806511 ]
  [-10.523956  -10.861929 ]
  [-11.161638  -10.43634  ]
  [-10.450034  -10.92605  ]
  [-10.397886  -11.027    ]
  [-11.730746  -10.29476  ]
  [-10.136791  -11.642256 ]
  [-10.5421915 -10.817015 ]
  [-10.149308  -11.644831 ]
  [-10.358471  -11.102564 ]
  [-10.656445  -10.726    ]
  [-11.565092  -10.3167095]
  [-11.046067  -10.487114 ]
  [-10.507017  -10.857662 ]]]

u
[[[ 2.0459912   1.202233  ]
  [ 2.2353446   0.14087278]]

 [[-6.736824   -2.3275387 ]
  [-8.349703   -0.15127817]]]

z
[[ 2.459758   0.3148992]
 [-1.459758   0.6851008]]

====================
Layer 2 decoder
x_bernoulli
[[-0.0196563 -0.8952822]
 [-3.9391723 -0.5250806]]

y_bernoulli
[[-5.8484077e-04 -3.9146297e+00]
 [-7.4443789e+00 -2.0149529e-02]]

x_categorical
[[-3.9391723 -0.5250806]]

y_categorical
[[-7.444379   -0.02014954]]

v
[[-7.8648524  -3.0046606 ]
 [-8.513634   -0.07203691]]

rho_categorical
[[-10.463932   -2.9579191]
 [ -4.6548867  -5.9317217]
 [-11.012228   -2.2232282]
 [ -4.626969   -7.4851365]
 [-10.790934   -0.8506783]
 [ -9.217089   -6.9265757]]

t_categorical
[[[-14.712774   -5.1058865]
  [-15.069893  -10.342545 ]
  [-15.387155  -10.143209 ]
  [-15.070927  -10.403058 ]
  [-15.24847   -10.165485 ]
  [-14.9899    -10.596863 ]
  [-15.186764  -10.316431 ]
  [-14.88841    -4.8003526]
  [-14.764671  -11.050618 ]
  [-14.781371  -11.11621  ]
  [-15.114577  -10.278252 ]
  [-15.452227  -10.093377 ]
  [-15.034331  -10.50243  ]
  [-14.084112   -5.084355 ]
  [-14.913991  -10.664955 ]
  [-14.718683  -11.235426 ]
  [-14.553926   -4.1413856]
  [-15.415086  -10.12821  ]
  [-14.992701  -10.601278 ]
  [-13.91774    -6.037766 ]
  [-15.19972   -10.283727 ]
  [-14.126749   -5.8466988]
  [-14.875573  -10.776802 ]
  [-13.941498   -6.4858212]
  [-14.89183   -10.545645 ]
  [-14.32304    -5.516967 ]
  [-16.22617    -9.805942 ]
  [-13.124073   -9.578396 ]
  [-14.7636385 -11.202052 ]
  [-14.846     -10.868501 ]
  [-15.147254  -10.374054 ]
  [-14.848569  -10.772463 ]
  [-14.749996  -11.071006 ]
  [-13.878032   -7.935002 ]
  [-15.440622  -10.092473 ]
  [-15.119305  -10.327351 ]
  [-14.803616  -11.0416   ]
  [-14.967895  -10.633465 ]
  [-15.812208   -9.873222 ]
  [-12.748763  -10.034973 ]
  [-15.233938  -10.269366 ]
  [-15.497232  -10.042322 ]
  [-14.106563   -6.9818864]
  [-15.258724  -10.1921215]
  [-14.951668  -10.643519 ]
  [-12.93195    -9.974833 ]
  [-14.995838  -10.53598  ]
  [-14.599354   -7.240892 ]
  [-14.706244  -11.248879 ]
  [-12.978644   -9.700543 ]
  [-15.719403   -9.952225 ]
  [-14.257022   -6.568776 ]
  [-14.718087  -11.250561 ]
  [-14.936512  -10.70968  ]]

 [[-12.290207  -11.546142 ]
  [-11.400037   -7.017242 ]
  [-12.65996   -11.15668  ]
  [-12.335106  -11.529389 ]
  [-12.299319  -11.591639 ]
  [-12.249376  -11.655231 ]
  [-12.780512  -11.124389 ]
  [-12.353458  -11.428747 ]
  [-11.528922   -7.0223813]
  [-12.59734   -11.244379 ]
  [-12.260847  -11.627768 ]
  [-12.295994  -11.536222 ]
  [-13.099709  -10.951039 ]
  [-12.707264  -11.163523 ]
  [-12.883802  -11.043444 ]
  [-12.793463  -11.056584 ]
  [-12.860399  -11.068089 ]
  [-12.635844  -11.143316 ]
  [-12.736359  -11.146808 ]
  [-12.137501  -11.900713 ]
  [-12.03348   -12.186436 ]
  [-12.30625   -11.535552 ]
  [-13.317947  -10.879316 ]
  [-12.324809  -11.50989  ]
  [-12.252695  -11.631618 ]
  [-12.359252  -11.418521 ]
  [-13.285181  -10.828016 ]
  [-12.669971  -11.092393 ]
  [ -4.6789517 -11.174136 ]
  [-13.203552  -10.931631 ]
  [-12.038795  -12.160286 ]
  [-12.299389  -11.595053 ]
  [-12.183499  -11.685965 ]
  [-13.477875  -10.842775 ]
  [-10.754921   -8.381786 ]
  [-12.985876  -11.006369 ]
  [-12.669949  -11.129694 ]
  [-12.701248  -11.145496 ]
  [-12.151541  -11.837835 ]
  [-13.21402   -10.924286 ]
  [-12.058664  -12.070377 ]
  [-12.15542   -11.839591 ]
  [-12.250579  -11.655573 ]
  [-12.729761  -11.110399 ]
  [-12.582996  -11.248892 ]
  [-12.827555  -11.093491 ]
  [-12.734571  -11.095091 ]
  [-12.156391  -11.842325 ]
  [-12.500053  -11.30858  ]
  [-12.541224  -11.256348 ]
  [-12.570976  -11.217523 ]
  [-13.058376  -10.973549 ]
  [-13.263037  -10.871939 ]
  [-12.134272  -11.848642 ]]

 [[-15.368764  -10.371121 ]
  [-15.158874  -10.900669 ]
  [-14.096772   -4.0569897]
  [-15.351959  -10.37994  ]
  [-16.465187   -9.693652 ]
  [-15.724133   -9.977705 ]
  [-15.56481   -10.013621 ]
  [-15.535177  -10.060529 ]
  [-15.639013  -10.02486  ]
  [-14.975637   -3.4240327]
  [-15.748811   -9.936633 ]
  [-16.823967   -9.604153 ]
  [-15.186571  -10.746776 ]
  [-15.689022  -10.04006  ]
  [-14.389057   -3.7853112]
  [-15.438063  -10.290767 ]
  [-15.304773  -10.497835 ]
  [-14.726251   -3.5039473]
  [-15.893434   -9.855706 ]
  [-15.446519  -10.116742 ]
  [-15.853139   -9.918976 ]
  [-15.414726  -10.286489 ]
  [-15.421504  -10.343001 ]
  [-15.111402  -11.119542 ]
  [-15.458749  -10.170453 ]
  [-16.888268   -9.542534 ]
  [-15.766844   -9.960178 ]
  [-16.401964   -9.660559 ]
  [-15.127059  -11.012051 ]
  [-13.016823   -9.602093 ]
  [-16.012646   -9.808566 ]
  [-15.414794  -10.363956 ]
  [-15.484399  -10.119614 ]
  [-15.407921  -10.301442 ]
  [-15.512041  -10.158344 ]
  [-14.108301   -6.4778414]
  [-15.557891  -10.157319 ]
  [-15.36571   -10.399137 ]
  [-15.95417    -9.841331 ]
  [-15.939696   -9.805189 ]
  [-12.665226  -10.109271 ]
  [-15.619915  -10.0778055]
  [-15.137367  -11.017287 ]
  [-14.633553   -6.184494 ]
  [-16.737679   -9.610501 ]
  [-15.485081  -10.144921 ]
  [-15.344803  -10.328799 ]
  [-15.430768  -10.300861 ]
  [-16.448463   -9.64845  ]
  [-15.942039   -9.815361 ]
  [-16.18557    -9.647183 ]
  [-15.418237  -10.357997 ]
  [-15.154247  -10.945319 ]
  [-15.218352  -10.570928 ]]

 [[-13.503214  -12.123832 ]
  [-13.640263  -11.8906555]
  [-11.992723  -13.288765 ]
  [-11.287107   -8.667842 ]
  [-12.223337  -12.839235 ]
  [-13.197575  -12.001209 ]
  [-13.693483  -12.0951805]
  [-12.56292   -12.50499  ]
  [-12.70862   -12.387234 ]
  [-12.731483  -12.345036 ]
  [-10.894009   -9.222763 ]
  [-12.153908  -12.960806 ]
  [-12.068773  -13.076997 ]
  [-12.209902  -12.802364 ]
  [-12.3673935 -12.611553 ]
  [-12.894102  -12.2156   ]
  [-12.095408  -12.942852 ]
  [-12.498779  -12.250874 ]
  [-12.050718  -13.145339 ]
  [-12.785372  -12.359466 ]
  [-13.152336  -12.121269 ]
  [-13.6550045 -11.869461 ]
  [-13.36714   -12.161758 ]
  [-12.745773  -12.292126 ]
  [-12.451508  -12.558567 ]
  [-12.23444   -12.586138 ]
  [-12.809246  -12.077709 ]
  [-12.032122  -13.196534 ]
  [-12.071367  -13.060105 ]
  [-12.797243  -12.303822 ]
  [ -4.653476  -12.059886 ]
  [-12.690233  -12.405036 ]
  [-12.105688  -12.808582 ]
  [-11.858179  -13.781817 ]
  [-12.420408  -12.561062 ]
  [-12.09086   -12.963884 ]
  [-10.750768   -9.1621275]
  [-11.889765  -13.604565 ]
  [-12.540884  -12.442093 ]
  [-12.22365   -12.752302 ]
  [-12.304735  -12.572123 ]
  [-12.38434   -12.603668 ]
  [-12.266338  -12.641083 ]
  [-12.071007  -13.0470085]
  [-12.004606  -13.039747 ]
  [-11.867554  -13.545847 ]
  [-12.599936  -12.4623375]
  [-13.221539  -12.1434765]
  [-12.039696  -12.987692 ]
  [-12.346909  -12.671486 ]
  [-12.194025  -12.865904 ]
  [-12.97621   -12.282394 ]
  [-12.667488  -12.393869 ]
  [-12.399263  -12.568165 ]]

 [[-15.595253   -9.031742 ]
  [-15.153156   -9.556512 ]
  [-15.486553   -9.133056 ]
  [-15.175765   -9.51435  ]
  [-14.41348    -2.8483686]
  [-16.325985   -8.728322 ]
  [-15.253235   -9.377082 ]
  [-15.08227    -9.658809 ]
  [-15.272835   -9.365146 ]
  [-15.128048   -9.578233 ]
  [-15.7263565  -8.955651 ]
  [-15.385599   -2.8347256]
  [-15.082407   -9.65595  ]
  [-15.844393   -8.899225 ]
  [-15.6256485  -9.010154 ]
  [-14.202078   -3.0238829]
  [-14.923712  -10.296579 ]
  [-15.511598   -9.0935545]
  [-14.447559   -2.8961625]
  [-16.15757    -8.77691  ]
  [-14.5599575  -3.0228329]
  [-15.851445   -8.893651 ]
  [-14.476179   -3.14645  ]
  [-15.284156   -9.32801  ]
  [-14.409631   -3.0756516]
  [-16.0117     -8.820451 ]
  [-14.882666   -2.9901323]
  [-15.461929   -9.136826 ]
  [-15.351702   -9.253356 ]
  [-15.582473   -9.055281 ]
  [-16.18055    -8.762044 ]
  [-14.3475685  -8.162586 ]
  [-15.196811   -9.447531 ]
  [-16.13036    -8.785615 ]
  [-15.7373085  -8.95051  ]
  [-15.878681   -8.872188 ]
  [-15.589533   -9.036196 ]
  [-14.147848   -5.9881177]
  [-15.171047   -9.51635  ]
  [-15.338943   -9.261652 ]
  [-15.48402    -9.126997 ]
  [-13.194408   -8.650815 ]
  [-15.110061   -9.631908 ]
  [-15.24227    -9.392559 ]
  [-14.049242   -5.018448 ]
  [-15.713694   -8.967935 ]
  [-13.178511   -8.907282 ]
  [-14.981144  -10.006061 ]
  [-13.940429   -6.563249 ]
  [-15.468071   -9.136936 ]
  [-13.121187   -8.7332   ]
  [-15.559195   -9.066895 ]
  [-14.358073   -5.744775 ]
  [-15.661773   -8.999294 ]]

 [[-13.946081  -12.498589 ]
  [-14.322426  -11.85371  ]
  [-14.044344  -12.1225195]
  [-14.9477005 -11.486169 ]
  [-14.043787  -12.304577 ]
  [-13.026803   -8.44548  ]
  [-13.934216  -12.551413 ]
  [-14.023151  -12.32225  ]
  [-14.307656  -11.740732 ]
  [-14.308454  -11.90438  ]
  [-14.658316  -11.644322 ]
  [-15.319883  -11.307926 ]
  [-13.5868     -8.277034 ]
  [-14.661245  -11.584528 ]
  [-14.723158  -11.497154 ]
  [-14.833448  -11.557631 ]
  [-15.531935  -11.36666  ]
  [-14.27865   -11.901    ]
  [-14.149599  -12.0233555]
  [-14.036912  -12.296892 ]
  [-15.078962  -11.391963 ]
  [-14.037235  -12.214214 ]
  [-15.479155  -11.36088  ]
  [-14.695112  -11.608151 ]
  [-15.00411   -11.479382 ]
  [-14.829466  -11.413205 ]
  [-14.460478  -11.751797 ]
  [-14.166184  -12.027641 ]
  [-14.8071995 -11.524895 ]
  [-14.074365  -12.240033 ]
  [-14.723286  -11.603524 ]
  [-13.985395  -12.348539 ]
  [ -9.646345  -11.208764 ]
  [-14.8843565 -11.525652 ]
  [-14.545412  -11.6595745]
  [-14.083891  -12.091795 ]
  [-14.785419  -11.476156 ]
  [-14.459131  -11.744939 ]
  [-12.586405   -9.097338 ]
  [-14.927701  -11.406479 ]
  [-14.346586  -11.857551 ]
  [-14.23922   -11.963943 ]
  [-14.992235  -11.479661 ]
  [-14.194384  -11.970534 ]
  [-14.134424  -12.089341 ]
  [-14.079123  -12.217997 ]
  [-13.911081  -12.453096 ]
  [-14.486546  -11.6814375]
  [-15.123461  -11.296679 ]
  [-14.391825  -11.778814 ]
  [-14.329487  -11.8694315]
  [-13.836237  -12.958897 ]
  [-14.379179  -11.843243 ]
  [-14.801325  -11.485844 ]]]

u
[[[ 2.1820943   1.3874588 ]
  [ 2.2527258   0.06956049]]

 [[-7.8648524  -3.0046606 ]
  [-8.513634   -0.07203691]]]

z
[[ 3.027566    0.15670072]
 [-2.027566    0.84329927]]

====================
Layer 1 decoder
x_bernoulli
[[-0.00635624 -1.0942513 ]
 [-5.061488   -0.40765274]]

y_bernoulli
[[-1.5211105e-03 -2.2325406e+00]
 [-6.4891400e+00 -1.1345494e-01]]

x_categorical
[[-5.061488   -0.40765274]]

y_categorical
[[-6.48914    -0.11345492]]

v
[[-11.032425    -6.6720715 ]
 [ -6.4998355   -0.11487381]]

rho_categorical
[[-11.483137    -7.200436  ]
 [-11.525637    -7.5540214 ]
 [ -5.7837996   -7.324289  ]
 [-11.603741    -0.42238158]
 [-10.884033    -7.441812  ]
 [ -5.7411547   -4.932257  ]]

t_categorical
[[[-16.448433   -9.510813 ]
  [-17.484772  -12.147907 ]
  [-16.36624   -12.895142 ]
  [-16.038149  -13.690886 ]
  [-16.429272  -12.744286 ]
  [-16.243553  -13.112286 ]
  [-16.676958  -12.575705 ]
  [-15.037171  -10.9542675]
  [-16.715567  -12.451508 ]
  [-17.2631    -12.295155 ]
  [-17.219715  -12.217678 ]
  [-16.341187  -12.948061 ]
  [-16.495218  -12.722433 ]
  [-15.621098   -9.738661 ]
  [-17.034067  -12.313794 ]
  [-16.492598  -12.615093 ]
  [-16.13002    -9.2735405]
  [-17.269022  -12.298855 ]
  [-16.649998  -12.605631 ]
  [-15.088465  -10.5831995]
  [-16.055668  -13.444925 ]
  [-16.63783    -9.358735 ]
  [-16.931444  -12.364384 ]
  [-15.316485  -10.212851 ]
  [-16.58118   -12.477812 ]
  [-15.561575   -9.852076 ]
  [-16.94088   -12.435755 ]
  [-12.8801565 -12.056966 ]
  [-16.83966   -12.455158 ]
  [-16.445225  -12.756483 ]
  [-16.178541  -13.259083 ]
  [-16.535261  -12.599754 ]
  [-17.185797  -12.210686 ]
  [-15.947605  -10.317343 ]
  [-16.662867  -12.587276 ]
  [-16.640156  -12.550486 ]
  [-16.715313  -12.532972 ]
  [-16.912502  -12.429611 ]
  [-16.468243  -12.719824 ]
  [-13.703953  -11.551446 ]
  [-16.601013  -12.638157 ]
  [-16.724882  -12.53266  ]
  [-15.9254875 -10.188841 ]
  [-16.116625  -13.364126 ]
  [-16.28131   -13.001787 ]
  [-13.409422  -12.034002 ]
  [-16.933989  -12.392563 ]
  [-15.391521  -10.951751 ]
  [-16.241425  -12.944708 ]
  [-13.964388  -11.660087 ]
  [-16.650677  -12.600311 ]
  [-16.340475   -9.788812 ]
  [-17.28041   -12.247808 ]
  [-16.145222  -13.339809 ]]

 [[-15.902464  -13.110161 ]
  [-14.630093   -9.350536 ]
  [-16.160389  -12.583401 ]
  [-16.317204  -12.506321 ]
  [-16.241837  -12.600636 ]
  [-16.006245  -12.929926 ]
  [-16.624882  -12.268694 ]
  [-15.785464  -13.533638 ]
  [-14.514645   -9.477011 ]
  [-16.316332  -12.484573 ]
  [-16.286945  -12.512814 ]
  [-16.205624  -12.544361 ]
  [-15.955186  -12.907078 ]
  [-16.761364  -12.195108 ]
  [-16.225445  -12.515457 ]
  [-16.235651  -12.46966  ]
  [-16.48674   -12.320597 ]
  [-15.833813  -13.251665 ]
  [-16.613548  -12.26992  ]
  [-16.315086  -12.520296 ]
  [-16.356642  -12.410234 ]
  [-16.606354  -12.231554 ]
  [-16.848495  -12.1157875]
  [-16.631908  -12.221376 ]
  [-15.884917  -13.19916  ]
  [-16.2924    -12.402334 ]
  [-16.078152  -12.584938 ]
  [-16.27253   -12.375181 ]
  [-12.376064  -10.838025 ]
  [-16.196957  -12.570192 ]
  [-16.02677   -12.854967 ]
  [-15.89678   -13.218769 ]
  [-17.384434  -11.82959  ]
  [-15.888276  -12.943232 ]
  [-15.287447   -8.738182 ]
  [-15.963265  -12.92025  ]
  [-16.19623   -12.519974 ]
  [-15.86371   -13.212469 ]
  [-16.292023  -12.492138 ]
  [-16.62607   -12.234949 ]
  [-16.210987  -12.527519 ]
  [-16.578386  -12.281662 ]
  [-16.077057  -12.79455  ]
  [-16.328785  -12.40243  ]
  [-16.32851   -12.468264 ]
  [-16.033266  -12.8111725]
  [-16.187641  -12.548834 ]
  [-15.888418  -13.250032 ]
  [-16.489964  -12.315521 ]
  [-16.898716  -12.084948 ]
  [-15.899667  -13.078316 ]
  [-17.018877  -12.080002 ]
  [-16.251692  -12.435909 ]
  [-16.069134  -12.741644 ]]

 [[-13.600872  -12.35594  ]
  [-13.931429  -12.17329  ]
  [-11.961752   -9.828849 ]
  [-14.615719  -11.949641 ]
  [-13.189609  -12.933643 ]
  [-14.243141  -12.050259 ]
  [-13.070841  -13.097382 ]
  [-13.235185  -12.73016  ]
  [-13.57227   -12.372815 ]
  [-12.461043   -9.284768 ]
  [-14.31506   -12.020332 ]
  [-13.838839  -12.245633 ]
  [-13.166277  -12.884063 ]
  [-13.947527  -12.181565 ]
  [-12.23592    -9.55261  ]
  [-13.161285  -12.947153 ]
  [-14.008932  -12.126356 ]
  [-13.059971   -9.050547 ]
  [-13.77329   -12.245478 ]
  [-13.550108  -12.321936 ]
  [-13.659874  -12.344701 ]
  [-13.795956  -12.224453 ]
  [-13.698906  -12.321682 ]
  [-13.936419  -12.180138 ]
  [-14.525373  -11.9357   ]
  [-14.189543  -12.065153 ]
  [-14.127094  -12.098119 ]
  [-13.277563  -12.734154 ]
  [-12.955341  -13.62484  ]
  [ -6.4873953 -12.392123 ]
  [-14.420488  -12.00848  ]
  [-12.996812  -13.476458 ]
  [-13.504892  -12.38861  ]
  [-13.418315  -12.5234165]
  [-13.705314  -12.279301 ]
  [-12.47681    -9.935244 ]
  [-13.657356  -12.3428   ]
  [-13.40019   -12.563227 ]
  [-13.744263  -12.276392 ]
  [-13.437334  -12.496014 ]
  [ -6.520934  -11.511375 ]
  [-13.009725  -13.396526 ]
  [-13.286123  -12.73522  ]
  [-13.7236395  -9.52916  ]
  [-14.147541  -12.107964 ]
  [-13.710713  -12.238382 ]
  [-13.608297  -12.302561 ]
  [-13.601156  -12.375278 ]
  [-13.382149  -12.591318 ]
  [-13.578701  -12.371202 ]
  [-13.877678  -12.141993 ]
  [-13.078505  -13.184971 ]
  [-13.018555  -13.366465 ]
  [-13.210499  -12.749908 ]]

 [[-16.997952   -8.218454 ]
  [-16.21825    -9.2409725]
  [-17.097023   -8.20104  ]
  [-15.237315   -1.3473597]
  [-17.405182   -8.066029 ]
  [-16.26968    -9.151311 ]
  [-17.035305   -8.188276 ]
  [-17.591381   -8.007813 ]
  [-16.99097    -8.239815 ]
  [-16.705519   -8.457166 ]
  [-15.479765   -1.3463619]
  [-17.914555   -7.9420266]
  [-16.859657   -8.3482895]
  [-16.684292   -8.495005 ]
  [-16.67836    -8.500688 ]
  [-16.46724    -8.74214  ]
  [-16.454308   -8.839786 ]
  [-16.230799   -9.39511  ]
  [-17.344387   -8.089244 ]
  [-17.230892   -8.118047 ]
  [-16.459198   -8.746176 ]
  [-16.175907   -9.34735  ]
  [-17.15581    -8.146391 ]
  [-16.480362   -8.719138 ]
  [-16.91206    -8.295331 ]
  [-16.286278   -9.260173 ]
  [-16.213013   -9.395221 ]
  [-17.351683   -8.088389 ]
  [-16.776747   -8.415789 ]
  [-16.64251    -8.5187235]
  [-12.086095   -7.278856 ]
  [-17.129213   -8.165923 ]
  [-16.310438   -9.184662 ]
  [-16.747429   -8.454646 ]
  [-16.67921    -8.491763 ]
  [-16.495884   -8.757241 ]
  [-15.422165   -2.0838957]
  [-16.608662   -8.611703 ]
  [-16.563046   -8.612948 ]
  [-16.536945   -8.670919 ]
  [-16.358809   -9.016595 ]
  [-16.745514   -8.42725  ]
  [-16.380825   -8.968375 ]
  [-16.686405   -8.502692 ]
  [-16.29559    -9.236878 ]
  [-16.312317   -9.201613 ]
  [-17.151943   -8.159005 ]
  [-16.588293   -8.530301 ]
  [-16.32842    -9.131953 ]
  [-17.07654    -8.200536 ]
  [-17.03578    -8.229026 ]
  [-17.397877   -8.052442 ]
  [-16.808502   -8.357093 ]
  [-16.60684    -8.56848  ]]

 [[-16.280567  -13.335506 ]
  [-16.203056  -13.4823265]
  [-16.879301  -12.675952 ]
  [-16.553154  -12.895542 ]
  [-15.44692   -10.043413 ]
  [-17.144835  -12.564673 ]
  [-16.677603  -12.7849865]
  [-16.51374   -12.909153 ]
  [-16.481018  -12.99774  ]
  [-16.099918  -13.760464 ]
  [-16.201107  -13.525204 ]
  [-15.9113655  -9.743687 ]
  [-17.138039  -12.489053 ]
  [-16.274538  -13.350958 ]
  [-16.772902  -12.736208 ]
  [-16.462534   -9.44792  ]
  [-16.111917  -13.736221 ]
  [-16.734558  -12.757922 ]
  [-15.082876  -11.117767 ]
  [-16.885015  -12.687304 ]
  [-15.775874   -9.878461 ]
  [-17.15375   -12.552904 ]
  [-16.238436   -9.427072 ]
  [-16.940874  -12.606485 ]
  [-15.318083  -10.30919  ]
  [-16.656404  -12.834823 ]
  [-15.500198  -10.107071 ]
  [-17.467987  -12.42651  ]
  [-16.31039   -13.252082 ]
  [-16.427252  -13.087588 ]
  [-16.871778  -12.692881 ]
  [-13.346455  -11.871771 ]
  [-17.57258   -12.369868 ]
  [-17.174103  -12.552618 ]
  [-16.691492  -12.809732 ]
  [-16.186316  -13.564205 ]
  [-16.914968  -12.647094 ]
  [-15.574006  -11.029341 ]
  [-17.363117  -12.441605 ]
  [-16.714212  -12.759082 ]
  [-16.331429  -13.234598 ]
  [-12.573348  -12.099407 ]
  [-16.752228  -12.702999 ]
  [-16.494305  -12.9633255]
  [-15.442299  -11.340135 ]
  [-17.616587  -12.413767 ]
  [-12.315006  -13.180605 ]
  [-16.466465  -12.964169 ]
  [-15.598579  -11.080621 ]
  [-17.03944   -12.579931 ]
  [-12.205248  -12.402758 ]
  [-16.314892  -13.272603 ]
  [-15.821152  -10.833546 ]
  [-17.83165   -12.372789 ]]

 [[-14.763646  -10.636858 ]
  [-14.86355   -10.614115 ]
  [-13.852305  -11.159316 ]
  [-13.694511  -11.459965 ]
  [-14.153806  -10.932684 ]
  [-13.366461   -5.9302063]
  [-13.736859  -11.378656 ]
  [-14.092144  -10.968775 ]
  [-13.655692  -11.499684 ]
  [-13.774916  -11.3217125]
  [-14.149648  -10.93767  ]
  [-13.60195   -11.659676 ]
  [-13.703236   -6.087249 ]
  [-13.436094  -12.309403 ]
  [-14.72053   -10.632851 ]
  [-14.918924  -10.620251 ]
  [-14.330615  -10.829935 ]
  [-14.626125  -10.683838 ]
  [-13.685539  -11.459004 ]
  [-14.183345  -10.904222 ]
  [-14.406423  -10.767627 ]
  [-13.817431  -11.232074 ]
  [-13.805476  -11.271696 ]
  [-13.652091  -11.550152 ]
  [-13.892417  -11.169243 ]
  [-13.817928  -11.228915 ]
  [-13.908274  -11.148287 ]
  [-14.358186  -10.788885 ]
  [-14.092116  -10.9706135]
  [-13.538965  -11.853928 ]
  [-14.677237  -10.6843405]
  [-13.64126   -11.551118 ]
  [ -5.7558813 -10.754263 ]
  [-14.0276575 -11.032045 ]
  [-13.69948   -11.446657 ]
  [-14.526878  -10.686128 ]
  [-13.673689  -11.487547 ]
  [-13.685867  -11.4783745]
  [-13.2423525  -6.5182543]
  [-14.865714  -10.592875 ]
  [-14.423253  -10.776081 ]
  [-13.98151   -11.068075 ]
  [-13.6494255 -11.554241 ]
  [-13.672032  -11.493376 ]
  [-14.568922  -10.701244 ]
  [-14.796406  -10.647903 ]
  [-13.8036995 -11.213721 ]
  [-13.473709  -12.1098175]
  [-15.013193  -10.543657 ]
  [-14.274843  -10.840031 ]
  [-13.95556   -11.096741 ]
  [-13.471536  -12.092663 ]
  [-14.277998  -10.855625 ]
  [-13.70631   -11.428437 ]]]

u
[[[  2.487605     2.0375867 ]
  [  2.0148811    0.10874122]]

 [[-11.032425    -6.6720715 ]
  [ -6.4998355   -0.11487381]]]

z
[[ 5.068711    0.21910064]
 [-4.068711    0.78089935]]

====================
Layer 0 decoder
x_bernoulli
[[-1.0728836e-04 -1.0129905e+00]
 [-9.1375294e+00 -4.5119190e-01]]

y_bernoulli
[[-1.4305115e-06 -5.0096245e+00]
 [-1.3578560e+01 -6.6958070e-03]]

x_categorical
[[-9.137529  -0.4511919]]

y_categorical
[[-1.3578560e+01 -6.6958107e-03]]

v
[[-13.837048   -1.2396022]
 [-15.057927   -0.3512224]]

rho_categorical
[[-11.233983   -6.6829796]
 [-11.69137    -3.1759155]
 [-11.943999   -0.5281113]
 [-10.570516   -6.389816 ]
 [-10.192482   -6.5877495]
 [-11.0207205  -6.824031 ]]

t_categorical
[[[-14.536963   -9.253344 ]
  [-15.826355  -12.339304 ]
  [-15.603541  -12.784535 ]
  [-16.09998   -12.155551 ]
  [-15.8977165 -12.29609  ]
  [-15.490244  -13.010935 ]
  [-15.5095215 -12.967699 ]
  [-14.156654  -10.014088 ]
  [-15.983841  -12.177252 ]
  [-16.04557   -12.275689 ]
  [-15.629006  -12.591673 ]
  [-15.880735  -12.40624  ]
  [-15.820103  -12.466073 ]
  [-14.476083   -9.051508 ]
  [-15.872899  -12.325324 ]
  [-16.76716   -11.779638 ]
  [-15.036581   -8.290116 ]
  [-15.417296  -13.269485 ]
  [-17.207863  -11.875125 ]
  [-14.154041   -9.952633 ]
  [-15.70712   -12.609524 ]
  [-14.281609   -9.607583 ]
  [-15.617638  -12.653348 ]
  [-15.280176   -8.725578 ]
  [-15.405571  -12.938545 ]
  [-14.700193   -9.002941 ]
  [-15.720953  -12.618143 ]
  [-14.488591  -11.374629 ]
  [-15.384821  -13.33678  ]
  [-15.420269  -13.150196 ]
  [-15.584297  -12.816744 ]
  [-15.8953705 -12.248642 ]
  [-15.883246  -12.25055  ]
  [-14.457182  -10.394556 ]
  [-15.445005  -13.146984 ]
  [-16.034704  -12.216904 ]
  [-15.581507  -12.782926 ]
  [-15.874842  -12.408243 ]
  [-16.679073  -11.948263 ]
  [-14.692882  -11.445324 ]
  [-15.488821  -13.027567 ]
  [-16.508808  -12.012347 ]
  [-14.955091   -9.882936 ]
  [-15.756272  -12.482792 ]
  [-15.340744  -13.573353 ]
  [-15.018343  -11.037399 ]
  [-16.05727   -12.226804 ]
  [-14.494288  -10.365331 ]
  [-15.351553  -13.161211 ]
  [-14.402552  -11.82364  ]
  [-16.994604  -11.9140835]
  [-14.325452  -10.090168 ]
  [-15.329732  -13.55218  ]
  [-15.597994  -12.793669 ]]

 [[-15.5080595 -10.587808 ]
  [-14.887721   -3.9532356]
  [-15.507229  -10.599851 ]
  [-16.549995   -9.762764 ]
  [-15.775745  -10.256024 ]
  [-16.032516   -9.998729 ]
  [-15.364655  -11.105256 ]
  [-15.615767  -10.340596 ]
  [-14.73454    -4.0862584]
  [-16.207954   -9.899801 ]
  [-16.021431   -9.992489 ]
  [-15.606921  -10.397991 ]
  [-15.729528  -10.258965 ]
  [-15.418863  -10.90202  ]
  [-15.335595  -11.179104 ]
  [-15.642822  -10.326613 ]
  [-15.339282  -11.185577 ]
  [-15.913632   -9.993508 ]
  [-16.020433  -10.01779  ]
  [-16.23399    -9.897519 ]
  [-16.43407    -9.739866 ]
  [-15.818636  -10.140035 ]
  [-15.36193   -11.052635 ]
  [-15.61431   -10.411573 ]
  [-15.844521  -10.130129 ]
  [-15.788319  -10.109737 ]
  [-15.4053335 -10.789389 ]
  [-15.751124  -10.116482 ]
  [-15.058048   -7.1692314]
  [-15.418976  -10.891009 ]
  [-15.840799  -10.101369 ]
  [-16.35437    -9.8545685]
  [-15.614695  -10.291142 ]
  [-15.467038  -10.71755  ]
  [-16.11305    -5.7533464]
  [-15.775009  -10.221721 ]
  [-15.79234   -10.126025 ]
  [-15.78213   -10.193711 ]
  [-17.008747   -9.606106 ]
  [-15.654449  -10.376919 ]
  [-15.97634    -9.953533 ]
  [-15.736439  -10.260605 ]
  [-15.322295  -11.291319 ]
  [-15.450035  -10.742641 ]
  [-16.517302   -9.756607 ]
  [-15.453591  -10.800664 ]
  [-16.098919   -9.888848 ]
  [-16.33324    -9.821946 ]
  [-15.676416  -10.327541 ]
  [-16.284607   -9.808158 ]
  [-16.146137   -9.863205 ]
  [-15.407449  -10.909272 ]
  [-15.490488  -10.62399  ]
  [-16.181616   -9.826923 ]]

 [[-16.17921    -8.9096985]
  [-16.572939   -8.677686 ]
  [-15.092821   -1.8561878]
  [-16.11418    -8.965014 ]
  [-17.22347    -8.531096 ]
  [-16.232685   -8.879914 ]
  [-15.638824   -9.858098 ]
  [-15.717152   -9.577837 ]
  [-16.03448    -9.050408 ]
  [-15.290218   -2.0119276]
  [-15.944626   -9.17837  ]
  [-16.734062   -8.649261 ]
  [-16.032179   -9.008005 ]
  [-16.638369   -8.673194 ]
  [-15.636456   -1.907928 ]
  [-16.240864   -8.882003 ]
  [-16.307728   -8.814186 ]
  [-15.338705   -1.9836645]
  [-15.986662   -9.135038 ]
  [-15.627983   -9.840005 ]
  [-16.514032   -8.731198 ]
  [-16.159931   -8.919478 ]
  [-16.947971   -8.568618 ]
  [-17.159122   -8.505026 ]
  [-15.788188   -9.416099 ]
  [-15.793331   -9.482424 ]
  [-16.302835   -8.842731 ]
  [-16.060112   -9.065331 ]
  [-16.26127    -8.829373 ]
  [-14.752953   -7.455834 ]
  [-16.14132    -8.97608  ]
  [-17.277454   -8.495055 ]
  [-15.743246   -9.498995 ]
  [-16.131649   -8.947719 ]
  [-16.15684    -8.921904 ]
  [-15.167601   -5.4814157]
  [-16.5117     -8.725318 ]
  [-16.612743   -8.653461 ]
  [-16.203089   -8.918927 ]
  [-15.831192   -9.374579 ]
  [-15.522048   -6.735051 ]
  [-16.110394   -9.005552 ]
  [-17.09116    -8.52315  ]
  [-14.743046   -6.3216753]
  [-16.371962   -8.818549 ]
  [-15.818768   -9.351125 ]
  [-15.744551   -9.505164 ]
  [-16.606838   -8.663034 ]
  [-16.022095   -9.114776 ]
  [-15.925064   -9.209441 ]
  [-15.624779   -9.967337 ]
  [-17.350456   -8.482734 ]
  [-16.79942    -8.592476 ]
  [-15.761532   -9.406215 ]]

 [[-14.847561  -12.206364 ]
  [-14.508198  -12.441002 ]
  [-14.838406  -12.245956 ]
  [-13.163153   -7.4437017]
  [-15.029388  -12.088665 ]
  [-14.396542  -12.790795 ]
  [-14.876592  -12.175009 ]
  [-15.52277   -11.837488 ]
  [-15.813419  -11.723955 ]
  [-14.736584  -12.308776 ]
  [-13.107403   -7.5583425]
  [-15.157067  -12.018494 ]
  [-14.523708  -12.714296 ]
  [-15.117337  -11.9700775]
  [-14.788366  -12.246219 ]
  [-14.620773  -12.411621 ]
  [-16.055935  -11.584422 ]
  [-14.941062  -11.81635  ]
  [-14.702044  -12.426189 ]
  [-15.586443  -11.798363 ]
  [-14.386368  -12.991279 ]
  [-14.742918  -12.030087 ]
  [-16.113369  -11.6692505]
  [-14.464008  -12.760761 ]
  [-14.658846  -12.452327 ]
  [-15.719623  -11.519035 ]
  [-14.8070545 -11.950643 ]
  [-14.747763  -12.36548  ]
  [-14.598635  -12.544837 ]
  [-15.918509  -11.660018 ]
  [-12.956205  -10.184977 ]
  [-15.317814  -11.898708 ]
  [-14.550286  -12.401434 ]
  [-15.099718  -11.994478 ]
  [-15.806801  -11.695061 ]
  [-14.4232855 -12.899281 ]
  [-13.185621   -8.243345 ]
  [-14.821307  -12.194374 ]
  [-15.056135  -11.982782 ]
  [-14.651407  -12.399883 ]
  [-14.721344  -12.202256 ]
  [-15.127065  -11.971128 ]
  [-15.4842205 -11.698767 ]
  [-14.4308195 -12.939637 ]
  [-15.023918  -11.844056 ]
  [-14.476475  -12.554001 ]
  [-14.814447  -12.264536 ]
  [-14.495108  -12.704082 ]
  [-14.874457  -12.007817 ]
  [-14.737087  -12.356884 ]
  [-14.747193  -12.344555 ]
  [-14.911179  -12.168496 ]
  [-14.859156  -12.184036 ]
  [-15.014606  -12.024006 ]]

 [[-15.975245  -12.245316 ]
  [-14.81237   -12.670792 ]
  [-15.489647  -12.367674 ]
  [-15.656787  -12.268528 ]
  [-12.890273   -9.926373 ]
  [-15.699768  -12.336559 ]
  [-15.489427  -12.33334  ]
  [-15.483389  -12.3115425]
  [-15.884708  -12.249195 ]
  [-14.339341  -13.380957 ]
  [-14.577897  -12.983637 ]
  [-12.883748  -10.172827 ]
  [-14.663241  -12.785638 ]
  [-15.151588  -12.517326 ]
  [-15.863697  -12.268522 ]
  [-13.170597   -9.172281 ]
  [-15.437037  -12.254534 ]
  [-14.45385   -13.1610775]
  [-13.45169    -8.892279 ]
  [-15.146027  -12.526178 ]
  [-13.80478    -8.663918 ]
  [-14.776352  -12.767222 ]
  [-14.704102   -8.219211 ]
  [-14.526091  -13.006138 ]
  [-13.975143   -8.524623 ]
  [-14.252126  -13.764525 ]
  [-13.621021   -8.806673 ]
  [-14.567846  -12.971519 ]
  [-14.608077  -12.905409 ]
  [-14.994122  -12.593897 ]
  [-14.815865  -12.735858 ]
  [-13.215439  -12.033564 ]
  [-14.356213  -13.331041 ]
  [-14.699177  -12.855089 ]
  [-14.541722  -13.037996 ]
  [-14.811225  -12.726622 ]
  [-14.525493  -13.048973 ]
  [-14.064705  -10.392931 ]
  [-14.971969  -12.559625 ]
  [-14.265478  -13.657232 ]
  [-14.522647  -13.048192 ]
  [-13.69109   -11.311129 ]
  [-15.313287  -12.356358 ]
  [-14.643211  -12.844219 ]
  [-13.54487   -10.066534 ]
  [-14.94449   -12.629395 ]
  [-13.436812  -11.9195595]
  [-15.0916605 -12.445265 ]
  [-13.458117  -10.727116 ]
  [-15.649418  -12.311159 ]
  [-13.359444  -11.802986 ]
  [-14.2473955 -13.7503805]
  [-12.902722  -11.391323 ]
  [-15.329807  -12.4314785]]

 [[-15.6175995 -12.296011 ]
  [-15.064634  -12.738932 ]
  [-15.827171  -12.073971 ]
  [-15.257444  -12.55772  ]
  [-15.372292  -12.480354 ]
  [-13.549393   -7.9800296]
  [-15.81328   -12.216359 ]
  [-14.868006  -13.065734 ]
  [-15.823502  -12.099563 ]
  [-15.023336  -12.812716 ]
  [-15.286943  -12.554681 ]
  [-15.606174  -12.285428 ]
  [-13.649535   -7.8039026]
  [-15.432054  -12.4072   ]
  [-15.17028   -12.564886 ]
  [-15.69941   -12.315232 ]
  [-15.995804  -12.218902 ]
  [-16.101065  -12.1383295]
  [-15.222281  -12.515062 ]
  [-15.826533  -12.23194  ]
  [-14.851203  -13.083847 ]
  [-14.771902  -13.2273445]
  [-14.682754  -13.624519 ]
  [-15.594711  -12.352261 ]
  [-15.143431  -12.684224 ]
  [-16.120314  -12.055305 ]
  [-14.773056  -13.305825 ]
  [-14.7793865 -13.2614   ]
  [-15.664701  -12.296955 ]
  [-15.422952  -12.4399805]
  [-15.173081  -12.653185 ]
  [-15.316309  -12.424904 ]
  [-13.707819   -9.996796 ]
  [-15.523425  -12.39045  ]
  [-16.085556  -12.14249  ]
  [-14.666982  -13.615024 ]
  [-14.93388   -12.891984 ]
  [-15.440649  -12.419795 ]
  [-13.543449   -9.163382 ]
  [-15.120987  -12.618966 ]
  [-15.9025755 -12.222195 ]
  [-16.321102  -12.104714 ]
  [-16.26057   -12.140596 ]
  [-16.204437  -12.076429 ]
  [-14.913749  -12.960959 ]
  [-15.348116  -12.492487 ]
  [-14.979655  -12.672117 ]
  [-14.948559  -12.885098 ]
  [-15.486344  -12.2833605]
  [-15.56143   -12.328564 ]
  [-15.202082  -12.607671 ]
  [-15.235563  -12.568594 ]
  [-15.089609  -12.743207 ]
  [-14.74609   -13.35566  ]]]

u
[[[  2.6971273    0.8062982 ]
  [  2.7762027    0.30100965]]

 [[-13.837048    -1.2396022 ]
  [-15.057927    -0.3512224 ]]]

z
[[ 2.1746888  0.8356638]
 [-1.1746888  0.1643362]]

--------------------------
