===================== Inference Activations ======================
--------------------------
Inference example 0
input t
[[[[ 0  0]
   [-9 -9]
   [-9 -9]
   [-9 -9]
   [-9 -9]
   [-9 -9]
   [-9 -9]
   [-9 -9]
   [-9 -9]
   [-9 -9]
   [-9 -9]
   [-9 -9]
   [-9 -9]
   [-9 -9]
   [-9 -9]
   [-9 -9]
   [-9 -9]
   [-9 -9]
   [-9 -9]
   [-9 -9]
   [-9 -9]
   [-9 -9]
   [-9 -9]
   [-9 -9]
   [-9 -9]
   [-9 -9]
   [-9 -9]
   [-9 -9]
   [-9 -9]
   [-9 -9]
   [-9 -9]
   [-9 -9]
   [-9 -9]
   [-9 -9]
   [-9 -9]
   [-9 -9]
   [-9 -9]
   [-9 -9]
   [-9 -9]
   [-9 -9]
   [-9 -9]
   [-9 -9]
   [-9 -9]
   [-9 -9]
   [-9 -9]
   [-9 -9]
   [-9 -9]
   [-9 -9]
   [-9 -9]
   [-9 -9]
   [-9 -9]
   [-9 -9]
   [-9 -9]
   [-9 -9]]

  [[-9 -9]
   [ 0  0]
   [-9 -9]
   [-9 -9]
   [-9 -9]
   [-9 -9]
   [-9 -9]
   [-9 -9]
   [-9 -9]
   [-9 -9]
   [-9 -9]
   [-9 -9]
   [-9 -9]
   [-9 -9]
   [-9 -9]
   [-9 -9]
   [-9 -9]
   [-9 -9]
   [-9 -9]
   [-9 -9]
   [-9 -9]
   [-9 -9]
   [-9 -9]
   [-9 -9]
   [-9 -9]
   [-9 -9]
   [-9 -9]
   [-9 -9]
   [-9 -9]
   [-9 -9]
   [-9 -9]
   [-9 -9]
   [-9 -9]
   [-9 -9]
   [-9 -9]
   [-9 -9]
   [-9 -9]
   [-9 -9]
   [-9 -9]
   [-9 -9]
   [-9 -9]
   [-9 -9]
   [-9 -9]
   [-9 -9]
   [-9 -9]
   [-9 -9]
   [-9 -9]
   [-9 -9]
   [-9 -9]
   [-9 -9]
   [-9 -9]
   [-9 -9]
   [-9 -9]
   [-9 -9]]

  [[-9 -9]
   [-9 -9]
   [-9 -9]
   [-9 -9]
   [-9 -9]
   [-9 -9]
   [-9 -9]
   [-9 -9]
   [-9 -9]
   [-9 -9]
   [-9 -9]
   [-9 -9]
   [-9 -9]
   [-9 -9]
   [-9 -9]
   [-9 -9]
   [-9 -9]
   [-9 -9]
   [-9 -9]
   [-9 -9]
   [-9 -9]
   [-9 -9]
   [-9 -9]
   [-9 -9]
   [-9 -9]
   [-9 -9]
   [-9 -9]
   [-9 -9]
   [-9 -9]
   [-9 -9]
   [-9 -9]
   [-9 -9]
   [-9 -9]
   [-9 -9]
   [-9 -9]
   [-9 -9]
   [-9 -9]
   [-9 -9]
   [-9 -9]
   [-9 -9]
   [-9 -9]
   [-9 -9]
   [-9 -9]
   [-9 -9]
   [-9 -9]
   [-9 -9]
   [-9 -9]
   [-9 -9]
   [-9 -9]
   [-9 -9]
   [-9 -9]
   [-9 -9]
   [-9 -9]
   [ 0  0]]

  [[-9 -9]
   [-9 -9]
   [-9 -9]
   [-9 -9]
   [-9 -9]
   [-9 -9]
   [-9 -9]
   [-9 -9]
   [-9 -9]
   [-9 -9]
   [-9 -9]
   [-9 -9]
   [-9 -9]
   [-9 -9]
   [-9 -9]
   [-9 -9]
   [-9 -9]
   [-9 -9]
   [-9 -9]
   [-9 -9]
   [-9 -9]
   [-9 -9]
   [-9 -9]
   [-9 -9]
   [-9 -9]
   [-9 -9]
   [-9 -9]
   [-9 -9]
   [-9 -9]
   [-9 -9]
   [-9 -9]
   [-9 -9]
   [-9 -9]
   [-9 -9]
   [-9 -9]
   [-9 -9]
   [-9 -9]
   [-9 -9]
   [-9 -9]
   [-9 -9]
   [-9 -9]
   [-9 -9]
   [-9 -9]
   [-9 -9]
   [-9 -9]
   [-9 -9]
   [-9 -9]
   [-9 -9]
   [-9 -9]
   [-9 -9]
   [-9 -9]
   [-9 -9]
   [-9 -9]
   [ 0  0]]

  [[-9 -9]
   [-9 -9]
   [-9 -9]
   [-9 -9]
   [-9 -9]
   [-9 -9]
   [-9 -9]
   [-9 -9]
   [-9 -9]
   [-9 -9]
   [-9 -9]
   [-9 -9]
   [-9 -9]
   [-9 -9]
   [-9 -9]
   [-9 -9]
   [-9 -9]
   [-9 -9]
   [-9 -9]
   [-9 -9]
   [-9 -9]
   [-9 -9]
   [-9 -9]
   [-9 -9]
   [-9 -9]
   [-9 -9]
   [-9 -9]
   [-9 -9]
   [-9 -9]
   [-9 -9]
   [-9 -9]
   [-9 -9]
   [-9 -9]
   [-9 -9]
   [-9 -9]
   [-9 -9]
   [-9 -9]
   [-9 -9]
   [-9 -9]
   [-9 -9]
   [-9 -9]
   [-9 -9]
   [-9 -9]
   [-9 -9]
   [-9 -9]
   [-9 -9]
   [-9 -9]
   [-9 -9]
   [-9 -9]
   [-9 -9]
   [-9 -9]
   [-9 -9]
   [-9 -9]
   [ 0  0]]

  [[-9 -9]
   [-9 -9]
   [-9 -9]
   [-9 -9]
   [-9 -9]
   [-9 -9]
   [-9 -9]
   [-9 -9]
   [-9 -9]
   [-9 -9]
   [-9 -9]
   [-9 -9]
   [-9 -9]
   [-9 -9]
   [-9 -9]
   [-9 -9]
   [-9 -9]
   [-9 -9]
   [-9 -9]
   [-9 -9]
   [-9 -9]
   [-9 -9]
   [-9 -9]
   [-9 -9]
   [-9 -9]
   [-9 -9]
   [-9 -9]
   [-9 -9]
   [-9 -9]
   [-9 -9]
   [-9 -9]
   [-9 -9]
   [-9 -9]
   [-9 -9]
   [-9 -9]
   [-9 -9]
   [-9 -9]
   [-9 -9]
   [-9 -9]
   [-9 -9]
   [-9 -9]
   [-9 -9]
   [-9 -9]
   [-9 -9]
   [-9 -9]
   [-9 -9]
   [-9 -9]
   [-9 -9]
   [-9 -9]
   [-9 -9]
   [-9 -9]
   [-9 -9]
   [-9 -9]
   [ 0  0]]]


 [[[ 0  0]
   [-9 -9]
   [-9 -9]
   [-9 -9]
   [-9 -9]
   [-9 -9]
   [-9 -9]
   [-9 -9]
   [-9 -9]
   [-9 -9]
   [-9 -9]
   [-9 -9]
   [-9 -9]
   [-9 -9]
   [-9 -9]
   [-9 -9]
   [-9 -9]
   [-9 -9]
   [-9 -9]
   [-9 -9]
   [-9 -9]
   [-9 -9]
   [-9 -9]
   [-9 -9]
   [-9 -9]
   [-9 -9]
   [-9 -9]
   [-9 -9]
   [-9 -9]
   [-9 -9]
   [-9 -9]
   [-9 -9]
   [-9 -9]
   [-9 -9]
   [-9 -9]
   [-9 -9]
   [-9 -9]
   [-9 -9]
   [-9 -9]
   [-9 -9]
   [-9 -9]
   [-9 -9]
   [-9 -9]
   [-9 -9]
   [-9 -9]
   [-9 -9]
   [-9 -9]
   [-9 -9]
   [-9 -9]
   [-9 -9]
   [-9 -9]
   [-9 -9]
   [-9 -9]
   [-9 -9]]

  [[-9 -9]
   [ 0  0]
   [-9 -9]
   [-9 -9]
   [-9 -9]
   [-9 -9]
   [-9 -9]
   [-9 -9]
   [-9 -9]
   [-9 -9]
   [-9 -9]
   [-9 -9]
   [-9 -9]
   [-9 -9]
   [-9 -9]
   [-9 -9]
   [-9 -9]
   [-9 -9]
   [-9 -9]
   [-9 -9]
   [-9 -9]
   [-9 -9]
   [-9 -9]
   [-9 -9]
   [-9 -9]
   [-9 -9]
   [-9 -9]
   [-9 -9]
   [-9 -9]
   [-9 -9]
   [-9 -9]
   [-9 -9]
   [-9 -9]
   [-9 -9]
   [-9 -9]
   [-9 -9]
   [-9 -9]
   [-9 -9]
   [-9 -9]
   [-9 -9]
   [-9 -9]
   [-9 -9]
   [-9 -9]
   [-9 -9]
   [-9 -9]
   [-9 -9]
   [-9 -9]
   [-9 -9]
   [-9 -9]
   [-9 -9]
   [-9 -9]
   [-9 -9]
   [-9 -9]
   [-9 -9]]

  [[-9 -9]
   [-9 -9]
   [-9 -9]
   [-9 -9]
   [-9 -9]
   [-9 -9]
   [-9 -9]
   [-9 -9]
   [-9 -9]
   [-9 -9]
   [-9 -9]
   [-9 -9]
   [-9 -9]
   [-9 -9]
   [-9 -9]
   [-9 -9]
   [-9 -9]
   [-9 -9]
   [-9 -9]
   [-9 -9]
   [-9 -9]
   [-9 -9]
   [-9 -9]
   [-9 -9]
   [-9 -9]
   [-9 -9]
   [-9 -9]
   [-9 -9]
   [-9 -9]
   [-9 -9]
   [-9 -9]
   [-9 -9]
   [-9 -9]
   [-9 -9]
   [-9 -9]
   [-9 -9]
   [-9 -9]
   [-9 -9]
   [-9 -9]
   [-9 -9]
   [-9 -9]
   [-9 -9]
   [-9 -9]
   [-9 -9]
   [-9 -9]
   [-9 -9]
   [-9 -9]
   [-9 -9]
   [-9 -9]
   [-9 -9]
   [-9 -9]
   [-9 -9]
   [-9 -9]
   [ 0  0]]

  [[-9 -9]
   [-9 -9]
   [-9 -9]
   [-9 -9]
   [-9 -9]
   [-9 -9]
   [-9 -9]
   [-9 -9]
   [-9 -9]
   [-9 -9]
   [-9 -9]
   [-9 -9]
   [-9 -9]
   [-9 -9]
   [-9 -9]
   [-9 -9]
   [-9 -9]
   [-9 -9]
   [-9 -9]
   [-9 -9]
   [-9 -9]
   [-9 -9]
   [-9 -9]
   [-9 -9]
   [-9 -9]
   [-9 -9]
   [-9 -9]
   [-9 -9]
   [-9 -9]
   [-9 -9]
   [-9 -9]
   [-9 -9]
   [-9 -9]
   [-9 -9]
   [-9 -9]
   [-9 -9]
   [-9 -9]
   [-9 -9]
   [-9 -9]
   [-9 -9]
   [-9 -9]
   [-9 -9]
   [-9 -9]
   [-9 -9]
   [-9 -9]
   [-9 -9]
   [-9 -9]
   [-9 -9]
   [-9 -9]
   [-9 -9]
   [-9 -9]
   [-9 -9]
   [-9 -9]
   [ 0  0]]

  [[-9 -9]
   [-9 -9]
   [-9 -9]
   [-9 -9]
   [-9 -9]
   [-9 -9]
   [-9 -9]
   [-9 -9]
   [-9 -9]
   [-9 -9]
   [-9 -9]
   [-9 -9]
   [-9 -9]
   [-9 -9]
   [-9 -9]
   [-9 -9]
   [-9 -9]
   [-9 -9]
   [-9 -9]
   [-9 -9]
   [-9 -9]
   [-9 -9]
   [-9 -9]
   [-9 -9]
   [-9 -9]
   [-9 -9]
   [-9 -9]
   [-9 -9]
   [-9 -9]
   [-9 -9]
   [-9 -9]
   [-9 -9]
   [-9 -9]
   [-9 -9]
   [-9 -9]
   [-9 -9]
   [-9 -9]
   [-9 -9]
   [-9 -9]
   [-9 -9]
   [-9 -9]
   [-9 -9]
   [-9 -9]
   [-9 -9]
   [-9 -9]
   [-9 -9]
   [-9 -9]
   [-9 -9]
   [-9 -9]
   [-9 -9]
   [-9 -9]
   [-9 -9]
   [-9 -9]
   [ 0  0]]

  [[-9 -9]
   [-9 -9]
   [-9 -9]
   [-9 -9]
   [-9 -9]
   [-9 -9]
   [-9 -9]
   [-9 -9]
   [-9 -9]
   [-9 -9]
   [-9 -9]
   [-9 -9]
   [-9 -9]
   [-9 -9]
   [-9 -9]
   [-9 -9]
   [-9 -9]
   [-9 -9]
   [-9 -9]
   [-9 -9]
   [-9 -9]
   [-9 -9]
   [-9 -9]
   [-9 -9]
   [-9 -9]
   [-9 -9]
   [-9 -9]
   [-9 -9]
   [-9 -9]
   [-9 -9]
   [-9 -9]
   [-9 -9]
   [-9 -9]
   [-9 -9]
   [-9 -9]
   [-9 -9]
   [-9 -9]
   [-9 -9]
   [-9 -9]
   [-9 -9]
   [-9 -9]
   [-9 -9]
   [-9 -9]
   [-9 -9]
   [-9 -9]
   [-9 -9]
   [-9 -9]
   [-9 -9]
   [-9 -9]
   [-9 -9]
   [-9 -9]
   [-9 -9]
   [-9 -9]
   [ 0  0]]]


 [[[ 0  0]
   [-9 -9]
   [-9 -9]
   [-9 -9]
   [-9 -9]
   [-9 -9]
   [-9 -9]
   [-9 -9]
   [-9 -9]
   [-9 -9]
   [-9 -9]
   [-9 -9]
   [-9 -9]
   [-9 -9]
   [-9 -9]
   [-9 -9]
   [-9 -9]
   [-9 -9]
   [-9 -9]
   [-9 -9]
   [-9 -9]
   [-9 -9]
   [-9 -9]
   [-9 -9]
   [-9 -9]
   [-9 -9]
   [-9 -9]
   [-9 -9]
   [-9 -9]
   [-9 -9]
   [-9 -9]
   [-9 -9]
   [-9 -9]
   [-9 -9]
   [-9 -9]
   [-9 -9]
   [-9 -9]
   [-9 -9]
   [-9 -9]
   [-9 -9]
   [-9 -9]
   [-9 -9]
   [-9 -9]
   [-9 -9]
   [-9 -9]
   [-9 -9]
   [-9 -9]
   [-9 -9]
   [-9 -9]
   [-9 -9]
   [-9 -9]
   [-9 -9]
   [-9 -9]
   [-9 -9]]

  [[-9 -9]
   [ 0  0]
   [-9 -9]
   [-9 -9]
   [-9 -9]
   [-9 -9]
   [-9 -9]
   [-9 -9]
   [-9 -9]
   [-9 -9]
   [-9 -9]
   [-9 -9]
   [-9 -9]
   [-9 -9]
   [-9 -9]
   [-9 -9]
   [-9 -9]
   [-9 -9]
   [-9 -9]
   [-9 -9]
   [-9 -9]
   [-9 -9]
   [-9 -9]
   [-9 -9]
   [-9 -9]
   [-9 -9]
   [-9 -9]
   [-9 -9]
   [-9 -9]
   [-9 -9]
   [-9 -9]
   [-9 -9]
   [-9 -9]
   [-9 -9]
   [-9 -9]
   [-9 -9]
   [-9 -9]
   [-9 -9]
   [-9 -9]
   [-9 -9]
   [-9 -9]
   [-9 -9]
   [-9 -9]
   [-9 -9]
   [-9 -9]
   [-9 -9]
   [-9 -9]
   [-9 -9]
   [-9 -9]
   [-9 -9]
   [-9 -9]
   [-9 -9]
   [-9 -9]
   [-9 -9]]

  [[-9 -9]
   [-9 -9]
   [-9 -9]
   [-9 -9]
   [-9 -9]
   [-9 -9]
   [-9 -9]
   [-9 -9]
   [-9 -9]
   [-9 -9]
   [-9 -9]
   [-9 -9]
   [-9 -9]
   [-9 -9]
   [-9 -9]
   [-9 -9]
   [-9 -9]
   [-9 -9]
   [-9 -9]
   [-9 -9]
   [-9 -9]
   [-9 -9]
   [-9 -9]
   [-9 -9]
   [-9 -9]
   [-9 -9]
   [-9 -9]
   [-9 -9]
   [-9 -9]
   [-9 -9]
   [-9 -9]
   [-9 -9]
   [-9 -9]
   [-9 -9]
   [-9 -9]
   [-9 -9]
   [-9 -9]
   [-9 -9]
   [-9 -9]
   [-9 -9]
   [-9 -9]
   [-9 -9]
   [-9 -9]
   [-9 -9]
   [-9 -9]
   [-9 -9]
   [-9 -9]
   [-9 -9]
   [-9 -9]
   [-9 -9]
   [-9 -9]
   [-9 -9]
   [-9 -9]
   [ 0  0]]

  [[-9 -9]
   [-9 -9]
   [-9 -9]
   [-9 -9]
   [-9 -9]
   [-9 -9]
   [-9 -9]
   [-9 -9]
   [-9 -9]
   [-9 -9]
   [-9 -9]
   [-9 -9]
   [-9 -9]
   [-9 -9]
   [-9 -9]
   [-9 -9]
   [-9 -9]
   [-9 -9]
   [-9 -9]
   [-9 -9]
   [-9 -9]
   [-9 -9]
   [-9 -9]
   [-9 -9]
   [-9 -9]
   [-9 -9]
   [-9 -9]
   [-9 -9]
   [-9 -9]
   [-9 -9]
   [-9 -9]
   [-9 -9]
   [-9 -9]
   [-9 -9]
   [-9 -9]
   [-9 -9]
   [-9 -9]
   [-9 -9]
   [-9 -9]
   [-9 -9]
   [-9 -9]
   [-9 -9]
   [-9 -9]
   [-9 -9]
   [-9 -9]
   [-9 -9]
   [-9 -9]
   [-9 -9]
   [-9 -9]
   [-9 -9]
   [-9 -9]
   [-9 -9]
   [-9 -9]
   [ 0  0]]

  [[-9 -9]
   [-9 -9]
   [-9 -9]
   [-9 -9]
   [-9 -9]
   [-9 -9]
   [-9 -9]
   [-9 -9]
   [-9 -9]
   [-9 -9]
   [-9 -9]
   [-9 -9]
   [-9 -9]
   [-9 -9]
   [-9 -9]
   [-9 -9]
   [-9 -9]
   [-9 -9]
   [-9 -9]
   [-9 -9]
   [-9 -9]
   [-9 -9]
   [-9 -9]
   [-9 -9]
   [-9 -9]
   [-9 -9]
   [-9 -9]
   [-9 -9]
   [-9 -9]
   [-9 -9]
   [-9 -9]
   [-9 -9]
   [-9 -9]
   [-9 -9]
   [-9 -9]
   [-9 -9]
   [-9 -9]
   [-9 -9]
   [-9 -9]
   [-9 -9]
   [-9 -9]
   [-9 -9]
   [-9 -9]
   [-9 -9]
   [-9 -9]
   [-9 -9]
   [-9 -9]
   [-9 -9]
   [-9 -9]
   [-9 -9]
   [-9 -9]
   [-9 -9]
   [-9 -9]
   [ 0  0]]

  [[-9 -9]
   [-9 -9]
   [-9 -9]
   [-9 -9]
   [-9 -9]
   [-9 -9]
   [-9 -9]
   [-9 -9]
   [-9 -9]
   [-9 -9]
   [-9 -9]
   [-9 -9]
   [-9 -9]
   [-9 -9]
   [-9 -9]
   [-9 -9]
   [-9 -9]
   [-9 -9]
   [-9 -9]
   [-9 -9]
   [-9 -9]
   [-9 -9]
   [-9 -9]
   [-9 -9]
   [-9 -9]
   [-9 -9]
   [-9 -9]
   [-9 -9]
   [-9 -9]
   [-9 -9]
   [-9 -9]
   [-9 -9]
   [-9 -9]
   [-9 -9]
   [-9 -9]
   [-9 -9]
   [-9 -9]
   [-9 -9]
   [-9 -9]
   [-9 -9]
   [-9 -9]
   [-9 -9]
   [-9 -9]
   [-9 -9]
   [-9 -9]
   [-9 -9]
   [-9 -9]
   [-9 -9]
   [-9 -9]
   [-9 -9]
   [-9 -9]
   [-9 -9]
   [-9 -9]
   [ 0  0]]]


 [[[ 0  0]
   [-9 -9]
   [-9 -9]
   [-9 -9]
   [-9 -9]
   [-9 -9]
   [-9 -9]
   [-9 -9]
   [-9 -9]
   [-9 -9]
   [-9 -9]
   [-9 -9]
   [-9 -9]
   [-9 -9]
   [-9 -9]
   [-9 -9]
   [-9 -9]
   [-9 -9]
   [-9 -9]
   [-9 -9]
   [-9 -9]
   [-9 -9]
   [-9 -9]
   [-9 -9]
   [-9 -9]
   [-9 -9]
   [-9 -9]
   [-9 -9]
   [-9 -9]
   [-9 -9]
   [-9 -9]
   [-9 -9]
   [-9 -9]
   [-9 -9]
   [-9 -9]
   [-9 -9]
   [-9 -9]
   [-9 -9]
   [-9 -9]
   [-9 -9]
   [-9 -9]
   [-9 -9]
   [-9 -9]
   [-9 -9]
   [-9 -9]
   [-9 -9]
   [-9 -9]
   [-9 -9]
   [-9 -9]
   [-9 -9]
   [-9 -9]
   [-9 -9]
   [-9 -9]
   [-9 -9]]

  [[-9 -9]
   [ 0  0]
   [-9 -9]
   [-9 -9]
   [-9 -9]
   [-9 -9]
   [-9 -9]
   [-9 -9]
   [-9 -9]
   [-9 -9]
   [-9 -9]
   [-9 -9]
   [-9 -9]
   [-9 -9]
   [-9 -9]
   [-9 -9]
   [-9 -9]
   [-9 -9]
   [-9 -9]
   [-9 -9]
   [-9 -9]
   [-9 -9]
   [-9 -9]
   [-9 -9]
   [-9 -9]
   [-9 -9]
   [-9 -9]
   [-9 -9]
   [-9 -9]
   [-9 -9]
   [-9 -9]
   [-9 -9]
   [-9 -9]
   [-9 -9]
   [-9 -9]
   [-9 -9]
   [-9 -9]
   [-9 -9]
   [-9 -9]
   [-9 -9]
   [-9 -9]
   [-9 -9]
   [-9 -9]
   [-9 -9]
   [-9 -9]
   [-9 -9]
   [-9 -9]
   [-9 -9]
   [-9 -9]
   [-9 -9]
   [-9 -9]
   [-9 -9]
   [-9 -9]
   [-9 -9]]

  [[-9 -9]
   [-9 -9]
   [-9 -9]
   [-9 -9]
   [-9 -9]
   [-9 -9]
   [-9 -9]
   [-9 -9]
   [-9 -9]
   [-9 -9]
   [-9 -9]
   [-9 -9]
   [-9 -9]
   [-9 -9]
   [-9 -9]
   [-9 -9]
   [-9 -9]
   [-9 -9]
   [-9 -9]
   [-9 -9]
   [-9 -9]
   [-9 -9]
   [-9 -9]
   [-9 -9]
   [-9 -9]
   [-9 -9]
   [-9 -9]
   [-9 -9]
   [-9 -9]
   [-9 -9]
   [-9 -9]
   [-9 -9]
   [-9 -9]
   [-9 -9]
   [-9 -9]
   [-9 -9]
   [-9 -9]
   [-9 -9]
   [-9 -9]
   [-9 -9]
   [-9 -9]
   [-9 -9]
   [-9 -9]
   [-9 -9]
   [-9 -9]
   [-9 -9]
   [-9 -9]
   [-9 -9]
   [-9 -9]
   [-9 -9]
   [-9 -9]
   [-9 -9]
   [-9 -9]
   [ 0  0]]

  [[-9 -9]
   [-9 -9]
   [-9 -9]
   [-9 -9]
   [-9 -9]
   [-9 -9]
   [-9 -9]
   [-9 -9]
   [-9 -9]
   [-9 -9]
   [-9 -9]
   [-9 -9]
   [-9 -9]
   [-9 -9]
   [-9 -9]
   [-9 -9]
   [-9 -9]
   [-9 -9]
   [-9 -9]
   [-9 -9]
   [-9 -9]
   [-9 -9]
   [-9 -9]
   [-9 -9]
   [-9 -9]
   [-9 -9]
   [-9 -9]
   [-9 -9]
   [-9 -9]
   [-9 -9]
   [-9 -9]
   [-9 -9]
   [-9 -9]
   [-9 -9]
   [-9 -9]
   [-9 -9]
   [-9 -9]
   [-9 -9]
   [-9 -9]
   [-9 -9]
   [-9 -9]
   [-9 -9]
   [-9 -9]
   [-9 -9]
   [-9 -9]
   [-9 -9]
   [-9 -9]
   [-9 -9]
   [-9 -9]
   [-9 -9]
   [-9 -9]
   [-9 -9]
   [-9 -9]
   [ 0  0]]

  [[-9 -9]
   [-9 -9]
   [-9 -9]
   [-9 -9]
   [-9 -9]
   [-9 -9]
   [-9 -9]
   [-9 -9]
   [-9 -9]
   [-9 -9]
   [-9 -9]
   [-9 -9]
   [-9 -9]
   [-9 -9]
   [-9 -9]
   [-9 -9]
   [-9 -9]
   [-9 -9]
   [-9 -9]
   [-9 -9]
   [-9 -9]
   [-9 -9]
   [-9 -9]
   [-9 -9]
   [-9 -9]
   [-9 -9]
   [-9 -9]
   [-9 -9]
   [-9 -9]
   [-9 -9]
   [-9 -9]
   [-9 -9]
   [-9 -9]
   [-9 -9]
   [-9 -9]
   [-9 -9]
   [-9 -9]
   [-9 -9]
   [-9 -9]
   [-9 -9]
   [-9 -9]
   [-9 -9]
   [-9 -9]
   [-9 -9]
   [-9 -9]
   [-9 -9]
   [-9 -9]
   [-9 -9]
   [-9 -9]
   [-9 -9]
   [-9 -9]
   [-9 -9]
   [-9 -9]
   [ 0  0]]

  [[-9 -9]
   [-9 -9]
   [-9 -9]
   [-9 -9]
   [-9 -9]
   [-9 -9]
   [-9 -9]
   [-9 -9]
   [-9 -9]
   [-9 -9]
   [-9 -9]
   [-9 -9]
   [-9 -9]
   [-9 -9]
   [-9 -9]
   [-9 -9]
   [-9 -9]
   [-9 -9]
   [-9 -9]
   [-9 -9]
   [-9 -9]
   [-9 -9]
   [-9 -9]
   [-9 -9]
   [-9 -9]
   [-9 -9]
   [-9 -9]
   [-9 -9]
   [-9 -9]
   [-9 -9]
   [-9 -9]
   [-9 -9]
   [-9 -9]
   [-9 -9]
   [-9 -9]
   [-9 -9]
   [-9 -9]
   [-9 -9]
   [-9 -9]
   [-9 -9]
   [-9 -9]
   [-9 -9]
   [-9 -9]
   [-9 -9]
   [-9 -9]
   [-9 -9]
   [-9 -9]
   [-9 -9]
   [-9 -9]
   [-9 -9]
   [-9 -9]
   [-9 -9]
   [-9 -9]
   [ 0  0]]]


 [[[ 0  0]
   [-9 -9]
   [-9 -9]
   [-9 -9]
   [-9 -9]
   [-9 -9]
   [-9 -9]
   [-9 -9]
   [-9 -9]
   [-9 -9]
   [-9 -9]
   [-9 -9]
   [-9 -9]
   [-9 -9]
   [-9 -9]
   [-9 -9]
   [-9 -9]
   [-9 -9]
   [-9 -9]
   [-9 -9]
   [-9 -9]
   [-9 -9]
   [-9 -9]
   [-9 -9]
   [-9 -9]
   [-9 -9]
   [-9 -9]
   [-9 -9]
   [-9 -9]
   [-9 -9]
   [-9 -9]
   [-9 -9]
   [-9 -9]
   [-9 -9]
   [-9 -9]
   [-9 -9]
   [-9 -9]
   [-9 -9]
   [-9 -9]
   [-9 -9]
   [-9 -9]
   [-9 -9]
   [-9 -9]
   [-9 -9]
   [-9 -9]
   [-9 -9]
   [-9 -9]
   [-9 -9]
   [-9 -9]
   [-9 -9]
   [-9 -9]
   [-9 -9]
   [-9 -9]
   [-9 -9]]

  [[-9 -9]
   [ 0  0]
   [-9 -9]
   [-9 -9]
   [-9 -9]
   [-9 -9]
   [-9 -9]
   [-9 -9]
   [-9 -9]
   [-9 -9]
   [-9 -9]
   [-9 -9]
   [-9 -9]
   [-9 -9]
   [-9 -9]
   [-9 -9]
   [-9 -9]
   [-9 -9]
   [-9 -9]
   [-9 -9]
   [-9 -9]
   [-9 -9]
   [-9 -9]
   [-9 -9]
   [-9 -9]
   [-9 -9]
   [-9 -9]
   [-9 -9]
   [-9 -9]
   [-9 -9]
   [-9 -9]
   [-9 -9]
   [-9 -9]
   [-9 -9]
   [-9 -9]
   [-9 -9]
   [-9 -9]
   [-9 -9]
   [-9 -9]
   [-9 -9]
   [-9 -9]
   [-9 -9]
   [-9 -9]
   [-9 -9]
   [-9 -9]
   [-9 -9]
   [-9 -9]
   [-9 -9]
   [-9 -9]
   [-9 -9]
   [-9 -9]
   [-9 -9]
   [-9 -9]
   [-9 -9]]

  [[-9 -9]
   [-9 -9]
   [-9 -9]
   [-9 -9]
   [-9 -9]
   [-9 -9]
   [-9 -9]
   [-9 -9]
   [-9 -9]
   [-9 -9]
   [-9 -9]
   [-9 -9]
   [-9 -9]
   [-9 -9]
   [-9 -9]
   [-9 -9]
   [-9 -9]
   [-9 -9]
   [-9 -9]
   [-9 -9]
   [-9 -9]
   [-9 -9]
   [-9 -9]
   [-9 -9]
   [-9 -9]
   [-9 -9]
   [-9 -9]
   [-9 -9]
   [-9 -9]
   [-9 -9]
   [-9 -9]
   [-9 -9]
   [-9 -9]
   [-9 -9]
   [-9 -9]
   [-9 -9]
   [-9 -9]
   [-9 -9]
   [-9 -9]
   [-9 -9]
   [-9 -9]
   [-9 -9]
   [-9 -9]
   [-9 -9]
   [-9 -9]
   [-9 -9]
   [-9 -9]
   [-9 -9]
   [-9 -9]
   [-9 -9]
   [-9 -9]
   [-9 -9]
   [-9 -9]
   [ 0  0]]

  [[-9 -9]
   [-9 -9]
   [-9 -9]
   [-9 -9]
   [-9 -9]
   [-9 -9]
   [-9 -9]
   [-9 -9]
   [-9 -9]
   [-9 -9]
   [-9 -9]
   [-9 -9]
   [-9 -9]
   [-9 -9]
   [-9 -9]
   [-9 -9]
   [-9 -9]
   [-9 -9]
   [-9 -9]
   [-9 -9]
   [-9 -9]
   [-9 -9]
   [-9 -9]
   [-9 -9]
   [-9 -9]
   [-9 -9]
   [-9 -9]
   [-9 -9]
   [-9 -9]
   [-9 -9]
   [-9 -9]
   [-9 -9]
   [-9 -9]
   [-9 -9]
   [-9 -9]
   [-9 -9]
   [-9 -9]
   [-9 -9]
   [-9 -9]
   [-9 -9]
   [-9 -9]
   [-9 -9]
   [-9 -9]
   [-9 -9]
   [-9 -9]
   [-9 -9]
   [-9 -9]
   [-9 -9]
   [-9 -9]
   [-9 -9]
   [-9 -9]
   [-9 -9]
   [-9 -9]
   [ 0  0]]

  [[-9 -9]
   [-9 -9]
   [-9 -9]
   [-9 -9]
   [-9 -9]
   [-9 -9]
   [-9 -9]
   [-9 -9]
   [-9 -9]
   [-9 -9]
   [-9 -9]
   [-9 -9]
   [-9 -9]
   [-9 -9]
   [-9 -9]
   [-9 -9]
   [-9 -9]
   [-9 -9]
   [-9 -9]
   [-9 -9]
   [-9 -9]
   [-9 -9]
   [-9 -9]
   [-9 -9]
   [-9 -9]
   [-9 -9]
   [-9 -9]
   [-9 -9]
   [-9 -9]
   [-9 -9]
   [-9 -9]
   [-9 -9]
   [-9 -9]
   [-9 -9]
   [-9 -9]
   [-9 -9]
   [-9 -9]
   [-9 -9]
   [-9 -9]
   [-9 -9]
   [-9 -9]
   [-9 -9]
   [-9 -9]
   [-9 -9]
   [-9 -9]
   [-9 -9]
   [-9 -9]
   [-9 -9]
   [-9 -9]
   [-9 -9]
   [-9 -9]
   [-9 -9]
   [-9 -9]
   [ 0  0]]

  [[-9 -9]
   [-9 -9]
   [-9 -9]
   [-9 -9]
   [-9 -9]
   [-9 -9]
   [-9 -9]
   [-9 -9]
   [-9 -9]
   [-9 -9]
   [-9 -9]
   [-9 -9]
   [-9 -9]
   [-9 -9]
   [-9 -9]
   [-9 -9]
   [-9 -9]
   [-9 -9]
   [-9 -9]
   [-9 -9]
   [-9 -9]
   [-9 -9]
   [-9 -9]
   [-9 -9]
   [-9 -9]
   [-9 -9]
   [-9 -9]
   [-9 -9]
   [-9 -9]
   [-9 -9]
   [-9 -9]
   [-9 -9]
   [-9 -9]
   [-9 -9]
   [-9 -9]
   [-9 -9]
   [-9 -9]
   [-9 -9]
   [-9 -9]
   [-9 -9]
   [-9 -9]
   [-9 -9]
   [-9 -9]
   [-9 -9]
   [-9 -9]
   [-9 -9]
   [-9 -9]
   [-9 -9]
   [-9 -9]
   [-9 -9]
   [-9 -9]
   [-9 -9]
   [-9 -9]
   [ 0  0]]]


 [[[ 0  0]
   [-9 -9]
   [-9 -9]
   [-9 -9]
   [-9 -9]
   [-9 -9]
   [-9 -9]
   [-9 -9]
   [-9 -9]
   [-9 -9]
   [-9 -9]
   [-9 -9]
   [-9 -9]
   [-9 -9]
   [-9 -9]
   [-9 -9]
   [-9 -9]
   [-9 -9]
   [-9 -9]
   [-9 -9]
   [-9 -9]
   [-9 -9]
   [-9 -9]
   [-9 -9]
   [-9 -9]
   [-9 -9]
   [-9 -9]
   [-9 -9]
   [-9 -9]
   [-9 -9]
   [-9 -9]
   [-9 -9]
   [-9 -9]
   [-9 -9]
   [-9 -9]
   [-9 -9]
   [-9 -9]
   [-9 -9]
   [-9 -9]
   [-9 -9]
   [-9 -9]
   [-9 -9]
   [-9 -9]
   [-9 -9]
   [-9 -9]
   [-9 -9]
   [-9 -9]
   [-9 -9]
   [-9 -9]
   [-9 -9]
   [-9 -9]
   [-9 -9]
   [-9 -9]
   [-9 -9]]

  [[-9 -9]
   [ 0  0]
   [-9 -9]
   [-9 -9]
   [-9 -9]
   [-9 -9]
   [-9 -9]
   [-9 -9]
   [-9 -9]
   [-9 -9]
   [-9 -9]
   [-9 -9]
   [-9 -9]
   [-9 -9]
   [-9 -9]
   [-9 -9]
   [-9 -9]
   [-9 -9]
   [-9 -9]
   [-9 -9]
   [-9 -9]
   [-9 -9]
   [-9 -9]
   [-9 -9]
   [-9 -9]
   [-9 -9]
   [-9 -9]
   [-9 -9]
   [-9 -9]
   [-9 -9]
   [-9 -9]
   [-9 -9]
   [-9 -9]
   [-9 -9]
   [-9 -9]
   [-9 -9]
   [-9 -9]
   [-9 -9]
   [-9 -9]
   [-9 -9]
   [-9 -9]
   [-9 -9]
   [-9 -9]
   [-9 -9]
   [-9 -9]
   [-9 -9]
   [-9 -9]
   [-9 -9]
   [-9 -9]
   [-9 -9]
   [-9 -9]
   [-9 -9]
   [-9 -9]
   [-9 -9]]

  [[-9 -9]
   [-9 -9]
   [-9 -9]
   [-9 -9]
   [-9 -9]
   [-9 -9]
   [-9 -9]
   [-9 -9]
   [-9 -9]
   [-9 -9]
   [-9 -9]
   [-9 -9]
   [-9 -9]
   [-9 -9]
   [-9 -9]
   [-9 -9]
   [-9 -9]
   [-9 -9]
   [-9 -9]
   [-9 -9]
   [-9 -9]
   [-9 -9]
   [-9 -9]
   [-9 -9]
   [-9 -9]
   [-9 -9]
   [-9 -9]
   [-9 -9]
   [-9 -9]
   [-9 -9]
   [-9 -9]
   [-9 -9]
   [-9 -9]
   [-9 -9]
   [-9 -9]
   [-9 -9]
   [-9 -9]
   [-9 -9]
   [-9 -9]
   [-9 -9]
   [-9 -9]
   [-9 -9]
   [-9 -9]
   [-9 -9]
   [-9 -9]
   [-9 -9]
   [-9 -9]
   [-9 -9]
   [-9 -9]
   [-9 -9]
   [-9 -9]
   [-9 -9]
   [-9 -9]
   [ 0  0]]

  [[-9 -9]
   [-9 -9]
   [-9 -9]
   [-9 -9]
   [-9 -9]
   [-9 -9]
   [-9 -9]
   [-9 -9]
   [-9 -9]
   [-9 -9]
   [-9 -9]
   [-9 -9]
   [-9 -9]
   [-9 -9]
   [-9 -9]
   [-9 -9]
   [-9 -9]
   [-9 -9]
   [-9 -9]
   [-9 -9]
   [-9 -9]
   [-9 -9]
   [-9 -9]
   [-9 -9]
   [-9 -9]
   [-9 -9]
   [-9 -9]
   [-9 -9]
   [-9 -9]
   [-9 -9]
   [-9 -9]
   [-9 -9]
   [-9 -9]
   [-9 -9]
   [-9 -9]
   [-9 -9]
   [-9 -9]
   [-9 -9]
   [-9 -9]
   [-9 -9]
   [-9 -9]
   [-9 -9]
   [-9 -9]
   [-9 -9]
   [-9 -9]
   [-9 -9]
   [-9 -9]
   [-9 -9]
   [-9 -9]
   [-9 -9]
   [-9 -9]
   [-9 -9]
   [-9 -9]
   [ 0  0]]

  [[-9 -9]
   [-9 -9]
   [-9 -9]
   [-9 -9]
   [-9 -9]
   [-9 -9]
   [-9 -9]
   [-9 -9]
   [-9 -9]
   [-9 -9]
   [-9 -9]
   [-9 -9]
   [-9 -9]
   [-9 -9]
   [-9 -9]
   [-9 -9]
   [-9 -9]
   [-9 -9]
   [-9 -9]
   [-9 -9]
   [-9 -9]
   [-9 -9]
   [-9 -9]
   [-9 -9]
   [-9 -9]
   [-9 -9]
   [-9 -9]
   [-9 -9]
   [-9 -9]
   [-9 -9]
   [-9 -9]
   [-9 -9]
   [-9 -9]
   [-9 -9]
   [-9 -9]
   [-9 -9]
   [-9 -9]
   [-9 -9]
   [-9 -9]
   [-9 -9]
   [-9 -9]
   [-9 -9]
   [-9 -9]
   [-9 -9]
   [-9 -9]
   [-9 -9]
   [-9 -9]
   [-9 -9]
   [-9 -9]
   [-9 -9]
   [-9 -9]
   [-9 -9]
   [-9 -9]
   [ 0  0]]

  [[-9 -9]
   [-9 -9]
   [-9 -9]
   [-9 -9]
   [-9 -9]
   [-9 -9]
   [-9 -9]
   [-9 -9]
   [-9 -9]
   [-9 -9]
   [-9 -9]
   [-9 -9]
   [-9 -9]
   [-9 -9]
   [-9 -9]
   [-9 -9]
   [-9 -9]
   [-9 -9]
   [-9 -9]
   [-9 -9]
   [-9 -9]
   [-9 -9]
   [-9 -9]
   [-9 -9]
   [-9 -9]
   [-9 -9]
   [-9 -9]
   [-9 -9]
   [-9 -9]
   [-9 -9]
   [-9 -9]
   [-9 -9]
   [-9 -9]
   [-9 -9]
   [-9 -9]
   [-9 -9]
   [-9 -9]
   [-9 -9]
   [-9 -9]
   [-9 -9]
   [-9 -9]
   [-9 -9]
   [-9 -9]
   [-9 -9]
   [-9 -9]
   [-9 -9]
   [-9 -9]
   [-9 -9]
   [-9 -9]
   [-9 -9]
   [-9 -9]
   [-9 -9]
   [-9 -9]
   [ 0  0]]]]
output t
[[ -5.2098203  -8.946547   -9.418701   -8.888769   -8.937338   -9.160764
   -9.186762   -4.93225    -8.970146   -9.553379   -8.923119   -9.116838
   -9.464483   -5.158331   -9.00394    -8.859964   -4.197009   -9.502696
   -9.353123   -6.0217967  -9.631594   -5.8996105  -8.929648   -6.30304
   -8.765341   -5.576317   -9.504489   -1.8386167  -9.149023   -9.035332
   -9.265938   -8.937905   -8.952158   -6.903557   -9.124464   -9.068209
   -9.148525   -9.308612   -9.062849   -2.2178123  -9.27796    -9.002286
   -6.4595017  -9.021861   -9.513947   -2.1085696  -9.198918   -6.5164957
   -8.876429   -2.2809954  -9.319306   -6.4369802  -9.300085   -9.402202 ]
 [ -9.596198   -3.3194778  -9.649945   -9.641322  -10.001633   -9.679374
  -10.097664   -9.348756   -3.4136698  -9.73445    -9.560217   -9.538828
   -9.5708065 -10.0230255  -9.953342   -9.416924   -9.783231   -9.194984
   -9.733064   -9.749344   -9.23772    -9.46525    -9.883874   -9.621117
   -9.556398   -9.236608   -9.427288   -9.128008   -1.7083579 -10.007142
   -9.418529   -9.825087   -9.206707   -9.7890005  -4.7288356  -9.723709
   -9.271488   -9.566722   -9.263951   -9.815581   -9.226252   -9.6826105
   -9.95839    -9.713566   -9.517223   -9.940989   -9.237033   -9.472448
   -9.625058   -9.245505   -9.242744   -9.856422   -9.600579   -9.164035 ]
 [ -8.655841   -8.687214   -1.6426904  -8.782321   -8.664079   -8.5564575
   -8.898074   -8.7246     -8.710206   -1.6787984  -8.732738   -8.656401
   -8.56725    -8.616966   -1.6529051  -8.81891    -8.569907   -1.6709108
   -8.826424   -8.881342   -8.590008   -8.62023    -8.814976   -8.706693
   -8.6987915  -8.818931   -8.724026   -8.694525   -8.743574   -2.5211318
   -8.702874   -8.631574   -8.688276   -8.708638   -8.67278    -5.077916
   -8.730818   -8.573165   -8.735686   -8.806318   -2.6108885  -8.928246
   -8.750058   -5.2158523  -8.672766   -8.693996   -8.834816   -8.611887
   -8.699306   -8.681236   -8.729981   -8.617495   -8.721496   -8.769364 ]
 [ -8.994787   -9.089708   -9.215607   -1.2552667  -9.097221   -9.111555
   -8.967035   -8.975123   -9.139418   -8.997168   -1.2550952  -9.230849
   -9.275197   -9.371329   -9.107509   -9.066175   -9.246804   -9.077293
   -9.309777   -9.000464   -8.978318   -9.085072   -8.980674   -9.136408
   -9.093874   -9.05846    -9.119539   -9.227524   -9.304807   -9.12225
   -5.7000694  -9.1210375  -9.2854395  -9.259004   -9.194252   -9.348958
   -2.0341597  -9.2062645  -9.235727   -9.293554   -9.307583   -9.1765375
   -9.254347   -9.264669   -9.213753   -9.260883   -9.096584   -9.006094
   -9.325694   -9.182873   -9.238104   -8.982367   -8.997103   -9.271592 ]
 [ -8.520373   -8.674787   -8.416424   -8.396362   -2.617279   -8.636018
   -8.858286   -9.029999   -8.570147   -8.985236   -8.691619   -2.6120274
   -9.083832   -8.714747   -8.691403   -2.6554458  -8.532244   -8.839594
   -2.628298   -8.767174   -2.6555684  -8.564488   -2.6786184  -8.82327
   -2.6646924  -8.932929   -2.6473274  -8.797774   -8.729797   -8.657276
   -8.384237   -1.7570776  -8.908403   -8.434759   -8.667837   -8.749479
   -8.9343815  -5.711477   -8.814733   -8.730949   -8.5287485  -1.7563188
   -8.652966   -8.749097   -5.1644826  -8.513669   -1.7470586  -8.844313
   -5.9665365  -8.7332     -1.7573743  -8.478054   -5.631492   -8.623767 ]
 [ -9.27941    -9.358275   -9.004993   -9.2429285  -9.190608   -1.5287557
   -9.292481   -9.442333   -9.157401   -9.480731   -9.458746   -9.059832
   -1.5267361  -9.268373   -9.147995   -9.256714   -9.278638   -9.036788
   -9.254766   -9.13825    -9.311498   -9.271786   -9.477453   -9.421556
   -9.430027   -8.924449   -9.272174   -9.479778   -9.081792   -9.495492
   -9.266798   -9.250143   -2.888566   -9.2829275  -9.335765   -9.540132
   -9.246391   -9.412904   -4.991672   -9.155395   -9.227198   -9.326032
   -9.371947   -9.071711   -9.447433   -9.366219   -9.331128   -9.38344
   -8.932389   -9.3204155  -9.461732   -9.729535   -9.282987   -9.158861 ]]

=========================
Layer 0 encoder
z
[[-0.6931472 -0.6931472]
 [-0.6931472 -0.6931472]]

u
[[[-0.6931472 -0.6931472]
  [-0.6931472 -0.6931472]]

 [[-0.6931472 -0.6931472]
  [-0.6931472 -0.6931472]]]

v
[[-0.6931472 -0.6931472]
 [-0.6931472 -0.6931472]]

y_categorical
[[-0.6931472  -0.69314724]]

y_bernoulli
[[-0.6931472  -0.6931472 ]
 [-0.6931472  -0.69314724]]

rho_categorical
[[-7.0229282e+00 -1.9861327e+00]
 [-8.8656054e+00  3.8223114e-04]
 [-6.1281819e+00 -4.2110910e+00]
 [-4.4698763e+00 -4.6644030e+00]
 [-4.8562827e+00 -2.4792304e+00]
 [-6.2028975e+00 -5.2041297e+00]]

x_categorical
[[-8.854201 -5.103826]]

x_bernoulli
[[-0.02323684 -3.773616  ]
 [-3.773612   -0.02323675]]

z_prime
[[-0.6931472 -0.6931472]
 [-0.6931472 -0.6931472]]

=========================
Layer 1 encoder
z
[[-0.6931472 -0.6931472]
 [-0.6931472 -0.6931472]]

u
[[[-0.6931472 -0.6931472]
  [-0.6931472 -0.6931472]]

 [[-0.6931472 -0.6931472]
  [-0.6931472 -0.6931472]]]

v
[[-0.6931472 -0.6931472]
 [-0.6931472 -0.6931472]]

y_categorical
[[-0.6931472 -0.6931472]]

y_bernoulli
[[-0.6931472 -0.6931472]
 [-0.6931472 -0.6931472]]

rho_categorical
[[-5.6147771e+00 -5.1600003e-01]
 [-6.0709419e+00  5.3510652e-04]
 [-4.4285898e+00 -3.2268200e+00]
 [-7.3410349e+00 -5.2058921e+00]
 [-4.1686420e+00 -2.7807565e+00]
 [-4.4215536e+00 -2.9980628e+00]]

x_categorical
[[-7.3289366 -5.01646  ]]

x_bernoulli
[[-0.09441499 -2.4068897 ]
 [-2.4068918  -0.09441519]]

z_prime
[[-0.6931472 -0.6931472]
 [-0.6931472 -0.6931472]]

=========================
Layer 2 encoder
z
[[-0.6931472 -0.6931472]
 [-0.6931472 -0.6931472]]

u
[[[-0.6931472 -0.6931472]
  [-0.6931472 -0.6931472]]

 [[-0.6931472 -0.6931472]
  [-0.6931472 -0.6931472]]]

v
[[-0.6931472 -0.6931472]
 [-0.6931472 -0.6931472]]

y_categorical
[[-0.6931472 -0.6931472]]

y_bernoulli
[[-0.6931472 -0.6931472]
 [-0.6931472 -0.6931472]]

rho_categorical
[[-1.9206254e+00 -5.1614933e+00]
 [-6.4134297e+00 -2.3715928e+00]
 [-3.6550925e+00 -5.5285897e+00]
 [-3.8907328e+00  5.5192377e-05]
 [-2.6292558e+00 -5.0587482e+00]
 [-2.8346465e+00 -5.0037951e+00]]

x_categorical
[[-6.2787704 -2.3708227]]

x_bernoulli
[[-0.0198827  -3.9278314 ]
 [-3.9278305  -0.01988268]]

z_prime
[[-0.6931472 -0.6931472]
 [-0.6931472 -0.6931472]]

=========================
Layer 3 encoder
z
[[-0.6931472 -0.6931472]
 [-0.6931472 -0.6931472]]

u
[[[-0.6931472 -0.6931472]
  [-0.6931472 -0.6931472]]

 [[-0.6931472 -0.6931472]
  [-0.6931472 -0.6931472]]]

v
[[-0.6931472 -0.6931472]
 [-0.6931472 -0.6931472]]

y_categorical
[[-0.6931472 -0.6931472]]

y_bernoulli
[[-0.6931472 -0.6931472]
 [-0.6931472 -0.6931472]]

rho_categorical
[[-3.8635545 -1.0462005]
 [-7.9175634 -1.4484193]
 [-4.481887  -1.1729317]
 [-6.4736757 -1.6720581]
 [-5.618727  -1.0248321]
 [-5.227494  -2.9888864]]

x_categorical
[[-7.9138865 -2.968172 ]]

x_bernoulli
[[-0.00708863 -4.952801  ]
 [-4.952803   -0.00708866]]

z_prime
[[-0.6931472 -0.6931472]
 [-0.6931472 -0.6931472]]

=========================
Layer 4 encoder
z
[[-0.6931472 -0.6931472]
 [-0.6931472 -0.6931472]]

u
[[[-0.6931472 -0.6931472]
  [-0.6931472 -0.6931472]]

 [[-0.6931472 -0.6931472]
  [-0.6931472 -0.6931472]]]

v
[[-0.6931472 -0.6931472]
 [-0.6931472 -0.6931472]]

y_categorical
[[-0.6931472 -0.6931472]]

y_bernoulli
[[-0.6931472 -0.6931472]
 [-0.6931472 -0.6931472]]

rho_categorical
[[-1.1488768e+00 -3.9238808e+00]
 [ 6.6705648e-04 -4.2632799e+00]
 [-2.5241287e+00 -2.0931780e+00]
 [-2.7316899e+00 -2.1487963e+00]
 [-2.3256128e+00 -1.4851154e+00]
 [-2.2182796e+00 -1.8756183e+00]]

x_categorical
[[-1.1030892 -2.615908 ]]

x_bernoulli
[[-1.711906   -0.19908702]
 [-0.19908702 -1.7119057 ]]

z_prime
[[-1.711906   -0.19908702]
 [-0.19908702 -1.7119057 ]]

=========================
Layer 5 encoder
z
[[-1.711906   -0.19908702]
 [-0.19908702 -1.7119057 ]]

u
[[[-1.711906   -1.711906  ]
  [-0.19908702 -0.19908702]]

 [[-0.19908702 -0.19908702]
  [-1.7119057  -1.7119057 ]]]

v
[[-0.19908702 -0.19908702]
 [-1.7119057  -1.7119057 ]]

y_categorical
[[-1.7109721  -0.19921802]]

y_bernoulli
[[-0.1992793  -1.7110332 ]
 [-1.7110333  -0.19927935]]

rho_categorical
[[-1.8163794  -0.7773164 ]
 [-3.839313   -0.34147513]
 [-1.6292961  -0.7410287 ]
 [-2.474946   -0.32317808]
 [-2.021414   -0.65032786]
 [-2.0149577  -0.1554424 ]]

x_categorical
[[-3.2126296  -0.35534513]]

x_bernoulli
[[-0.05583626 -2.9131217 ]
 [-2.9131205  -0.05583617]]

z_prime
[[-0.01258385 -4.3816233 ]
 [-4.3816223  -0.01258385]]

====================
Layer 5 decoder
x_bernoulli
[[-2.7887076e-03 -5.8835821e+00]
 [-5.8835812e+00 -2.7887076e-03]]

y_bernoulli
[[-7.2691590e-04 -7.2270517e+00]
 [-7.2270494e+00 -7.2691590e-04]]

x_categorical
[[-5.8835812e+00 -2.7887048e-03]]

y_categorical
[[-7.2270494e+00 -7.2691240e-04]]

v
[[-12.318008    -0.12612668]
 [ -7.2332206   -2.1390202 ]]

rho_categorical
[[ -5.898752    -1.4371915 ]
 [-12.720882    -6.135674  ]
 [-11.520638    -4.1189985 ]
 [-12.4369755   -6.5050535 ]
 [-11.724395    -0.38030487]
 [-10.984925    -2.8815608 ]]

t_categorical
[[[ -8.164292   -8.868935 ]
  [-15.062267   -9.269535 ]
  [-14.960494  -10.12694  ]
  [-14.997414   -9.441065 ]
  [-15.071119   -9.326323 ]
  [-14.922211   -9.865856 ]
  [-14.927241   -9.83877  ]
  [ -8.19319    -8.662487 ]
  [-14.97897    -9.3208885]
  [-14.893768  -10.310492 ]
  [-15.054913   -9.240761 ]
  [-14.959417   -9.88731  ]
  [-14.925963  -10.012007 ]
  [ -8.16321    -8.484156 ]
  [-14.985682   -9.415579 ]
  [-14.990265   -9.266808 ]
  [ -8.31949    -8.027582 ]
  [-14.947761  -10.306019 ]
  [-14.935916  -10.160149 ]
  [ -8.113213   -9.043278 ]
  [-14.929141  -10.164879 ]
  [ -8.119402   -9.132263 ]
  [-14.942233   -9.449137 ]
  [ -8.107052   -9.65292  ]
  [-15.037004   -9.189724 ]
  [ -8.136295   -8.730149 ]
  [-14.988228  -10.597376 ]
  [-14.584572   -2.1282237]
  [-14.8751     -9.775042 ]
  [-14.900729   -9.508739 ]
  [-14.917203  -10.040483 ]
  [-15.007765   -9.307196 ]
  [-14.947752   -9.242972 ]
  [ -9.05266    -9.926912 ]
  [-14.983888   -9.801155 ]
  [-14.997833   -9.392121 ]
  [-14.902132   -9.744316 ]
  [-14.914107   -9.964397 ]
  [-15.070454   -9.446344 ]
  [-14.538396   -3.4003322]
  [-14.940511   -9.929155 ]
  [-15.037163   -9.650309 ]
  [ -9.155523   -9.144819 ]
  [-15.02189    -9.466885 ]
  [-14.912289  -10.040594 ]
  [-14.833753   -2.8746908]
  [-14.9533415  -9.5945835]
  [ -9.220288  -10.011662 ]
  [-14.917829   -9.224926 ]
  [-13.989139   -3.7029328]
  [-14.99714   -10.023977 ]
  [ -8.9817295  -8.84074  ]
  [-14.880198   -9.551767 ]
  [-14.895809  -10.205875 ]]

 [[-17.308346  -12.149748 ]
  [-14.782301  -10.798857 ]
  [-16.929312  -12.70197  ]
  [-17.687578  -12.361516 ]
  [-18.77316   -11.638234 ]
  [-17.354958  -12.651854 ]
  [-18.325256  -11.054107 ]
  [-17.634783  -11.960001 ]
  [-14.771145  -10.7404785]
  [-17.297503  -13.298595 ]
  [-17.596682  -12.2326565]
  [-16.85037   -12.777669 ]
  [-18.082556  -11.71468  ]
  [-17.56656   -11.507107 ]
  [-17.435776  -11.969462 ]
  [-17.011148  -12.399579 ]
  [-17.968163  -10.801456 ]
  [-16.874254  -12.5320425]
  [-17.701431  -12.01951  ]
  [-17.695103  -12.30378  ]
  [-17.541374  -12.148783 ]
  [-17.599844  -12.082924 ]
  [-17.645964  -11.890895 ]
  [-17.386665  -12.202709 ]
  [-17.193264  -12.4941635]
  [-17.056374  -12.295229 ]
  [-17.422276  -11.868305 ]
  [-17.495533  -11.985402 ]
  [-16.66475    -6.3232307]
  [-18.843357  -11.520462 ]
  [-17.297014  -12.273126 ]
  [-18.387436  -11.571574 ]
  [-17.678211  -11.935632 ]
  [-17.373894  -12.065853 ]
  [-13.898313  -11.995604 ]
  [-17.702002  -12.08531  ]
  [-17.79351   -11.898697 ]
  [-17.657057  -12.074205 ]
  [-17.192436  -12.576412 ]
  [-17.64486   -12.071536 ]
  [-17.605156  -12.047211 ]
  [-17.868649  -12.030323 ]
  [-18.387867  -11.069883 ]
  [-16.94251   -12.678823 ]
  [-17.40477   -12.590376 ]
  [-18.551653  -11.209492 ]
  [-17.38276   -12.184908 ]
  [-18.021255  -11.987294 ]
  [-17.43524   -12.178211 ]
  [-18.206573  -11.857998 ]
  [-16.933697  -12.65886  ]
  [-18.003448  -11.494694 ]
  [-16.971926  -12.529773 ]
  [-17.802149  -11.959546 ]]

 [[-17.510902  -11.167345 ]
  [-17.250044  -11.702145 ]
  [-12.476798  -10.763784 ]
  [-17.653053  -11.078285 ]
  [-17.978323  -11.05138  ]
  [-18.319342  -10.764316 ]
  [-17.303793  -11.1260195]
  [-17.424154  -11.055238 ]
  [-17.87356   -10.901141 ]
  [-12.88668   -10.56238  ]
  [-17.107546  -11.726207 ]
  [-18.923023  -10.677244 ]
  [-18.21219   -10.775838 ]
  [-17.62881   -11.204189 ]
  [-14.054263   -9.537346 ]
  [-17.252066  -11.611433 ]
  [-17.607483  -11.097736 ]
  [-13.712976   -9.485928 ]
  [-17.445606  -11.253458 ]
  [-17.086924  -11.3620205]
  [-17.546135  -11.260412 ]
  [-17.21413   -11.54435  ]
  [-17.779194  -11.166107 ]
  [-18.542786  -10.761637 ]
  [-17.185379  -11.348475 ]
  [-17.096432  -11.688063 ]
  [-18.059391  -10.877271 ]
  [-18.163954  -10.821075 ]
  [-18.051605  -10.863857 ]
  [-16.955654   -4.5672674]
  [-18.342178  -10.760298 ]
  [-17.641779  -11.249963 ]
  [-17.192978  -11.28027  ]
  [-17.577076  -11.1105995]
  [-17.57541   -11.122239 ]
  [-15.767275   -9.912891 ]
  [-17.253857  -11.797672 ]
  [-17.97646   -10.924368 ]
  [-17.424183  -11.368334 ]
  [-18.016224  -10.817698 ]
  [-17.17842    -5.312788 ]
  [-17.141853  -11.856997 ]
  [-17.37637   -11.626909 ]
  [-14.7686405 -10.412937 ]
  [-17.423101  -11.492285 ]
  [-18.285915  -10.728262 ]
  [-17.076763  -11.526021 ]
  [-17.697456  -11.110739 ]
  [-17.585508  -11.115953 ]
  [-17.328238  -11.293694 ]
  [-17.947495  -10.775738 ]
  [-17.344296  -11.721828 ]
  [-17.577961  -11.242058 ]
  [-18.078583  -10.760534 ]]

 [[-17.54786   -10.245361 ]
  [-16.684961  -10.719265 ]
  [-17.32656   -11.191047 ]
  [-13.9657135 -11.538838 ]
  [-17.367355  -10.658617 ]
  [-16.910715  -10.637503 ]
  [-17.349245  -10.122897 ]
  [-18.06712   -10.249506 ]
  [-17.493362  -10.803177 ]
  [-17.375614  -10.235626 ]
  [-14.7044735 -10.761309 ]
  [-17.66473   -11.412671 ]
  [-16.930897  -11.2276325]
  [-16.618578  -11.800298 ]
  [-16.85933   -10.562731 ]
  [-17.291428  -10.453974 ]
  [-16.798813  -11.987302 ]
  [-17.299887  -11.771725 ]
  [-17.041208  -11.730642 ]
  [-17.544008  -10.237298 ]
  [-17.147121  -10.124473 ]
  [-16.701777  -11.207812 ]
  [-17.73655   -10.307514 ]
  [-16.474632  -10.381392 ]
  [-17.07471   -10.439861 ]
  [-17.24534   -11.938406 ]
  [-16.839413  -11.851177 ]
  [-17.683783  -11.26729  ]
  [-17.02541   -11.320315 ]
  [-17.465174  -10.888683 ]
  [-16.236845   -7.65267  ]
  [-17.616478  -10.658453 ]
  [-16.604137  -11.992643 ]
  [-17.010317  -11.292665 ]
  [-16.9911    -10.980692 ]
  [-16.221254  -11.450384 ]
  [-14.576399  -11.387072 ]
  [-17.344242  -11.295174 ]
  [-16.440815  -10.917519 ]
  [-16.38373   -10.8748865]
  [-16.589611  -11.857209 ]
  [-16.818176  -10.7183075]
  [-16.586378  -12.127287 ]
  [-16.79248   -10.933445 ]
  [-16.775944  -12.272762 ]
  [-17.005184  -11.721877 ]
  [-17.555021  -10.567869 ]
  [-16.97619   -10.080336 ]
  [-16.398548  -12.66049  ]
  [-16.914288  -10.955933 ]
  [-16.877846  -11.369915 ]
  [-17.401402  -10.135733 ]
  [-17.220268  -10.126743 ]
  [-16.425962  -11.091717 ]]

 [[-18.015635   -9.098571 ]
  [-17.415699   -9.2871065]
  [-18.545074   -8.908885 ]
  [-18.289976   -8.908529 ]
  [-13.638646   -8.678206 ]
  [-17.97389    -9.289943 ]
  [-17.155682   -9.739883 ]
  [-16.843616  -10.129176 ]
  [-17.696651   -9.166352 ]
  [-16.935406   -9.895177 ]
  [-17.681885   -9.37209  ]
  [-14.603407   -8.131435 ]
  [-16.866297  -10.224141 ]
  [-17.745499   -9.402306 ]
  [-17.614862   -9.397472 ]
  [-13.837341   -8.41296  ]
  [-17.42335    -9.079774 ]
  [-17.278416   -9.761195 ]
  [-13.546066   -8.750479 ]
  [-17.716545   -9.565317 ]
  [-14.077887   -8.444687 ]
  [-18.034657   -9.149755 ]
  [-14.694055   -8.104201 ]
  [-17.157196   -9.695543 ]
  [-14.244938   -8.217534 ]
  [-17.40424    -9.929217 ]
  [-14.184652   -8.25728  ]
  [-17.369503   -9.575297 ]
  [-17.360935   -9.477979 ]
  [-17.754768   -9.281583 ]
  [-18.999409   -8.868938 ]
  [-18.117931   -1.780544 ]
  [-17.02631    -9.84866  ]
  [-18.695076   -8.931187 ]
  [-17.724598   -9.335969 ]
  [-17.569862   -9.568947 ]
  [-17.280039   -9.878896 ]
  [-16.707018   -8.34618  ]
  [-17.144594   -9.602143 ]
  [-17.395695   -9.425721 ]
  [-17.993645   -9.074029 ]
  [-17.746616   -1.7832942]
  [-17.378954   -9.297458 ]
  [-17.267807   -9.4956255]
  [-15.497431   -8.437221 ]
  [-18.140379   -9.072982 ]
  [-17.910892   -1.7645645]
  [-16.923492   -9.618556 ]
  [-15.349646   -9.562344 ]
  [-17.42227    -9.534198 ]
  [-17.359129   -1.7722988]
  [-18.208342   -9.011369 ]
  [-15.769466   -8.712785 ]
  [-17.807491   -9.267635 ]]

 [[-15.693863  -10.767483 ]
  [-15.525267  -10.649887 ]
  [-16.406572  -10.2742   ]
  [-15.551521  -10.28384  ]
  [-15.797739  -10.122023 ]
  [-12.340149   -9.689621 ]
  [-15.597711  -10.632696 ]
  [-15.392105  -10.385141 ]
  [-15.904661  -10.751987 ]
  [-15.254084  -10.5696125]
  [-15.283069  -10.943035 ]
  [-16.13995   -10.242109 ]
  [-12.920439   -9.0148735]
  [-15.719654  -10.409849 ]
  [-15.917078  -10.412464 ]
  [-15.612648  -10.378864 ]
  [-15.584057  -10.413023 ]
  [-16.234753  -10.191603 ]
  [-15.745071  -10.476482 ]
  [-15.948961  -10.230215 ]
  [-15.517315  -10.502333 ]
  [-15.611452  -10.250683 ]
  [-15.227446  -10.446617 ]
  [-15.440475  -10.721381 ]
  [-15.405928  -10.603493 ]
  [-16.522623  -10.197996 ]
  [-15.447995  -10.166771 ]
  [-15.333027  -10.68972  ]
  [-16.170233  -10.1711445]
  [-15.387824  -10.688044 ]
  [-15.464113  -10.31543  ]
  [-15.756857  -10.5007105]
  [-15.927145   -2.9114993]
  [-15.466993  -10.40966  ]
  [-15.645855  -11.034449 ]
  [-15.249086  -10.966526 ]
  [-15.671491  -10.375385 ]
  [-15.476898  -10.77515  ]
  [-13.275169   -9.576252 ]
  [-15.906722  -10.410202 ]
  [-15.726589  -10.4293785]
  [-15.616984  -10.966888 ]
  [-15.439785  -10.762445 ]
  [-15.975866  -10.333235 ]
  [-15.363155  -10.826729 ]
  [-15.35272   -10.387139 ]
  [-15.669628  -10.837406 ]
  [-15.50113   -10.492836 ]
  [-16.619934  -10.176897 ]
  [-15.675848  -10.900078 ]
  [-15.361065  -10.889984 ]
  [-15.169302  -11.399677 ]
  [-15.578569  -10.169205 ]
  [-15.906771  -10.122021 ]]]

u
[[[  2.589117     0.11878403]
  [  2.1081774    1.1439106 ]]

 [[-12.318008    -0.12612668]
  [ -7.2332206   -2.1390202 ]]]

z
[[ 0.30754575  2.4115665 ]
 [ 0.6924542  -1.4115665 ]]

====================
Layer 4 decoder
x_bernoulli
[[-0.90400755 -0.02162373]
 [-0.51909906 -3.8447566 ]]

y_bernoulli
[[-2.0374100e+00 -4.8038960e-03]
 [-1.3968271e-01 -5.3407555e+00]]

x_categorical
[[-0.51909906 -3.8447566 ]]

y_categorical
[[-0.13968273 -5.3407555 ]]

v
[[-2.5543542  -5.358997  ]
 [-0.23333064 -9.353914  ]]

rho_categorical
[[ -1.3471036 -12.701647 ]
 [ -1.7187512  -3.8498747]
 [ -1.9660082 -12.917175 ]
 [ -6.9032726 -12.355827 ]
 [ -4.2545843  -9.348509 ]
 [ -7.4943824 -11.30582  ]]

t_categorical
[[[ -9.274358  -15.434161 ]
  [-11.176418  -17.350195 ]
  [-10.494602  -18.12659  ]
  [-10.12916   -18.404114 ]
  [-10.845184  -17.532444 ]
  [-10.065979  -18.76773  ]
  [-10.225996  -18.338985 ]
  [-10.029081  -14.819854 ]
  [-10.738913  -17.531773 ]
  [-10.441137  -18.167517 ]
  [-11.15284   -17.332432 ]
  [-10.051725  -18.789446 ]
  [-10.768164  -17.869549 ]
  [ -8.801403  -16.119707 ]
  [-10.57902   -17.735065 ]
  [-10.470947  -17.68316  ]
  [-10.240555  -14.52947  ]
  [-10.459251  -18.188692 ]
  [-10.243725  -18.429802 ]
  [ -8.924572  -16.142979 ]
  [-11.105862  -17.790901 ]
  [ -9.9260025 -14.955602 ]
  [-10.11911   -18.420464 ]
  [ -8.8991585 -15.995164 ]
  [-10.305773  -17.813461 ]
  [ -9.097217  -15.760471 ]
  [-10.300373  -18.450674 ]
  [ -3.2196026 -17.60308  ]
  [-10.071764  -18.679071 ]
  [-10.277819  -18.09497  ]
  [-10.144594  -18.556686 ]
  [-10.694248  -17.557772 ]
  [-11.0041065 -17.33976  ]
  [ -9.827148  -15.838837 ]
  [-10.169249  -18.511374 ]
  [-11.24539   -17.434685 ]
  [-10.160196  -18.455242 ]
  [-10.335636  -18.212698 ]
  [-11.276958  -17.510303 ]
  [ -2.5840306 -18.99442  ]
  [-10.35042   -18.204155 ]
  [-10.156675  -18.504555 ]
  [ -9.779945  -15.846828 ]
  [-10.615652  -17.765776 ]
  [-10.7639885 -17.87667  ]
  [ -2.733953  -18.736244 ]
  [-10.902372  -17.649603 ]
  [ -9.324051  -16.71487  ]
  [-10.4291935 -17.6591   ]
  [ -2.557303  -17.869045 ]
  [-10.5078945 -18.097763 ]
  [-10.104479  -15.309103 ]
  [-11.247673  -17.48275  ]
  [-10.219154  -18.442272 ]]

 [[-10.691755  -13.254589 ]
  [ -9.281843   -4.7494173]
  [-10.701554  -13.32504  ]
  [-11.159664  -13.290417 ]
  [-11.766855  -13.038684 ]
  [-11.004091  -13.292048 ]
  [-11.780688  -12.947727 ]
  [-10.605982  -13.458071 ]
  [ -9.454532   -4.740547 ]
  [-11.126933  -13.311239 ]
  [-10.889847  -13.338272 ]
  [-10.671392  -13.440844 ]
  [-10.857928  -13.202775 ]
  [-11.247875  -13.013638 ]
  [-10.873233  -13.042764 ]
  [-10.6159935 -13.5083885]
  [-11.015974  -12.959496 ]
  [-10.553076  -13.944265 ]
  [-11.222986  -13.193854 ]
  [-11.26352   -13.198111 ]
  [-10.677158  -13.684619 ]
  [-10.746419  -13.37317  ]
  [-10.880428  -13.072435 ]
  [-10.776751  -13.256484 ]
  [-10.797041  -13.331664 ]
  [-10.567297  -13.771682 ]
  [-10.524882  -13.348151 ]
  [-10.52121   -13.897114 ]
  [ -1.7253766 -13.15972  ]
  [-11.302009  -12.995309 ]
  [-10.701862  -13.474365 ]
  [-11.887516  -13.127524 ]
  [-10.535991  -13.668021 ]
  [-10.847128  -13.1423025]
  [-10.122551   -5.570942 ]
  [-11.034239  -13.202636 ]
  [-10.608037  -13.54139  ]
  [-10.835129  -13.297154 ]
  [-10.710663  -13.738353 ]
  [-11.090727  -13.15601  ]
  [-10.620328  -13.680793 ]
  [-10.930986  -13.196197 ]
  [-11.093443  -12.909217 ]
  [-10.710711  -13.273192 ]
  [-10.930368  -13.435294 ]
  [-11.367935  -12.985003 ]
  [-10.626454  -13.754428 ]
  [-10.902943  -13.340614 ]
  [-10.818381  -13.244502 ]
  [-10.686403  -13.576429 ]
  [-10.608515  -13.806823 ]
  [-10.977543  -13.027992 ]
  [-10.659408  -13.351242 ]
  [-10.60924   -13.701602 ]]

 [[-10.037068  -17.975376 ]
  [-10.056503  -18.101318 ]
  [ -8.518562  -15.041338 ]
  [-10.911056  -17.486315 ]
  [-10.072384  -18.30154  ]
  [ -9.826352  -18.462805 ]
  [-10.95189   -16.9022   ]
  [-10.168657  -17.442602 ]
  [-10.430807  -17.563404 ]
  [ -8.512608  -15.24588  ]
  [-10.02877   -17.959175 ]
  [-10.336268  -17.977076 ]
  [ -9.918872  -18.000772 ]
  [ -9.862473  -18.540745 ]
  [ -8.791913  -14.674934 ]
  [-10.582807  -17.576614 ]
  [ -9.7634945 -18.68755  ]
  [ -8.477934  -15.210064 ]
  [-10.746564  -17.471148 ]
  [-10.8587675 -17.063656 ]
  [ -9.7216015 -19.060486 ]
  [ -9.788141  -18.554714 ]
  [-11.275492  -17.642733 ]
  [-10.885664  -17.62413  ]
  [ -9.984862  -17.832066 ]
  [-10.18991   -17.712688 ]
  [-10.555134  -17.658237 ]
  [-10.229708  -17.735191 ]
  [-10.90591   -17.319246 ]
  [ -2.666675  -18.214485 ]
  [-10.420707  -17.638466 ]
  [ -9.978405  -18.363586 ]
  [ -9.9584    -17.810781 ]
  [-10.323475  -17.665504 ]
  [-10.164303  -17.865662 ]
  [ -9.447849  -15.536195 ]
  [-10.137233  -18.057093 ]
  [ -9.915631  -18.340508 ]
  [-10.234805  -17.88175  ]
  [-10.863368  -17.180054 ]
  [ -2.6896458 -17.904793 ]
  [-11.076327  -17.374573 ]
  [-10.439059  -17.853271 ]
  [ -9.034247  -15.831853 ]
  [ -9.901967  -18.464516 ]
  [-10.372859  -17.336338 ]
  [-10.554605  -17.287636 ]
  [ -9.965068  -18.275011 ]
  [-10.024197  -18.015171 ]
  [ -9.93828   -18.080412 ]
  [-10.167042  -17.382002 ]
  [ -9.803223  -18.830477 ]
  [-10.457205  -17.745613 ]
  [-11.09066   -16.984003 ]]

 [[-12.192948  -17.870455 ]
  [-12.2107725 -16.894894 ]
  [-12.459996  -17.358128 ]
  [-11.49035   -14.197729 ]
  [-12.12744   -17.619884 ]
  [-12.354515  -16.634464 ]
  [-12.195381  -17.799536 ]
  [-12.361183  -17.770098 ]
  [-12.823307  -17.16066  ]
  [-12.418817  -17.23008  ]
  [-11.592604  -14.1957035]
  [-12.440994  -17.752323 ]
  [-12.575498  -17.02031  ]
  [-13.368982  -16.6474   ]
  [-12.231655  -17.243916 ]
  [-12.728151  -16.577803 ]
  [-13.001838  -16.624132 ]
  [-13.286802  -16.247543 ]
  [-12.388976  -17.399727 ]
  [-12.701801  -17.33788  ]
  [-12.215072  -17.273264 ]
  [-12.321154  -16.8634   ]
  [-12.072069  -18.473354 ]
  [-12.429005  -16.847237 ]
  [-12.518846  -17.158016 ]
  [-12.586548  -17.223064 ]
  [-12.734762  -16.563543 ]
  [-12.742503  -17.341085 ]
  [-13.612054  -16.600618 ]
  [-12.777907  -16.883295 ]
  [ -7.127907  -16.710365 ]
  [-13.032828  -17.106646 ]
  [-12.430909  -17.317656 ]
  [-13.309769  -16.631731 ]
  [-13.303143  -16.65891  ]
  [-11.845114  -17.115005 ]
  [-11.754204  -14.264665 ]
  [-12.600446  -16.962973 ]
  [-12.560073  -16.879555 ]
  [-13.397053  -16.351814 ]
  [-12.867582  -16.439829 ]
  [-12.9407835 -16.837786 ]
  [-12.92483   -16.576723 ]
  [-13.11971   -16.547865 ]
  [-13.74252   -16.117687 ]
  [-12.826037  -16.300184 ]
  [-12.505648  -17.402868 ]
  [-12.851137  -16.661587 ]
  [-12.93553   -16.498941 ]
  [-11.879162  -17.675976 ]
  [-11.808194  -18.03236  ]
  [-12.466813  -17.560133 ]
  [-13.255637  -16.74312  ]
  [-12.434957  -16.872774 ]]

 [[-12.236569  -16.315054 ]
  [-13.017272  -15.440099 ]
  [-12.572248  -15.919272 ]
  [-11.96063   -16.865646 ]
  [-11.258997  -11.493759 ]
  [-12.577561  -16.123947 ]
  [-12.175799  -16.079834 ]
  [-12.1787815 -15.616677 ]
  [-12.325267  -16.009657 ]
  [-12.733255  -15.460474 ]
  [-12.5559635 -15.974677 ]
  [-10.861434  -12.566891 ]
  [-12.478679  -15.575167 ]
  [-13.139638  -15.766571 ]
  [-12.373693  -16.114775 ]
  [-11.302073  -11.396332 ]
  [-12.293674  -15.697215 ]
  [-11.748193  -16.666231 ]
  [-11.02349   -11.724548 ]
  [-12.364733  -16.218716 ]
  [-12.497518  -11.141354 ]
  [-12.558273  -16.035015 ]
  [-11.856019  -11.2937565]
  [-11.842397  -16.958168 ]
  [-11.017403  -11.677208 ]
  [-12.192761  -16.135891 ]
  [-11.503176  -11.707092 ]
  [-12.472809  -15.913755 ]
  [-12.023531  -16.49274  ]
  [-13.285623  -15.636531 ]
  [-12.422345  -16.229609 ]
  [ -5.5403156 -16.400074 ]
  [-11.984067  -16.35664  ]
  [-12.772191  -15.965521 ]
  [-12.432576  -16.08493  ]
  [-11.872674  -17.221224 ]
  [-12.533883  -15.855574 ]
  [-10.834483  -14.11998  ]
  [-12.339331  -15.830131 ]
  [-12.468232  -15.859771 ]
  [-12.621785  -15.833605 ]
  [ -5.397784  -15.964981 ]
  [-12.365707  -15.850585 ]
  [-12.132347  -16.21304  ]
  [-11.601381  -12.873226 ]
  [-12.39175   -16.160093 ]
  [ -5.8240204 -15.61046  ]
  [-12.496947  -15.528878 ]
  [-10.913384  -14.72714  ]
  [-11.8448105 -17.170603 ]
  [ -6.001935  -15.262911 ]
  [-12.359949  -16.135614 ]
  [-12.352541  -13.181709 ]
  [-12.396156  -16.122364 ]]

 [[-13.054936  -15.471339 ]
  [-12.02344   -15.492745 ]
  [-13.963118  -14.975436 ]
  [-12.399978  -15.904308 ]
  [-13.056046  -14.626215 ]
  [-11.351973  -14.533389 ]
  [-12.862729  -15.560451 ]
  [-12.316423  -15.074414 ]
  [-12.896326  -16.028908 ]
  [-11.687452  -15.883218 ]
  [-11.168536  -16.191341 ]
  [-12.982672  -15.365101 ]
  [-12.293063  -13.340937 ]
  [-13.339368  -15.139842 ]
  [-12.949191  -15.463721 ]
  [-12.491981  -15.349459 ]
  [-12.518913  -15.401976 ]
  [-13.407255  -14.898352 ]
  [-13.255938  -15.16535  ]
  [-13.3664255 -14.7723055]
  [-11.78615   -16.150051 ]
  [-12.562606  -15.207573 ]
  [-11.172021  -15.460266 ]
  [-12.4325905 -15.7475815]
  [-11.892923  -15.494522 ]
  [-12.714157  -15.951504 ]
  [-12.074438  -15.987457 ]
  [-11.527769  -15.640793 ]
  [-13.5360365 -14.814138 ]
  [-12.857764  -15.31027  ]
  [-11.954618  -16.108902 ]
  [-13.406774  -15.099119 ]
  [ -8.109883  -15.352247 ]
  [-12.179327  -16.35838  ]
  [-12.843473  -15.956779 ]
  [-11.174235  -16.479034 ]
  [-12.553066  -15.771992 ]
  [-12.569865  -15.777013 ]
  [-11.467026  -15.081436 ]
  [-12.913618  -15.466219 ]
  [-13.1371    -15.252376 ]
  [-12.738654  -15.918598 ]
  [-12.2501335 -16.538462 ]
  [-12.780577  -15.660224 ]
  [-11.5159645 -15.913399 ]
  [-11.657417  -15.226724 ]
  [-13.233728  -15.378183 ]
  [-12.628334  -15.516733 ]
  [-13.0536    -15.363573 ]
  [-12.940293  -15.649779 ]
  [-11.784415  -16.148415 ]
  [-11.481831  -15.530959 ]
  [-12.66258   -14.884493 ]
  [-12.584383  -15.086699 ]]]

u
[[[ 1.2681733   1.8498707 ]
  [ 0.20971835  2.3373647 ]]

 [[-2.5543542  -5.358997  ]
  [-0.23333064 -9.353914  ]]]

z
[[ 2.3459566   0.49018824]
 [-1.3459566   0.50981176]]

====================
Layer 3 decoder
x_bernoulli
[[-0.02461874 -0.70300704]
 [-3.7165318  -0.6833835 ]]

y_bernoulli
[[-1.7714500e-04 -4.9722877e+00]
 [-8.6378040e+00 -6.9514513e-03]]

x_categorical
[[-3.7165318 -0.6833835]]

y_categorical
[[-8.6378040e+00 -6.9514336e-03]]

v
[[ -8.794995    -3.436802  ]
 [-10.56566     -0.03987942]]

rho_categorical
[[-5.977561  -8.767026 ]
 [-6.3771377 -9.811772 ]
 [-5.051053  -7.398143 ]
 [-7.035409  -7.9881783]
 [-5.0682917 -2.637341 ]
 [-5.034835  -0.8388853]]

t_categorical
[[[-13.151349  -10.401191 ]
  [-13.873986  -15.364092 ]
  [-13.791397  -15.804536 ]
  [-14.395882  -15.013283 ]
  [-14.00924   -15.252811 ]
  [-13.819954  -15.690527 ]
  [-14.835541  -14.997205 ]
  [-13.504279  -10.920759 ]
  [-13.743314  -15.565824 ]
  [-13.783763  -15.812496 ]
  [-14.319369  -14.980549 ]
  [-14.906677  -14.996143 ]
  [-14.100602  -15.375771 ]
  [-12.634278  -10.626712 ]
  [-13.752074  -15.637446 ]
  [-14.211753  -14.974194 ]
  [-13.132292  -10.625433 ]
  [-13.878483  -15.677437 ]
  [-13.806764  -15.774944 ]
  [-12.727889  -11.013143 ]
  [-14.276885  -15.282858 ]
  [-12.961133  -11.758828 ]
  [-14.14342   -15.149445 ]
  [-12.63167   -11.271946 ]
  [-14.246726  -14.88217  ]
  [-13.144089  -11.45002  ]
  [-13.85811   -15.75877  ]
  [-11.920776  -14.69701  ]
  [-14.078407  -15.318235 ]
  [-14.762848  -14.897922 ]
  [-14.547077  -15.1202545]
  [-13.697528  -15.669409 ]
  [-15.302012  -14.689372 ]
  [ -7.505239  -15.445618 ]
  [-13.757401  -15.826452 ]
  [-14.74663   -14.921875 ]
  [-13.800506  -15.675263 ]
  [-14.244781  -15.256031 ]
  [-14.709945  -14.986488 ]
  [-11.846237  -15.218649 ]
  [-14.189021  -15.299238 ]
  [-13.687467  -15.971562 ]
  [ -7.217704  -15.478703 ]
  [-13.937953  -15.400114 ]
  [-13.696533  -15.971178 ]
  [-12.349522  -14.565594 ]
  [-14.331056  -15.1323185]
  [ -7.0662355 -16.477312 ]
  [-14.47871   -14.791248 ]
  [-11.649653  -14.960102 ]
  [-14.257087  -15.291145 ]
  [ -8.037183  -14.81706  ]
  [-14.170038  -15.197651 ]
  [-14.111429  -15.386629 ]]

 [[-14.632462  -15.33408  ]
  [-12.689625  -10.334229 ]
  [-14.255295  -15.670282 ]
  [-14.606771  -15.71397  ]
  [-14.170839  -16.183111 ]
  [-14.256306  -15.924269 ]
  [-14.094078  -16.255957 ]
  [-14.366137  -15.330513 ]
  [-12.820448  -11.225803 ]
  [-14.118977  -16.186296 ]
  [-13.96237   -16.410736 ]
  [-14.266096  -15.598806 ]
  [-15.343294  -15.33678  ]
  [-14.525644  -15.7726965]
  [-14.470156  -15.644931 ]
  [-14.561306  -15.351675 ]
  [-15.320181  -15.428891 ]
  [-14.4267845 -15.326256 ]
  [-15.188524  -15.514412 ]
  [-15.272547  -15.486463 ]
  [-14.358782  -15.564873 ]
  [-14.311176  -15.657217 ]
  [-14.083792  -16.034689 ]
  [-14.438099  -15.569186 ]
  [-15.467873  -15.260567 ]
  [-14.37204   -15.320108 ]
  [-14.929682  -15.024467 ]
  [-14.110168  -15.455938 ]
  [-11.753189  -14.765765 ]
  [-13.852585  -16.901432 ]
  [-14.121762  -15.80648  ]
  [-14.892342  -15.6786785]
  [-14.138824  -15.323512 ]
  [-14.636335  -15.559881 ]
  [ -6.401588  -15.131192 ]
  [-14.270382  -15.906482 ]
  [-14.697901  -15.243739 ]
  [-14.165682  -15.91803  ]
  [-14.603245  -15.499358 ]
  [-14.246792  -15.946156 ]
  [-14.1304035 -15.652322 ]
  [-14.046268  -16.17331  ]
  [-15.194105  -15.4456625]
  [-14.212057  -15.726055 ]
  [-14.136345  -16.091297 ]
  [-14.414118  -15.836189 ]
  [-13.91832   -16.27199  ]
  [-14.663891  -15.554506 ]
  [-14.857115  -15.417367 ]
  [-14.495129  -15.501837 ]
  [-14.927172  -15.24213  ]
  [-14.623405  -15.607772 ]
  [-14.207802  -15.699755 ]
  [-15.224794  -15.078225 ]]

 [[-14.56723   -14.278481 ]
  [-14.31215   -14.576246 ]
  [-12.512811   -9.599378 ]
  [-14.416223  -14.4160795]
  [-14.076019  -15.147861 ]
  [-14.582723  -14.292832 ]
  [-14.317973  -14.357414 ]
  [-14.730257  -14.059617 ]
  [-15.015569  -14.054539 ]
  [-13.455254   -9.3106   ]
  [-14.608781  -14.243448 ]
  [-14.571071  -14.405081 ]
  [-14.569651  -14.200697 ]
  [-14.276271  -14.665345 ]
  [-13.225746   -8.237497 ]
  [-14.232614  -14.668682 ]
  [-14.370845  -14.464824 ]
  [-13.746902   -8.742178 ]
  [-14.474729  -14.365312 ]
  [-15.4260025 -13.835766 ]
  [-14.319697  -14.598762 ]
  [-15.1959505 -14.007015 ]
  [-14.308434  -14.647634 ]
  [-14.060408  -15.104448 ]
  [-14.368429  -14.363741 ]
  [-14.309398  -14.513882 ]
  [-14.325475  -14.565592 ]
  [-14.250974  -14.637094 ]
  [-14.351838  -14.460834 ]
  [-10.9869585 -13.653647 ]
  [-14.068841  -15.01225  ]
  [-14.718204  -14.2856865]
  [-15.053723  -13.944547 ]
  [-14.87926   -14.106487 ]
  [-15.461169  -13.960961 ]
  [ -5.7594957 -13.724694 ]
  [-14.458633  -14.44585  ]
  [-15.393082  -14.001683 ]
  [-14.733115  -14.230092 ]
  [-14.136209  -14.757144 ]
  [-10.373365  -15.005181 ]
  [-14.058212  -15.036629 ]
  [-14.453959  -14.464204 ]
  [ -5.7539606 -14.27931  ]
  [-14.520873  -14.4155   ]
  [-14.176356  -14.632184 ]
  [-14.482377  -14.236294 ]
  [-15.216611  -14.054814 ]
  [-14.059274  -15.041539 ]
  [-14.831108  -14.114691 ]
  [-14.132417  -14.674982 ]
  [-14.964967  -14.176618 ]
  [-14.654426  -14.280565 ]
  [-14.831992  -14.002989 ]]

 [[-14.405117  -14.910194 ]
  [-15.275636  -13.807013 ]
  [-14.681003  -14.643829 ]
  [-12.969589   -8.329267 ]
  [-15.176242  -14.410852 ]
  [-14.67615   -14.080219 ]
  [-14.554387  -14.731279 ]
  [-14.980618  -14.516262 ]
  [-14.224812  -15.307117 ]
  [-14.948241  -14.343637 ]
  [-13.047962   -9.56192  ]
  [-14.2058    -15.595983 ]
  [-14.489127  -14.767542 ]
  [-14.219902  -15.194931 ]
  [-15.156498  -14.2445965]
  [-14.669784  -14.36356  ]
  [-14.671082  -14.370127 ]
  [-14.180899  -14.649828 ]
  [-14.489301  -14.893259 ]
  [-14.720959  -14.633755 ]
  [-14.820806  -14.251032 ]
  [-15.379073  -13.766083 ]
  [-14.666824  -14.665312 ]
  [-14.654081  -14.392626 ]
  [-14.6567335 -14.609236 ]
  [-14.529654  -14.230967 ]
  [-14.507452  -14.12988  ]
  [-14.270918  -15.3122425]
  [-14.195816  -15.323692 ]
  [-14.592214  -14.5717945]
  [-11.363003  -14.467772 ]
  [-14.168223  -15.528927 ]
  [-14.471702  -14.255032 ]
  [-14.9587555 -14.357708 ]
  [-14.603291  -14.584101 ]
  [-15.451445  -14.037916 ]
  [ -7.0803585 -13.361042 ]
  [-14.935258  -14.283302 ]
  [-14.703456  -14.438007 ]
  [-14.66946   -14.427576 ]
  [-14.46392   -14.415657 ]
  [-14.615205  -14.597425 ]
  [-14.78156   -14.2243395]
  [-14.587209  -14.57609  ]
  [-14.2382765 -14.682367 ]
  [-14.712305  -14.01371  ]
  [-14.318015  -15.121304 ]
  [-14.621014  -14.50146  ]
  [-14.451754  -14.389139 ]
  [-14.797558  -14.548572 ]
  [-14.8136015 -14.530161 ]
  [-14.605294  -14.748691 ]
  [-14.974426  -14.377069 ]
  [-14.75719   -14.423128 ]]

 [[-14.024125  -12.209488 ]
  [-14.243588  -11.734798 ]
  [-15.16984   -11.453281 ]
  [-14.580704  -11.513458 ]
  [-12.610746   -5.767142 ]
  [-14.045285  -12.284679 ]
  [-14.3140745 -11.721697 ]
  [-14.314809  -11.635611 ]
  [-14.85391   -11.476082 ]
  [-14.24205   -11.70327  ]
  [-14.26732   -11.895746 ]
  [-13.341798   -5.7023754]
  [-13.948884  -12.053465 ]
  [-14.617579  -11.684328 ]
  [-13.939731  -12.402519 ]
  [-13.257991   -4.5386615]
  [-14.34732   -11.426693 ]
  [-14.986818  -11.492369 ]
  [-13.138213   -5.186591 ]
  [-14.792736  -11.637308 ]
  [-13.705165   -4.5477924]
  [-14.2898245 -11.901787 ]
  [-14.089499   -4.1676598]
  [-14.261445  -11.760508 ]
  [-13.414546   -4.355739 ]
  [-14.232078  -11.943981 ]
  [-13.914704   -4.6547465]
  [-13.982493  -12.228292 ]
  [-14.444603  -11.659765 ]
  [-14.877932  -11.548216 ]
  [-13.9282055 -12.564056 ]
  [-11.607565  -11.040319 ]
  [-14.052093  -11.954494 ]
  [-14.213851  -12.021551 ]
  [-14.342024  -11.831581 ]
  [-14.234887  -11.943161 ]
  [-14.09239   -12.052324 ]
  [ -6.456165  -12.600382 ]
  [-14.543313  -11.550009 ]
  [-14.011662  -12.120285 ]
  [-14.199218  -11.912794 ]
  [-11.89385   -10.964262 ]
  [-14.095813  -11.865835 ]
  [-14.238558  -11.771591 ]
  [ -6.5143085 -10.930723 ]
  [-14.605155  -11.666317 ]
  [-11.66402   -11.138924 ]
  [-14.428012  -11.4820385]
  [ -6.436844  -12.824799 ]
  [-14.580644  -11.625639 ]
  [-10.54928   -11.704737 ]
  [-15.466277  -11.412991 ]
  [ -6.4679523 -12.458275 ]
  [-14.810786  -11.578373 ]]

 [[-15.401109  -12.633878 ]
  [-15.429828  -12.588951 ]
  [-15.281183  -12.884647 ]
  [-16.228476  -12.1241455]
  [-16.05365   -12.121075 ]
  [-13.92017    -1.5331049]
  [-15.591349  -12.411936 ]
  [-15.592751  -12.343432 ]
  [-15.316418  -12.842142 ]
  [-16.218018  -12.124258 ]
  [-16.056854  -12.214321 ]
  [-15.527128  -12.549427 ]
  [-15.014984   -1.5319977]
  [-15.660794  -12.409887 ]
  [-15.300777  -12.851122 ]
  [-15.793852  -12.336481 ]
  [-16.029627  -12.243158 ]
  [-15.491636  -12.555015 ]
  [-15.432154  -12.578524 ]
  [-15.619816  -12.39103  ]
  [-15.424799  -12.606437 ]
  [-15.43396   -12.396196 ]
  [-16.365967  -12.114998 ]
  [-15.918308  -12.272078 ]
  [-15.836433  -12.30703  ]
  [-15.403097  -12.702867 ]
  [-15.950146  -12.126278 ]
  [-15.410999  -12.534024 ]
  [-15.582028  -12.481577 ]
  [-15.926937  -12.236179 ]
  [-15.925646  -12.223598 ]
  [-15.422579  -12.572171 ]
  [-12.049585  -12.068659 ]
  [-16.183626  -12.155212 ]
  [-15.532949  -12.553375 ]
  [-15.255014  -12.677099 ]
  [-15.485315  -12.524908 ]
  [-15.688394  -12.386407 ]
  [ -5.037173  -11.0547905]
  [-15.2876835 -12.888773 ]
  [-15.62261   -12.441784 ]
  [-15.575186  -12.495758 ]
  [-16.149944  -12.195679 ]
  [-15.531593  -12.486185 ]
  [-15.439447  -12.521315 ]
  [-16.557602  -12.066826 ]
  [-15.2243805 -12.865112 ]
  [-15.591654  -12.41387  ]
  [-15.251114  -13.050825 ]
  [-15.415401  -12.669824 ]
  [-15.681021  -12.369404 ]
  [-16.416721  -12.097769 ]
  [-16.014778  -12.170971 ]
  [-15.559061  -12.405981 ]]]

u
[[[  2.2818716    1.4899338 ]
  [  2.4480405    0.03910477]]

 [[ -8.794995    -3.436802  ]
  [-10.56566     -0.03987942]]]

z
[[ 3.3998377   0.09573005]
 [-2.3998377   0.90426993]]

====================
Layer 2 decoder
x_bernoulli
[[-3.0238628e-03 -1.1770008e+00]
 [-5.8026991e+00 -3.6846089e-01]]

y_bernoulli
[[-6.0796738e-05 -4.7253952e+00]
 [-9.7076836e+00 -8.9067817e-03]]

x_categorical
[[-5.802699  -0.3684609]]

y_categorical
[[-9.707684e+00 -8.906756e-03]]

v
[[-10.111867    -3.7596927 ]
 [-10.808865    -0.03268654]]

rho_categorical
[[-15.117892    -3.1888404 ]
 [ -6.8533273   -6.409607  ]
 [-15.656738    -1.9464917 ]
 [ -6.2339306   -7.3352594 ]
 [-15.490794    -0.68471766]
 [-13.707603    -6.66551   ]]

t_categorical
[[[-20.260983   -5.3372974]
  [-20.468285  -11.143861 ]
  [-20.68937   -11.48498  ]
  [-20.53683   -11.29874  ]
  [-20.6358    -11.035847 ]
  [-20.454788  -11.778336 ]
  [-20.542385  -11.503485 ]
  [-20.41077    -5.013658 ]
  [-20.243452  -11.808395 ]
  [-20.153751  -12.444664 ]
  [-20.483976  -11.049307 ]
  [-20.807854  -11.312614 ]
  [-20.278992  -11.795576 ]
  [-19.680124   -5.3062196]
  [-20.375267  -11.557417 ]
  [-20.21867   -11.881319 ]
  [-20.145185   -4.26     ]
  [-20.678108  -11.512295 ]
  [-20.403751  -11.912407 ]
  [-19.525444   -6.316196 ]
  [-20.048937  -11.674665 ]
  [-19.729914   -6.1203537]
  [-20.371132  -11.646273 ]
  [-19.585297   -6.7662797]
  [-20.391182  -11.071337 ]
  [-19.91526    -5.782393 ]
  [-21.38762   -11.270884 ]
  [-17.327131  -11.7800865]
  [-20.247759  -12.294462 ]
  [-20.293186  -11.796207 ]
  [-20.515244  -11.633923 ]
  [-20.326138  -11.523546 ]
  [-20.146095  -11.76594  ]
  [-19.5905     -8.459532 ]
  [-20.837364  -11.298052 ]
  [-20.395203  -11.310535 ]
  [-20.288448  -12.138605 ]
  [-20.34212   -11.86878  ]
  [-20.961422  -10.976399 ]
  [-16.524805  -12.236582 ]
  [-20.577585  -11.516737 ]
  [-20.907398  -11.178402 ]
  [-19.802582   -7.543845 ]
  [-20.650743  -11.188449 ]
  [-20.276535  -11.931326 ]
  [-16.867842  -12.07839  ]
  [-20.313362  -11.634195 ]
  [-20.222494   -7.8942356]
  [-20.202612  -11.810757 ]
  [-16.835659  -11.9776535]
  [-20.932516  -11.285492 ]
  [-19.895811   -6.978635 ]
  [-20.02427   -12.296255 ]
  [-20.322636  -12.008923 ]]

 [[-17.264894  -12.639763 ]
  [-16.517017   -7.2849183]
  [-17.629139  -12.340996 ]
  [-17.273172  -13.131668 ]
  [-17.164305  -13.288454 ]
  [-17.215176  -13.130241 ]
  [-17.484177  -12.818447 ]
  [-17.364294  -12.414081 ]
  [-16.645575   -7.2971077]
  [-17.540007  -12.859745 ]
  [-17.25923   -13.009232 ]
  [-17.291006  -12.660233 ]
  [-17.993938  -12.329729 ]
  [-17.274473  -12.809966 ]
  [-17.712582  -12.408355 ]
  [-17.779951  -12.161148 ]
  [-17.468473  -12.584724 ]
  [-17.654196  -12.207905 ]
  [-17.528795  -12.799506 ]
  [-17.013752  -13.507309 ]
  [-17.058249  -13.3607235]
  [-17.303602  -12.748543 ]
  [-18.219383  -12.233501 ]
  [-17.29732   -12.7334585]
  [-17.203594  -12.925619 ]
  [-17.380096  -12.426171 ]
  [-18.248577  -11.758617 ]
  [-17.699757  -12.049353 ]
  [ -6.854824  -13.60636  ]
  [-18.089262  -12.492302 ]
  [-17.055256  -13.295845 ]
  [-17.082344  -13.373121 ]
  [-17.215294  -12.560244 ]
  [-18.313873  -12.244314 ]
  [-15.878147   -9.0999155]
  [-17.905087  -12.516575 ]
  [-17.672955  -12.193214 ]
  [-17.67776   -12.47965  ]
  [-17.165806  -13.138794 ]
  [-18.091936  -12.47641  ]
  [-17.089666  -13.122393 ]
  [-17.140846  -13.1832   ]
  [-16.896118  -13.133599 ]
  [-17.689682  -12.302689 ]
  [-17.565454  -12.757082 ]
  [-17.581758  -12.695713 ]
  [-17.75741   -12.292287 ]
  [-17.141428  -13.224228 ]
  [-17.440767  -12.614192 ]
  [-17.551     -12.475805 ]
  [-17.575457  -12.39225  ]
  [-17.857298  -12.421904 ]
  [-18.224327  -12.052724 ]
  [-17.153421  -12.91164  ]]

 [[-21.03391   -11.040737 ]
  [-20.851957  -11.705509 ]
  [-19.893623   -3.7426157]
  [-20.940084  -11.1521015]
  [-21.981915  -10.708754 ]
  [-21.343098  -10.698116 ]
  [-21.155901  -10.3076515]
  [-21.162212  -10.40163  ]
  [-21.226261  -10.689779 ]
  [-20.739304   -3.124673 ]
  [-21.325035  -10.602465 ]
  [-22.23726   -10.57859  ]
  [-20.900108  -11.215029 ]
  [-21.32024   -10.913116 ]
  [-20.15702    -3.4698226]
  [-21.08278   -11.055737 ]
  [-20.996235  -11.187225 ]
  [-20.477875   -3.1958895]
  [-21.413633  -10.598347 ]
  [-20.975796  -10.419075 ]
  [-21.470268  -10.760086 ]
  [-21.074352  -10.946457 ]
  [-21.029242  -11.331652 ]
  [-20.793682  -12.039606 ]
  [-21.088743  -10.636988 ]
  [-22.261932  -10.215055 ]
  [-21.334568  -10.803946 ]
  [-21.906765  -10.389074 ]
  [-20.823427  -11.664846 ]
  [-16.978262  -11.480492 ]
  [-21.552689  -10.602774 ]
  [-21.097706  -11.259367 ]
  [-21.118431  -10.485907 ]
  [-21.048035  -10.969452 ]
  [-21.12846   -10.857904 ]
  [-19.892792   -7.026711 ]
  [-21.18671   -11.022594 ]
  [-21.041725  -11.16309  ]
  [-21.500792  -10.650761 ]
  [-21.480036  -10.396339 ]
  [-16.367682  -12.032042 ]
  [-21.227688  -10.846079 ]
  [-20.829334  -11.911192 ]
  [-20.443558   -6.7134004]
  [-22.17633   -10.517878 ]
  [-21.117062  -10.617046 ]
  [-20.961893  -10.752121 ]
  [-21.087572  -11.106356 ]
  [-21.954819  -10.376841 ]
  [-21.51139   -10.432474 ]
  [-21.697136   -9.996368 ]
  [-21.102543  -11.264132 ]
  [-20.851576  -11.756943 ]
  [-20.858051  -10.927645 ]]

 [[-17.784332  -13.089445 ]
  [-17.938406  -11.909671 ]
  [-16.177738  -14.191933 ]
  [-15.914293   -8.199355 ]
  [-16.350027  -13.920509 ]
  [-17.49851   -11.907285 ]
  [-17.968685  -13.104084 ]
  [-16.83913   -13.658012 ]
  [-17.013561  -13.374058 ]
  [-17.026054  -13.031288 ]
  [-15.520638   -8.786271 ]
  [-16.386158  -14.146547 ]
  [-16.208565  -13.8510895]
  [-16.49818   -13.557524 ]
  [-16.61498   -13.277477 ]
  [-17.197699  -12.5896225]
  [-16.51447   -13.398209 ]
  [-16.97853   -12.550322 ]
  [-16.077494  -14.185297 ]
  [-17.082558  -13.445738 ]
  [-17.440882  -12.432856 ]
  [-18.011679  -12.156275 ]
  [-17.653435  -13.229731 ]
  [-17.02641   -12.716482 ]
  [-16.702381  -13.42461  ]
  [-16.72551   -12.923765 ]
  [-17.247263  -12.342251 ]
  [-16.283138  -14.206823 ]
  [-16.333054  -13.78393  ]
  [-17.11345   -13.020248 ]
  [ -6.235644  -13.923108 ]
  [-16.989784  -13.442497 ]
  [-16.532452  -12.752893 ]
  [-16.122309  -14.429485 ]
  [-16.732538  -13.319084 ]
  [-16.059742  -13.347784 ]
  [-15.390078   -9.018606 ]
  [-16.208588  -14.065037 ]
  [-16.818384  -13.10301  ]
  [-16.47492   -13.274374 ]
  [-16.681183  -12.773353 ]
  [-16.672417  -13.393729 ]
  [-16.66405   -13.086576 ]
  [-16.214     -13.655193 ]
  [-16.479761  -13.295358 ]
  [-16.286648  -13.377102 ]
  [-16.870588  -13.469986 ]
  [-17.513351  -12.765749 ]
  [-16.474674  -13.21862  ]
  [-16.406555  -13.644813 ]
  [-16.236938  -13.793102 ]
  [-17.263107  -13.419391 ]
  [-16.967007  -13.220194 ]
  [-16.627792  -13.258808 ]]

 [[-20.899876   -9.548719 ]
  [-20.419483   -9.69314  ]
  [-20.799082   -9.613281 ]
  [-20.561428   -9.620321 ]
  [-19.964495   -2.6648712]
  [-21.466045   -9.536322 ]
  [-20.275402   -9.692825 ]
  [-19.402908   -9.821384 ]
  [-20.544271   -9.66958  ]
  [-19.80701    -9.729862 ]
  [-20.889519   -9.578426 ]
  [-20.85725    -2.663896 ]
  [-19.736546   -9.731848 ]
  [-20.910315   -9.614769 ]
  [-20.84996    -9.5683   ]
  [-19.759775   -2.827052 ]
  [-20.305576   -9.806673 ]
  [-20.218197   -9.6268425]
  [-19.989899   -2.7144666]
  [-21.088526   -9.590973 ]
  [-20.10479    -2.8271065]
  [-21.075882   -9.559872 ]
  [-20.066647   -2.9473839]
  [-20.379295   -9.623625 ]
  [-19.997623   -2.8783832]
  [-20.74243    -9.573729 ]
  [-20.408186   -2.7995265]
  [-20.618807   -9.589682 ]
  [-20.513758   -9.621759 ]
  [-20.71771    -9.642139 ]
  [-21.44255    -9.477371 ]
  [-18.558136   -9.937201 ]
  [-20.237814   -9.632679 ]
  [-21.371222   -9.525772 ]
  [-20.908176   -9.575991 ]
  [-20.987114   -9.550131 ]
  [-20.474043   -9.610584 ]
  [-19.772598   -6.5312076]
  [-20.211637   -9.723627 ]
  [-20.565754   -9.585108 ]
  [-20.787231   -9.572388 ]
  [-17.212364  -10.225374 ]
  [-20.416842   -9.677347 ]
  [-20.435888   -9.639135 ]
  [-19.7201     -5.5310597]
  [-20.965797   -9.578478 ]
  [-17.164942  -10.167669 ]
  [-20.06893    -9.837776 ]
  [-19.575829   -7.064168 ]
  [-20.589403   -9.623869 ]
  [-17.098621  -10.147203 ]
  [-20.820648   -9.579704 ]
  [-19.993067   -6.2934713]
  [-20.831675   -9.612705 ]]

 [[-19.682917  -12.002827 ]
  [-19.94387   -11.24263  ]
  [-19.939426  -11.465481 ]
  [-20.636787  -10.770545 ]
  [-19.817894  -11.279268 ]
  [-19.117622   -8.460498 ]
  [-19.752356  -11.87291  ]
  [-19.677782  -11.398624 ]
  [-20.153944  -11.456562 ]
  [-19.920185  -11.377356 ]
  [-20.241451  -11.3900385]
  [-21.061401  -10.544975 ]
  [-19.666836   -8.281552 ]
  [-20.414124  -10.950158 ]
  [-20.444708  -10.883444 ]
  [-20.441769  -11.164708 ]
  [-21.075052  -11.12894  ]
  [-20.09176   -11.089134 ]
  [-19.95271   -11.222088 ]
  [-19.855936  -11.411169 ]
  [-20.670444  -10.66391  ]
  [-19.827381  -10.808374 ]
  [-20.96575   -10.96783  ]
  [-20.33267   -11.282808 ]
  [-20.557419  -11.111756 ]
  [-20.664165  -10.5725155]
  [-20.145285  -10.627847 ]
  [-19.756529  -11.201938 ]
  [-20.553755  -10.749966 ]
  [-19.75718   -11.770727 ]
  [-20.358028  -10.929567 ]
  [-19.817894  -11.532097 ]
  [-13.809043  -12.841774 ]
  [-20.541199  -11.008842 ]
  [-20.263485  -11.404417 ]
  [-19.660172  -11.194322 ]
  [-20.509197  -10.5784025]
  [-20.138166  -11.299688 ]
  [-18.767647   -9.745546 ]
  [-20.615524  -10.826662 ]
  [-20.064974  -11.344435 ]
  [-19.967161  -11.652933 ]
  [-20.641033  -11.236004 ]
  [-20.062502  -11.099019 ]
  [-19.757128  -11.360246 ]
  [-19.693985  -11.803632 ]
  [-19.722496  -11.867277 ]
  [-20.20584   -10.877644 ]
  [-20.888714  -10.666312 ]
  [-20.066414  -11.461804 ]
  [-19.961037  -11.37979  ]
  [-19.389668  -12.696911 ]
  [-20.033941  -11.051008 ]
  [-20.516775  -10.231774 ]]]

u
[[[  2.4080136    1.560183  ]
  [  2.4688506    0.0321637 ]]

 [[-10.111867    -3.7596927 ]
  [-10.808865    -0.03268654]]]

z
[[ 3.756942    0.07940736]
 [-2.756942    0.92059267]]

====================
Layer 1 decoder
x_bernoulli
[[-1.4815331e-03 -1.1996980e+00]
 [-6.5153656e+00 -3.5851264e-01]]

y_bernoulli
[[-1.4686584e-04 -3.1954689e+00]
 [-8.8265076e+00 -4.1809201e-02]]

x_categorical
[[-6.5153656 -0.3585126]]

y_categorical
[[-8.826508  -0.0418092]]

v
[[-16.240643   -10.225315  ]
 [ -8.82711     -0.04184699]]

rho_categorical
[[-14.98861    -10.306512  ]
 [-14.894683    -9.923145  ]
 [ -7.4255304  -10.379209  ]
 [-14.765053    -0.35925132]
 [-14.426203   -10.12473   ]
 [ -7.032083    -7.92294   ]]

t_categorical
[[[-21.183365  -12.483321 ]
  [-21.944458  -15.363878 ]
  [-20.977127  -16.478392 ]
  [-20.77419   -16.988846 ]
  [-21.07983   -16.012138 ]
  [-20.947178  -16.58152  ]
  [-21.258177  -16.058647 ]
  [-19.88081   -13.914661 ]
  [-21.345938  -15.648257 ]
  [-21.72322   -15.878273 ]
  [-21.714066  -15.41897  ]
  [-20.996109  -16.45398  ]
  [-21.018074  -16.276638 ]
  [-20.455631  -12.708495 ]
  [-21.610384  -15.587135 ]
  [-21.167187  -15.756559 ]
  [-20.928848  -12.169739 ]
  [-21.70888   -15.922537 ]
  [-21.258526  -16.170448 ]
  [-19.944496  -13.588345 ]
  [-20.413643  -17.055576 ]
  [-21.339607  -12.332685 ]
  [-21.546461  -15.627855 ]
  [-20.165642  -13.220251 ]
  [-21.256378  -15.549182 ]
  [-20.39103   -12.841322 ]
  [-21.449835  -16.120872 ]
  [-16.20197   -16.36559  ]
  [-21.4514    -15.867112 ]
  [-21.096525  -16.066498 ]
  [-20.833965  -16.788189 ]
  [-21.19912   -15.793909 ]
  [-21.673079  -15.374025 ]
  [-20.826729  -13.571938 ]
  [-21.302975  -16.072506 ]
  [-21.170044  -15.891855 ]
  [-21.351402  -15.94458  ]
  [-21.450253  -15.943758 ]
  [-21.005419  -16.142767 ]
  [-16.51891   -15.90667  ]
  [-21.190887  -16.159618 ]
  [-21.371834  -15.966864 ]
  [-20.800434  -13.496603 ]
  [-20.811207  -16.714989 ]
  [-20.8815    -16.544786 ]
  [-16.438097  -16.25096  ]
  [-21.432636  -15.807711 ]
  [-20.298164  -14.31599  ]
  [-20.945354  -16.048584 ]
  [-17.060705  -16.098688 ]
  [-21.189789  -16.185846 ]
  [-21.163668  -12.93969  ]
  [-21.687483  -15.626949 ]
  [-20.799881  -16.890894 ]]

 [[-21.169575  -15.713083 ]
  [-19.941774  -11.472544 ]
  [-21.392853  -15.249036 ]
  [-21.471073  -15.543085 ]
  [-21.308517  -15.729296 ]
  [-21.242401  -15.845036 ]
  [-21.48488   -15.403388 ]
  [-21.118462  -16.023415 ]
  [-19.841951  -11.572279 ]
  [-21.479076  -15.515507 ]
  [-21.535929  -15.34297  ]
  [-21.463137  -15.148251 ]
  [-21.120682  -15.757814 ]
  [-21.54448   -15.29172  ]
  [-21.293152  -15.362855 ]
  [-21.48528   -15.055246 ]
  [-21.315218  -15.31431  ]
  [-21.17692   -15.766718 ]
  [-21.55957   -15.362818 ]
  [-21.390072  -15.581808 ]
  [-21.634571  -15.052733 ]
  [-21.809063  -14.921511 ]
  [-21.912203  -14.9463215]
  [-21.796665  -14.931467 ]
  [-21.117012  -15.970028 ]
  [-21.577328  -14.871365 ]
  [-21.33491   -15.024209 ]
  [-21.578983  -14.768016 ]
  [-14.990282  -14.776394 ]
  [-21.31968   -15.573561 ]
  [-21.335781  -15.471241 ]
  [-20.891346  -16.3787   ]
  [-22.503654  -14.156527 ]
  [-21.009815  -15.810122 ]
  [-20.678593  -10.9633465]
  [-21.152473  -15.864449 ]
  [-21.472498  -15.067875 ]
  [-21.141987  -16.001598 ]
  [-21.563276  -15.240549 ]
  [-21.678078  -15.230174 ]
  [-21.518959  -15.044049 ]
  [-21.766323  -15.099288 ]
  [-21.007387  -15.757369 ]
  [-21.527657  -15.077752 ]
  [-21.55043   -15.399508 ]
  [-21.016605  -15.85513  ]
  [-21.49545   -15.168846 ]
  [-21.166763  -16.090118 ]
  [-21.633959  -15.101941 ]
  [-22.074646  -14.767374 ]
  [-21.212843  -15.705763 ]
  [-21.957075  -15.00456  ]
  [-21.478113  -15.094843 ]
  [-21.377815  -15.283278 ]]

 [[-17.041527  -15.652767 ]
  [-17.369804  -15.560411 ]
  [-15.446832  -12.6502695]
  [-18.025253  -15.329203 ]
  [-16.634016  -16.43751  ]
  [-17.682953  -15.377392 ]
  [-16.494747  -16.188995 ]
  [-16.67199   -15.843492 ]
  [-17.002079  -15.677928 ]
  [-15.945622  -12.0574   ]
  [-17.743351  -15.324755 ]
  [-17.26984   -15.757135 ]
  [-16.615295  -16.056997 ]
  [-17.388832  -15.606861 ]
  [-15.720743  -12.385466 ]
  [-16.596375  -16.277233 ]
  [-17.45345   -15.430691 ]
  [-16.543465  -11.823481 ]
  [-17.191296  -15.588234 ]
  [-16.958181  -15.451823 ]
  [-17.105972  -15.745304 ]
  [-17.239113  -15.537137 ]
  [-17.120335  -15.827908 ]
  [-17.367168  -15.635377 ]
  [-17.95493   -15.115532 ]
  [-17.609062  -15.353208 ]
  [-17.551281  -15.506035 ]
  [-16.715797  -16.05063  ]
  [-16.394514  -16.884396 ]
  [ -8.137928  -16.643476 ]
  [-17.84438   -15.366541 ]
  [-16.444065  -16.900288 ]
  [-16.943836  -15.523731 ]
  [-16.853615  -15.826301 ]
  [-17.139767  -15.621247 ]
  [-15.961904  -13.476767 ]
  [-17.093292  -15.766815 ]
  [-16.845417  -15.938112 ]
  [-17.174423  -15.671997 ]
  [-16.862478  -15.720879 ]
  [ -8.108438  -15.931655 ]
  [-16.439983  -16.710365 ]
  [-16.724056  -16.167645 ]
  [-17.20545   -13.080137 ]
  [-17.581688  -15.57042  ]
  [-17.144566  -15.397085 ]
  [-17.03342   -15.473299 ]
  [-17.042809  -15.779835 ]
  [-16.82286   -15.900131 ]
  [-17.016933  -15.639286 ]
  [-17.30568   -15.213144 ]
  [-16.526966  -16.62935  ]
  [-16.459457  -16.732859 ]
  [-16.638237  -15.880905 ]]

 [[-21.82824    -9.584328 ]
  [-21.149353  -10.20642  ]
  [-21.932455   -9.566291 ]
  [-20.491646   -1.2629292]
  [-22.150541   -9.550228 ]
  [-21.18645    -9.979113 ]
  [-21.858507   -9.597091 ]
  [-22.340815   -9.525208 ]
  [-21.824348   -9.671835 ]
  [-21.55896    -9.632476 ]
  [-20.726091   -1.2611194]
  [-22.664753   -9.527573 ]
  [-21.693228   -9.614789 ]
  [-21.540312   -9.869792 ]
  [-21.51038    -9.709552 ]
  [-21.355888   -9.769793 ]
  [-21.461298  -10.201227 ]
  [-21.353607  -10.695232 ]
  [-22.108372   -9.577201 ]
  [-22.019129   -9.602951 ]
  [-21.343159   -9.660872 ]
  [-21.163649  -10.5676365]
  [-21.96776    -9.611688 ]
  [-21.337881   -9.83444  ]
  [-21.720737   -9.614569 ]
  [-21.418303  -10.638597 ]
  [-21.276783  -10.698836 ]
  [-22.184181   -9.519583 ]
  [-21.64844    -9.647863 ]
  [-21.52167    -9.83113  ]
  [-14.830483   -9.451242 ]
  [-21.941822   -9.6116495]
  [-21.356524  -10.146607 ]
  [-21.627293   -9.707678 ]
  [-21.540724   -9.865194 ]
  [-21.283482   -9.826604 ]
  [-20.741756   -2.046402 ]
  [-21.546007   -9.668689 ]
  [-21.395607   -9.980616 ]
  [-21.363989   -9.9198675]
  [-21.327456  -10.168217 ]
  [-21.5812     -9.781605 ]
  [-21.361742  -10.353536 ]
  [-21.514666   -9.656112 ]
  [-21.39968   -10.514888 ]
  [-21.354456   -9.954585 ]
  [-21.956339   -9.562309 ]
  [-21.45619    -9.684979 ]
  [-21.372017  -10.3908415]
  [-21.832664   -9.616298 ]
  [-21.823093   -9.618611 ]
  [-22.158592   -9.562045 ]
  [-21.642282   -9.649939 ]
  [-21.407902   -9.935859 ]]

 [[-20.902351  -16.225666 ]
  [-20.777626  -16.216719 ]
  [-21.418571  -15.5436125]
  [-21.157042  -15.568017 ]
  [-20.225363  -12.63982  ]
  [-21.60822   -15.604911 ]
  [-21.078665  -15.561091 ]
  [-20.58393   -15.62452  ]
  [-21.033642  -15.779774 ]
  [-20.392687  -16.515541 ]
  [-20.75479   -16.480782 ]
  [-20.665184  -12.34148  ]
  [-21.34092   -15.164353 ]
  [-20.76978   -16.360374 ]
  [-21.285313  -15.628275 ]
  [-21.155811  -12.01947  ]
  [-20.747137  -16.26204  ]
  [-20.977295  -15.657235 ]
  [-19.882254  -13.694654 ]
  [-21.237446  -15.75216  ]
  [-20.537403  -12.434237 ]
  [-21.62784   -15.513102 ]
  [-20.970997  -11.95073  ]
  [-21.341482  -15.362236 ]
  [-20.118258  -12.906472 ]
  [-20.898006  -15.850357 ]
  [-20.284035  -12.680666 ]
  [-21.828625  -15.256273 ]
  [-20.826443  -16.075302 ]
  [-20.930218  -16.026825 ]
  [-21.445673  -15.676065 ]
  [-16.831367  -15.607658 ]
  [-21.860102  -15.0690975]
  [-21.681643  -15.557598 ]
  [-21.19108   -15.753343 ]
  [-20.71671   -16.544748 ]
  [-21.228926  -15.550943 ]
  [-20.402569  -14.168023 ]
  [-21.679674  -15.145439 ]
  [-21.215343  -15.537157 ]
  [-20.937037  -16.093815 ]
  [-15.976173  -15.646288 ]
  [-21.278038  -15.357374 ]
  [-20.999805  -15.713855 ]
  [-20.284868  -14.484176 ]
  [-22.018734  -15.342284 ]
  [-15.638815  -16.478046 ]
  [-20.914295  -15.536455 ]
  [-20.426315  -14.18881  ]
  [-21.447136  -15.439417 ]
  [-15.558065  -15.773558 ]
  [-20.902603  -16.184223 ]
  [-20.63572   -13.989017 ]
  [-22.150007  -15.305852 ]]

 [[-18.82564   -13.684106 ]
  [-18.84832   -13.639024 ]
  [-18.039103  -14.122637 ]
  [-17.786125  -14.341116 ]
  [-18.259533  -13.698742 ]
  [-17.664486   -8.823396 ]
  [-17.869293  -14.360346 ]
  [-18.09547   -13.883663 ]
  [-17.824018  -14.518766 ]
  [-17.762972  -14.270688 ]
  [-18.146214  -14.000947 ]
  [-17.761602  -14.630928 ]
  [-18.00308    -8.950076 ]
  [-17.560421  -15.275683 ]
  [-18.811398  -13.645054 ]
  [-18.929983  -13.673636 ]
  [-18.356041  -13.897082 ]
  [-18.759905  -13.668279 ]
  [-17.816628  -14.420158 ]
  [-18.317595  -13.8402405]
  [-18.400341  -13.767712 ]
  [-17.925217  -14.030106 ]
  [-17.698254  -14.25592  ]
  [-17.691856  -14.586077 ]
  [-17.869976  -14.210039 ]
  [-18.005423  -14.193658 ]
  [-17.949972  -13.891442 ]
  [-18.306833  -13.757544 ]
  [-18.220675  -13.950186 ]
  [-17.582481  -14.838514 ]
  [-18.694948  -13.631902 ]
  [-17.785353  -14.502387 ]
  [ -7.0329733 -14.70499  ]
  [-18.09071   -13.997805 ]
  [-17.79758   -14.513479 ]
  [-18.445389  -13.624911 ]
  [-17.774927  -14.433853 ]
  [-17.744078  -14.506092 ]
  [-17.559233  -10.008086 ]
  [-18.940348  -13.610211 ]
  [-18.502617  -13.814417 ]
  [-18.068768  -14.144699 ]
  [-17.717495  -14.597219 ]
  [-17.848764  -14.439185 ]
  [-18.550276  -13.695032 ]
  [-18.781694  -13.622049 ]
  [-17.92893   -14.184074 ]
  [-17.55301   -15.045837 ]
  [-19.153236  -13.541837 ]
  [-18.329746  -13.910918 ]
  [-17.966923  -14.126682 ]
  [-17.404078  -15.096291 ]
  [-18.307322  -13.737426 ]
  [-17.79432   -14.27416  ]]]

u
[[[  2.8472695    2.4181714 ]
  [  2.2851448    0.04099509]]

 [[-16.240643   -10.225315  ]
  [ -8.82711     -0.04184699]]]

z
[[ 6.8851857   0.09367973]
 [-5.8851857   0.9063203 ]]

====================
Layer 0 decoder
x_bernoulli
[[-2.8610229e-06 -1.1798394e+00]
 [-1.2770374e+01 -3.6719882e-01]]

y_bernoulli
[[ 0.0000000e+00 -4.5733962e+00]
 [-1.6520748e+01 -1.0376453e-02]]

x_categorical
[[-12.770374    -0.36719882]]

y_categorical
[[-1.6520748e+01 -1.0376433e-02]]

v
[[-16.779236   -1.2432828]
 [-18.000116   -0.354903 ]]

rho_categorical
[[-15.51843     -6.730299  ]
 [-15.848436    -2.8930259 ]
 [-16.283018    -0.46836162]
 [-13.460609    -5.3091908 ]
 [-14.69243     -6.3387384 ]
 [-14.320049    -5.7047997 ]]

t_categorical
[[[-19.065186   -9.227068 ]
  [-20.204315  -12.060901 ]
  [-20.018597  -13.303625 ]
  [-20.484806  -12.201625 ]
  [-20.278942  -12.158403 ]
  [-19.91541   -13.450019 ]
  [-19.910263  -13.336598 ]
  [-18.729424   -9.91542  ]
  [-20.366676  -11.907443 ]
  [-20.44916   -12.756777 ]
  [-19.998402  -12.290492 ]
  [-20.282429  -12.854777 ]
  [-20.210873  -12.82054  ]
  [-19.022995   -9.046455 ]
  [-20.265913  -12.259621 ]
  [-21.125671  -11.443332 ]
  [-19.559416   -8.178956 ]
  [-19.834778  -13.839467 ]
  [-21.589245  -12.394098 ]
  [-18.704918   -9.968084 ]
  [-20.077171  -12.965234 ]
  [-18.85306    -9.52213  ]
  [-20.016554  -12.681406 ]
  [-19.774122   -8.74859  ]
  [-19.790625  -12.5666275]
  [-19.225481   -8.999983 ]
  [-20.14075   -13.313018 ]
  [-18.891127  -12.962865 ]
  [-19.80187   -13.668144 ]
  [-19.810034  -13.2186985]
  [-19.993206  -13.287074 ]
  [-20.282478  -11.986658 ]
  [-20.23311   -11.860977 ]
  [-18.082117  -10.78868  ]
  [-19.872284  -13.609068 ]
  [-20.395926  -12.129719 ]
  [-19.997885  -13.083105 ]
  [-20.274855  -12.79395  ]
  [-21.039364  -12.019754 ]
  [-19.053818  -12.87281  ]
  [-19.898674  -13.454242 ]
  [-20.905079  -12.366557 ]
  [-18.690548  -10.348404 ]
  [-20.151253  -12.551417 ]
  [-19.75328   -14.002872 ]
  [-19.36643   -12.234129 ]
  [-20.433907  -12.326507 ]
  [-18.264269  -10.890525 ]
  [-19.73      -12.803623 ]
  [-18.779995  -13.464251 ]
  [-21.37274   -12.382699 ]
  [-17.928064  -10.345617 ]
  [-19.7081    -13.598014 ]
  [-20.011944  -13.294795 ]]

 [[-19.659864  -10.286327 ]
  [-19.10516    -3.6242461]
  [-19.662243  -10.357208 ]
  [-20.717747  -10.078718 ]
  [-19.941168  -10.642025 ]
  [-20.20154   -10.175497 ]
  [-19.505259  -11.371248 ]
  [-19.774212   -9.914339 ]
  [-18.959185   -3.7557497]
  [-20.37575   -10.191355 ]
  [-20.195858  -10.080252 ]
  [-19.767332  -10.121687 ]
  [-19.873098  -10.247791 ]
  [-19.54788   -11.081785 ]
  [-19.47323   -11.102104 ]
  [-19.79458   -10.007437 ]
  [-19.457708  -11.241802 ]
  [-20.071785   -9.641451 ]
  [-20.168896  -10.272203 ]
  [-20.395706  -10.202021 ]
  [-20.601414   -9.639382 ]
  [-19.983229  -10.015451 ]
  [-19.511549  -10.975616 ]
  [-19.772686  -10.27112  ]
  [-19.996357  -10.080997 ]
  [-19.948004   -9.707602 ]
  [-19.540714  -10.225267 ]
  [-19.9138     -9.607159 ]
  [-19.216877   -8.535337 ]
  [-19.578135  -11.070065 ]
  [-20.01041    -9.907446 ]
  [-20.51621   -10.3009205]
  [-19.778189   -9.706814 ]
  [-19.603317  -10.667717 ]
  [-20.136623   -5.746391 ]
  [-19.933434  -10.361465 ]
  [-19.946487   -9.804716 ]
  [-19.946495  -10.173893 ]
  [-21.174534   -9.640772 ]
  [-19.806286  -10.526297 ]
  [-20.144684   -9.660429 ]
  [-19.908506  -10.302723 ]
  [-19.454298  -11.378559 ]
  [-19.603573  -10.497503 ]
  [-20.687428   -9.968933 ]
  [-19.59575   -10.991297 ]
  [-20.268578   -9.703858 ]
  [-20.500816   -9.941345 ]
  [-19.827621  -10.262968 ]
  [-20.44812    -9.71443  ]
  [-20.301975   -9.67272  ]
  [-19.543884  -10.927139 ]
  [-19.642464  -10.349464 ]
  [-20.337866   -9.57777  ]]

 [[-20.541765   -9.22187  ]
  [-20.938911   -9.133634 ]
  [-19.499552   -1.7750973]
  [-20.468767   -9.171157 ]
  [-21.59428    -9.304204 ]
  [-20.596838   -9.280503 ]
  [-19.995785   -9.572765 ]
  [-20.071163   -9.477337 ]
  [-20.385904   -9.284598 ]
  [-19.700848   -1.9496819]
  [-20.302187   -9.399396 ]
  [-21.098719   -9.295535 ]
  [-20.395954   -9.158868 ]
  [-21.007917   -9.253299 ]
  [-20.031487   -1.8333675]
  [-20.60852    -9.246862 ]
  [-20.675247   -9.191843 ]
  [-19.741621   -1.9194192]
  [-20.342993   -9.361038 ]
  [-19.951933   -9.475105 ]
  [-20.885105   -9.309011 ]
  [-20.514893   -9.254689 ]
  [-21.309864   -9.129487 ]
  [-21.523813   -9.041733 ]
  [-20.148417   -9.391868 ]
  [-20.154163   -9.657472 ]
  [-20.666195   -9.250626 ]
  [-20.430351   -9.441087 ]
  [-20.626118   -9.095879 ]
  [-19.074701   -8.630312 ]
  [-20.509983   -9.328182 ]
  [-21.6405     -9.16234  ]
  [-20.091892   -9.443204 ]
  [-20.487328   -9.222348 ]
  [-20.506056   -9.2374115]
  [-19.352552   -6.1845627]
  [-20.876928   -9.242702 ]
  [-20.969555   -9.149416 ]
  [-20.562391   -9.3346405]
  [-20.195747   -9.450027 ]
  [-19.8494     -8.120649 ]
  [-20.480465   -9.323812 ]
  [-21.453892   -9.094338 ]
  [-18.872723   -7.0214787]
  [-20.738796   -9.401802 ]
  [-20.184046   -9.332693 ]
  [-20.09769    -9.3523655]
  [-20.964436   -9.173991 ]
  [-20.397251   -9.496986 ]
  [-20.282803   -9.456396 ]
  [-19.989103   -9.802596 ]
  [-21.711823   -9.175715 ]
  [-21.161613   -9.095878 ]
  [-20.107784   -9.214785 ]]

 [[-17.813084  -11.361635 ]
  [-17.37166   -10.1096945]
  [-17.822205  -11.509668 ]
  [-16.477257   -6.415951 ]
  [-17.99177   -11.509834 ]
  [-17.28826   -10.496884 ]
  [-17.836086  -11.380158 ]
  [-18.494137  -11.347153 ]
  [-18.772598  -10.885334 ]
  [-17.665825  -11.103587 ]
  [-16.43563    -6.53279  ]
  [-18.175205  -11.681063 ]
  [-17.489964  -11.715574 ]
  [-18.069551  -10.7274065]
  [-17.70778   -11.005711 ]
  [-17.535606  -10.724847 ]
  [-18.993624   -9.941934 ]
  [-17.93042    -9.467667 ]
  [-17.68498   -11.827292 ]
  [-18.54369   -11.136242 ]
  [-17.292103  -11.31239  ]
  [-17.616543   -9.673507 ]
  [-19.066668  -10.978138 ]
  [-17.370764  -11.113384 ]
  [-17.607492  -11.494259 ]
  [-18.676373   -9.449106 ]
  [-17.751526   -9.551458 ]
  [-17.7665    -11.800769 ]
  [-17.580574  -11.424058 ]
  [-18.850414  -10.391079 ]
  [-16.13403   -10.927324 ]
  [-18.291513  -11.158051 ]
  [-17.52816   -10.148527 ]
  [-18.054686  -10.889316 ]
  [-18.739992  -10.474406 ]
  [-17.297346  -11.299006 ]
  [-15.149067   -7.4078236]
  [-17.783266  -10.847279 ]
  [-17.967707  -10.542698 ]
  [-17.560017  -10.847941 ]
  [-17.662178  -10.162918 ]
  [-18.0651    -10.828787 ]
  [-18.407845   -9.851731 ]
  [-17.368727  -11.677433 ]
  [-18.012089   -9.660042 ]
  [-17.44753   -10.296722 ]
  [-17.794361  -11.525383 ]
  [-17.41859   -11.333091 ]
  [-17.83984    -9.910187 ]
  [-17.6831    -11.557931 ]
  [-17.703548  -11.5383005]
  [-17.881817  -11.581997 ]
  [-17.790749  -11.124542 ]
  [-17.924746  -10.655998 ]]

 [[-20.552837  -12.12678  ]
  [-19.373272  -12.144259 ]
  [-20.035803  -12.303635 ]
  [-20.207857  -11.869092 ]
  [-17.679651   -9.67105  ]
  [-20.283361  -12.45129  ]
  [-20.030888  -11.815188 ]
  [-19.987118  -11.4536295]
  [-20.422379  -11.933252 ]
  [-18.850632  -12.664325 ]
  [-19.152962  -12.889476 ]
  [-17.715363   -9.942477 ]
  [-19.19604   -11.891789 ]
  [-19.705105  -12.482105 ]
  [-20.439789  -12.079968 ]
  [-17.966728   -8.88542  ]
  [-19.98037   -11.360816 ]
  [-18.94514   -12.850902 ]
  [-18.218904   -8.607611 ]
  [-19.69041   -12.543184 ]
  [-18.546116   -8.312922 ]
  [-19.36177   -12.791015 ]
  [-19.413242   -7.9204893]
  [-19.07526   -12.528293 ]
  [-18.698196   -8.244162 ]
  [-18.788315  -13.617108 ]
  [-18.388786   -8.503856 ]
  [-19.147198  -12.635302 ]
  [-19.156937  -12.554719 ]
  [-19.535862  -12.47891  ]
  [-19.432953  -12.894668 ]
  [-17.801462  -12.765294 ]
  [-18.910831  -12.715763 ]
  [-19.30249   -13.022764 ]
  [-19.115057  -12.965509 ]
  [-19.383442  -12.646153 ]
  [-19.077686  -12.722753 ]
  [-18.15086   -10.934225 ]
  [-19.49701   -11.997734 ]
  [-18.850964  -13.2969265]
  [-19.11223   -12.886802 ]
  [-18.254301  -11.688324 ]
  [-19.879353  -11.755974 ]
  [-19.201546  -12.366788 ]
  [-17.52371   -10.590514 ]
  [-19.51416   -12.632378 ]
  [-18.006725  -11.898363 ]
  [-19.61215   -11.583697 ]
  [-17.505207  -11.185463 ]
  [-20.194912  -12.050463 ]
  [-17.950737  -11.8572235]
  [-18.781113  -13.712776 ]
  [-16.816305  -11.884494 ]
  [-19.879887  -12.366443 ]]

 [[-18.945883   -9.737602 ]
  [-18.368378  -10.171335 ]
  [-19.216366   -9.524759 ]
  [-18.481018  -10.379988 ]
  [-18.599058  -10.132654 ]
  [-17.173403   -7.5959225]
  [-19.14081    -9.840643 ]
  [-18.138157  -10.529478 ]
  [-19.2044     -9.605989 ]
  [-18.209015  -10.628159 ]
  [-18.519478  -10.459955 ]
  [-18.963926   -9.955336 ]
  [-17.295742   -7.37524  ]
  [-18.757639  -10.122955 ]
  [-18.529987   -9.886321 ]
  [-18.97916   -10.116928 ]
  [-19.2639    -10.157562 ]
  [-19.442986   -9.731657 ]
  [-18.574886   -9.950287 ]
  [-19.147797   -9.846041 ]
  [-18.164343  -10.518883 ]
  [-18.098486  -10.434835 ]
  [-17.828253  -11.561314 ]
  [-18.868402  -10.2132225]
  [-18.397959  -10.48588  ]
  [-19.49398    -9.67087  ]
  [-17.973272  -10.879569 ]
  [-18.07079   -10.603472 ]
  [-18.996939   -9.957577 ]
  [-18.681847  -10.225265 ]
  [-18.415741  -10.39797  ]
  [-18.673264   -9.85193  ]
  [-17.129765   -9.673009 ]
  [-18.761404  -10.269122 ]
  [-19.419674   -9.830707 ]
  [-17.975914  -10.726801 ]
  [-18.2743    -10.3629055]
  [-18.741337  -10.133919 ]
  [-16.419313   -9.201491 ]
  [-18.478458   -9.926098 ]
  [-19.215029   -9.914457 ]
  [-19.64641    -9.803795 ]
  [-19.535877  -10.125925 ]
  [-19.554514   -9.727795 ]
  [-18.208908  -10.347319 ]
  [-18.509436  -10.378131 ]
  [-18.359211   -9.785751 ]
  [-18.26368   -10.43829  ]
  [-18.876196   -9.647961 ]
  [-18.889421   -9.833851 ]
  [-18.483047  -10.271374 ]
  [-18.401455  -10.464878 ]
  [-18.305653  -10.458212 ]
  [-18.060406  -10.803631 ]]]

u
[[[  2.8780313    0.8079403 ]
  [  2.9444451    0.30372986]]

 [[-16.779236    -1.2432828 ]
  [-18.000116    -0.354903  ]]]

z
[[ 2.3252773  0.8943159]
 [-1.3252773  0.1056841]]

--------------------------
