===================== Inference Activations ======================
--------------------------
Inference example 7
input t
[[[[1.e+00 1.e+00]
   [1.e-09 1.e-09]
   [1.e-09 1.e-09]
   [1.e-09 1.e-09]
   [1.e-09 1.e-09]
   [1.e-09 1.e-09]
   [1.e-09 1.e-09]
   [1.e-09 1.e-09]
   [1.e-09 1.e-09]
   [1.e-09 1.e-09]
   [1.e-09 1.e-09]
   [1.e-09 1.e-09]
   [1.e-09 1.e-09]
   [1.e-09 1.e-09]
   [1.e-09 1.e-09]
   [1.e-09 1.e-09]
   [1.e-09 1.e-09]
   [1.e-09 1.e-09]
   [1.e-09 1.e-09]
   [1.e-09 1.e-09]
   [1.e-09 1.e-09]
   [1.e-09 1.e-09]
   [1.e-09 1.e-09]]

  [[1.e-09 1.e-09]
   [1.e-09 1.e-09]
   [1.e-09 1.e-09]
   [1.e-09 1.e-09]
   [1.e-09 1.e-09]
   [1.e-09 1.e-09]
   [1.e-09 1.e-09]
   [1.e-09 1.e-09]
   [1.e-09 1.e-09]
   [1.e-09 1.e-09]
   [1.e-09 1.e-09]
   [1.e-09 1.e-09]
   [1.e-09 1.e-09]
   [1.e-09 1.e-09]
   [1.e-09 1.e-09]
   [1.e-09 1.e-09]
   [1.e-09 1.e-09]
   [1.e-09 1.e-09]
   [1.e-09 1.e-09]
   [1.e-09 1.e-09]
   [1.e-09 1.e-09]
   [1.e-09 1.e-09]
   [1.e+00 1.e+00]]]


 [[[1.e+00 1.e+00]
   [1.e-09 1.e-09]
   [1.e-09 1.e-09]
   [1.e-09 1.e-09]
   [1.e-09 1.e-09]
   [1.e-09 1.e-09]
   [1.e-09 1.e-09]
   [1.e-09 1.e-09]
   [1.e-09 1.e-09]
   [1.e-09 1.e-09]
   [1.e-09 1.e-09]
   [1.e-09 1.e-09]
   [1.e-09 1.e-09]
   [1.e-09 1.e-09]
   [1.e-09 1.e-09]
   [1.e-09 1.e-09]
   [1.e-09 1.e-09]
   [1.e-09 1.e-09]
   [1.e-09 1.e-09]
   [1.e-09 1.e-09]
   [1.e-09 1.e-09]
   [1.e-09 1.e-09]
   [1.e-09 1.e-09]]

  [[1.e-09 1.e-09]
   [1.e-09 1.e-09]
   [1.e-09 1.e-09]
   [1.e-09 1.e-09]
   [1.e-09 1.e-09]
   [1.e-09 1.e-09]
   [1.e-09 1.e-09]
   [1.e-09 1.e-09]
   [1.e-09 1.e-09]
   [1.e-09 1.e-09]
   [1.e-09 1.e-09]
   [1.e-09 1.e-09]
   [1.e-09 1.e-09]
   [1.e-09 1.e-09]
   [1.e-09 1.e-09]
   [1.e-09 1.e-09]
   [1.e-09 1.e-09]
   [1.e-09 1.e-09]
   [1.e-09 1.e-09]
   [1.e-09 1.e-09]
   [1.e-09 1.e-09]
   [1.e-09 1.e-09]
   [1.e+00 1.e+00]]]]
output t
[[0.0425538  0.0485254  0.05079026 0.0570366  0.02504414 0.01782555
  0.03939901 0.04995359 0.05198628 0.05852996 0.05217019 0.0587007
  0.04591295 0.03878165 0.036767   0.041917   0.03078343 0.03486912
  0.0482876  0.03975292 0.05349192 0.05308659 0.04331465]
 [0.0228993  0.02646722 0.03637953 0.04628685 0.04176401 0.03226595
  0.04248103 0.05327953 0.03725814 0.04520169 0.04918414 0.05424927
  0.04827325 0.03835171 0.05567328 0.05144279 0.02585118 0.06323715
  0.05105523 0.02117616 0.05389147 0.04640135 0.03744941]]

=========================
Layer 0 encoder
z
[[0.5 0.5]
 [0.5 0.5]]

u
[[[0.5 0.5]
  [0.5 0.5]]

 [[0.5 0.5]
  [0.5 0.5]]]

v
[[0.5 0.5]
 [0.5 0.5]]

y_categorical
[[0.65385544 0.34614453]]

y_bernoulli
[[0.34614456 0.65385544]
 [0.65385544 0.34614453]]

rho_categorical
[[0.17825866 0.9435816 ]
 [0.36025667 0.71279275]]

x_categorical
[[0.23027472 0.7955086 ]]

x_bernoulli
[[0.76972526 0.20449138]
 [0.23027472 0.7955086 ]]

z_prime
[[0.5 0.5]
 [0.5 0.5]]

=========================
Layer 1 encoder
z
[[0.5 0.5]
 [0.5 0.5]]

u
[[[0.5 0.5]
  [0.5 0.5]]

 [[0.5 0.5]
  [0.5 0.5]]]

v
[[0.5 0.5]
 [0.5 0.5]]

y_categorical
[[0.29275253 0.7072475 ]]

y_bernoulli
[[0.7072475  0.2927525 ]
 [0.29275253 0.7072475 ]]

rho_categorical
[[0.02806569 0.04926002]
 [0.78507376 0.6071669 ]]

x_categorical
[[0.73823017 0.5131995 ]]

x_bernoulli
[[0.26176983 0.4868005 ]
 [0.73823017 0.5131995 ]]

z_prime
[[0.46139273 0.2819391 ]
 [0.53860724 0.7180609 ]]

====================
Layer 1 decoder
x_bernoulli
[[0.67421603 0.13980429]
 [0.325784   0.8601957 ]]

y_bernoulli
[[0.23298591 0.2713718 ]
 [0.767014   0.72862816]]

x_categorical
[[0.325784  0.8601957]]

y_categorical
[[0.7670141  0.72862816]]

v
[[0.3562427  0.390214  ]
 [0.3671168  0.37988403]]

rho_categorical
[[0.23844005 0.42847   ]
 [0.03625603 0.2968339 ]]

t_categorical
[[[0.0111368  0.02525875]
  [0.00021339 0.02668996]
  [0.01436103 0.02721585]
  [0.01867153 0.0129573 ]
  [0.0007623  0.02098857]
  [0.00914738 0.00294621]
  [0.00305248 0.00811086]
  [0.01745929 0.02519846]
  [0.00914137 0.02460571]
  [0.01389264 0.01292469]
  [0.01479784 0.00748823]
  [0.01105855 0.02892098]
  [0.0133528  0.01463598]
  [0.0087634  0.02524785]
  [0.01668684 0.01353001]
  [0.00485074 0.02385866]
  [0.01329995 0.01564835]
  [0.00689197 0.02196121]
  [0.00479015 0.02523372]
  [0.01075749 0.00306543]
  [0.01531794 0.03158097]
  [0.018402   0.01221654]
  [0.00163218 0.01818563]]

 [[0.00032582 0.01481165]
  [0.00210471 0.00394271]
  [0.00117467 0.01341973]
  [0.00283055 0.01341052]
  [0.00186301 0.02006484]
  [0.00294001 0.01801223]
  [0.00264817 0.00283286]
  [0.00215787 0.01260608]
  [0.00011174 0.0197338 ]
  [0.00198542 0.01926895]
  [0.00046809 0.01882917]
  [0.00063385 0.01821778]
  [0.00027454 0.00569193]
  [0.00239978 0.02067298]
  [0.0022028  0.01913293]
  [0.0025376  0.01489529]
  [0.00063589 0.00996101]
  [0.002429   0.01380524]
  [0.00089783 0.00053076]
  [0.00192008 0.00408919]
  [0.00068634 0.01389152]
  [0.00237326 0.01018906]
  [0.00065503 0.00882373]]]

u
[[[0.64375734 0.60978603]
  [0.6328832  0.620116  ]]

 [[0.3562427  0.390214  ]
  [0.3671168  0.37988403]]]

z
[[0.39255422 0.392461  ]
 [0.6074458  0.607539  ]]

====================
Layer 0 decoder
x_bernoulli
[[0.25490555 0.549599  ]
 [0.7450945  0.450401  ]]

y_bernoulli
[[0.68355817 0.14240766]
 [0.31644183 0.85759234]]

x_categorical
[[0.7450945 0.450401 ]]

y_categorical
[[0.31644183 0.85759234]]

v
[[0.30482948 0.03147073]
 [0.3022485  0.03846546]]

rho_categorical
[[0.34953842 0.00303195]
 [0.2737132  0.3737164 ]]

t_categorical
[[[5.9021101e-03 2.5614057e-04]
  [2.1389086e-02 2.3296975e-04]
  [9.0195825e-03 1.9379814e-04]
  [2.5368441e-02 3.9335271e-05]
  [3.2359294e-03 5.7340731e-05]
  [5.5577918e-03 1.7416685e-04]
  [2.8175460e-02 6.0217237e-05]
  [7.2385576e-03 5.7287409e-05]
  [1.8006591e-02 2.3261498e-04]
  [3.1507310e-02 2.0531240e-04]
  [2.9875072e-02 9.0531958e-06]
  [1.8479805e-02 2.4136555e-04]
  [1.7825583e-02 9.8585668e-05]
  [4.6350956e-03 1.3530141e-04]
  [6.5230071e-03 2.7142532e-05]
  [1.3122849e-02 8.4761639e-05]
  [1.5963680e-03 2.3875629e-04]
  [5.9744925e-03 4.1442836e-05]
  [1.8261848e-02 1.8769541e-06]
  [2.5842937e-02 8.7058208e-05]
  [6.4363638e-03 1.5663776e-04]
  [2.2314331e-02 1.5371879e-04]
  [2.3249773e-02 2.4706268e-04]]

 [[2.0701562e-03 5.6916736e-03]
  [2.0376135e-02 4.3677344e-05]
  [1.2865079e-02 8.9200530e-03]
  [2.0864282e-02 9.1814995e-03]
  [1.6069675e-02 3.7664946e-03]
  [1.7103689e-03 9.6033383e-03]
  [1.2979905e-02 2.4020106e-02]
  [2.0430442e-02 1.8085130e-02]
  [3.8115326e-03 1.3601066e-02]
  [1.7104376e-02 6.8429471e-03]
  [6.3429837e-04 2.9252587e-02]
  [1.1368341e-02 2.4029300e-02]
  [1.6328890e-02 2.5977897e-02]
  [4.6616839e-03 1.0617277e-02]
  [1.9771637e-02 1.4565912e-02]
  [1.3013334e-03 3.2708570e-02]
  [1.0513197e-02 4.7410773e-03]
  [1.8514290e-02 2.8488617e-02]
  [1.6507095e-02 3.3119544e-02]
  [1.2558308e-02 2.6085896e-03]
  [9.7397557e-03 2.9573848e-02]
  [6.7572040e-03 2.7081829e-02]
  [1.6775237e-02 1.1195410e-02]]]

u
[[[0.6951705  0.9685293 ]
  [0.6977515  0.96153456]]

 [[0.30482948 0.03147073]
  [0.3022485  0.03846546]]]

z
[[0.673293  0.6709122]
 [0.326707  0.3290878]]

--------------------------
--------------------------
Inference example 6
input t
[[[[1.e-09 1.e-09]
   [1.e-09 1.e-09]
   [1.e-09 1.e-09]
   [1.e-09 1.e-09]
   [1.e-09 1.e-09]
   [1.e+00 1.e+00]
   [1.e-09 1.e-09]
   [1.e-09 1.e-09]
   [1.e-09 1.e-09]
   [1.e-09 1.e-09]
   [1.e-09 1.e-09]
   [1.e-09 1.e-09]
   [1.e-09 1.e-09]
   [1.e-09 1.e-09]
   [1.e-09 1.e-09]
   [1.e-09 1.e-09]
   [1.e-09 1.e-09]
   [1.e-09 1.e-09]
   [1.e-09 1.e-09]
   [1.e-09 1.e-09]
   [1.e-09 1.e-09]
   [1.e-09 1.e-09]
   [1.e-09 1.e-09]]

  [[1.e-09 1.e-09]
   [1.e-09 1.e-09]
   [1.e-09 1.e-09]
   [1.e-09 1.e-09]
   [1.e-09 1.e-09]
   [1.e-09 1.e-09]
   [1.e-09 1.e-09]
   [1.e-09 1.e-09]
   [1.e-09 1.e-09]
   [1.e-09 1.e-09]
   [1.e-09 1.e-09]
   [1.e-09 1.e-09]
   [1.e-09 1.e-09]
   [1.e-09 1.e-09]
   [1.e-09 1.e-09]
   [1.e-09 1.e-09]
   [1.e-09 1.e-09]
   [1.e-09 1.e-09]
   [1.e-09 1.e-09]
   [1.e-09 1.e-09]
   [1.e-09 1.e-09]
   [1.e-09 1.e-09]
   [1.e+00 1.e+00]]]


 [[[1.e-09 1.e-09]
   [1.e-09 1.e-09]
   [1.e-09 1.e-09]
   [1.e-09 1.e-09]
   [1.e-09 1.e-09]
   [1.e+00 1.e+00]
   [1.e-09 1.e-09]
   [1.e-09 1.e-09]
   [1.e-09 1.e-09]
   [1.e-09 1.e-09]
   [1.e-09 1.e-09]
   [1.e-09 1.e-09]
   [1.e-09 1.e-09]
   [1.e-09 1.e-09]
   [1.e-09 1.e-09]
   [1.e-09 1.e-09]
   [1.e-09 1.e-09]
   [1.e-09 1.e-09]
   [1.e-09 1.e-09]
   [1.e-09 1.e-09]
   [1.e-09 1.e-09]
   [1.e-09 1.e-09]
   [1.e-09 1.e-09]]

  [[1.e-09 1.e-09]
   [1.e-09 1.e-09]
   [1.e-09 1.e-09]
   [1.e-09 1.e-09]
   [1.e-09 1.e-09]
   [1.e-09 1.e-09]
   [1.e-09 1.e-09]
   [1.e-09 1.e-09]
   [1.e-09 1.e-09]
   [1.e-09 1.e-09]
   [1.e-09 1.e-09]
   [1.e-09 1.e-09]
   [1.e-09 1.e-09]
   [1.e-09 1.e-09]
   [1.e-09 1.e-09]
   [1.e-09 1.e-09]
   [1.e-09 1.e-09]
   [1.e-09 1.e-09]
   [1.e-09 1.e-09]
   [1.e-09 1.e-09]
   [1.e-09 1.e-09]
   [1.e-09 1.e-09]
   [1.e+00 1.e+00]]]]
output t
[[0.04259301 0.04688923 0.05102758 0.05794841 0.02415889 0.01859518
  0.03869435 0.05066334 0.05152543 0.05876002 0.05276569 0.05826013
  0.0463476  0.03858161 0.03790273 0.04112239 0.03158097 0.03456135
  0.04729572 0.04018704 0.05371418 0.05408079 0.04215328]
 [0.02249002 0.02602783 0.03598823 0.04589248 0.040874   0.03218496
  0.04332732 0.05322325 0.03689941 0.0444607  0.04963122 0.05425616
  0.04872882 0.0380651  0.0552154  0.05241574 0.0254323  0.06363888
  0.0520913  0.0210116  0.0543584  0.0471865  0.0371915 ]]

=========================
Layer 0 encoder
z
[[0.5 0.5]
 [0.5 0.5]]

u
[[[0.5 0.5]
  [0.5 0.5]]

 [[0.5 0.5]
  [0.5 0.5]]]

v
[[0.5 0.5]
 [0.5 0.5]]

y_categorical
[[0.65385544 0.34614453]]

y_bernoulli
[[0.34614456 0.65385544]
 [0.65385544 0.34614453]]

rho_categorical
[[0.6050105  0.2720815 ]
 [0.36025667 0.71279275]]

x_categorical
[[0.5350585 0.5548395]]

x_bernoulli
[[0.4649415 0.4451605]
 [0.5350585 0.5548395]]

z_prime
[[0.5 0.5]
 [0.5 0.5]]

=========================
Layer 1 encoder
z
[[0.5 0.5]
 [0.5 0.5]]

u
[[[0.5 0.5]
  [0.5 0.5]]

 [[0.5 0.5]
  [0.5 0.5]]]

v
[[0.5 0.5]
 [0.5 0.5]]

y_categorical
[[0.29275253 0.7072475 ]]

y_bernoulli
[[0.7072475  0.2927525 ]
 [0.29275253 0.7072475 ]]

rho_categorical
[[0.85335493 0.43075693]
 [0.78507376 0.6071669 ]]

x_categorical
[[0.789299   0.57745445]]

x_bernoulli
[[0.21070099 0.42254555]
 [0.789299   0.57745445]]

z_prime
[[0.3920622  0.23247552]
 [0.6079378  0.7675245 ]]

====================
Layer 1 decoder
x_bernoulli
[[0.6090691  0.11140805]
 [0.39093092 0.88859195]]

y_bernoulli
[[0.14687084 0.18142574]
 [0.85312915 0.81857425]]

x_categorical
[[0.39093092 0.88859195]]

y_categorical
[[0.85312915 0.81857425]]

v
[[0.39623916 0.43838426]
 [0.40833414 0.42677912]]

rho_categorical
[[0.26520318 0.41025576]
 [0.0403255  0.28421554]]

t_categorical
[[[0.01238683 0.02418501]
  [0.00023734 0.02555537]
  [0.01597295 0.0260589 ]
  [0.02076727 0.01240648]
  [0.00084786 0.02009635]
  [0.0101741  0.00282097]
  [0.0033951  0.00776606]
  [0.01941897 0.02412727]
  [0.01016742 0.02355972]
  [0.01545199 0.01237526]
  [0.01645879 0.00716991]
  [0.01229979 0.02769156]
  [0.01485156 0.01401381]
  [0.00974702 0.02417457]
  [0.01855981 0.01295485]
  [0.0053952  0.02284443]
  [0.01479277 0.01498314]
  [0.00766554 0.02102764]
  [0.00532781 0.02416104]
  [0.01196494 0.00293512]
  [0.01703727 0.03023847]
  [0.02046749 0.01169722]
  [0.00181538 0.01741256]]

 [[0.00036239 0.01418201]
  [0.00234094 0.0037751 ]
  [0.00130652 0.01284926]
  [0.00314826 0.01284044]
  [0.00207212 0.01921188]
  [0.00327001 0.01724654]
  [0.00294541 0.00271243]
  [0.00240008 0.0120702 ]
  [0.00012428 0.01889492]
  [0.00220827 0.01844983]
  [0.00052063 0.01802875]
  [0.000705   0.01744334]
  [0.00030535 0.00544996]
  [0.00266913 0.01979417]
  [0.00245004 0.01831959]
  [0.00282242 0.01426209]
  [0.00070726 0.00953757]
  [0.00270163 0.01321838]
  [0.0009986  0.0005082 ]
  [0.00213559 0.00391536]
  [0.00076338 0.01330099]
  [0.00263964 0.00975592]
  [0.00072855 0.00844864]]]

u
[[[0.60376084 0.5616157 ]
  [0.59166586 0.57322085]]

 [[0.39623916 0.43838426]
  [0.40833414 0.42677912]]]

z
[[0.33908156 0.3391552 ]
 [0.6609185  0.6608448 ]]

====================
Layer 0 decoder
x_bernoulli
[[0.21359006 0.4922428 ]
 [0.78641    0.50775725]]

y_bernoulli
[[0.3083479  0.29166627]
 [0.69165206 0.70833373]]

x_categorical
[[0.78641    0.50775725]]

y_categorical
[[0.69165206 0.70833373]]

v
[[0.6662708  0.02599345]
 [0.6606295  0.03177078]]

rho_categorical
[[0.34079257 0.00315745]
 [0.2668646  0.38918537]]

t_categorical
[[[5.75443264e-03 2.66742805e-04]
  [2.08539069e-02 2.42612892e-04]
  [8.79390258e-03 2.01819887e-04]
  [2.47336943e-02 4.09634449e-05]
  [3.15496279e-03 5.97141952e-05]
  [5.41872950e-03 1.81376017e-04]
  [2.74704788e-02 6.27097688e-05]
  [7.05744047e-03 5.96586651e-05]
  [1.75560452e-02 2.42243448e-04]
  [3.07189599e-02 2.13810767e-04]
  [2.91275624e-02 9.42792849e-06]
  [1.80174205e-02 2.51356221e-04]
  [1.73795670e-02 1.02666352e-04]
  [4.51912032e-03 1.40901844e-04]
  [6.35979418e-03 2.82660239e-05]
  [1.27945002e-02 8.82701133e-05]
  [1.55642512e-03 2.48638942e-04]
  [5.82500407e-03 4.31582484e-05]
  [1.78049169e-02 1.95464554e-06]
  [2.51963157e-02 9.06617424e-05]
  [6.27531856e-03 1.63121353e-04]
  [2.17560008e-02 1.60081559e-04]
  [2.26680376e-02 2.57289183e-04]]

 [[2.01835856e-03 5.92726469e-03]
  [1.98663026e-02 4.54852452e-05]
  [1.25431800e-02 9.28927399e-03]
  [2.03422345e-02 9.56154242e-03]
  [1.56675950e-02 3.92239820e-03]
  [1.66757358e-03 1.00008426e-02]
  [1.26551334e-02 2.50143521e-02]
  [1.99192502e-02 1.88337136e-02]
  [3.71616380e-03 1.41640445e-02]
  [1.66764054e-02 7.12619210e-03]
  [6.18427526e-04 3.04634161e-02]
  [1.10838925e-02 2.50239260e-02]
  [1.59203224e-02 2.70531792e-02]
  [4.54504322e-03 1.10567492e-02]
  [1.92769300e-02 1.51688280e-02]
  [1.26877264e-03 3.40624489e-02]
  [1.02501446e-02 4.93732095e-03]
  [1.80510432e-02 2.96678264e-02]
  [1.60940681e-02 3.44904363e-02]
  [1.22440858e-02 2.71656504e-03]
  [9.49605554e-03 3.07979751e-02]
  [6.58813166e-03 2.82028057e-02]
  [1.63555034e-02 1.16588129e-02]]]

u
[[[0.3337292  0.97400653]
  [0.3393705  0.96822923]]

 [[0.6662708  0.02599345]
  [0.6606295  0.03177078]]]

z
[[0.32505444 0.32858843]
 [0.6749456  0.6714116 ]]

--------------------------
--------------------------
Inference example 5
input t
[[[[1.e-09 1.e-09]
   [1.e-09 1.e-09]
   [1.e-09 1.e-09]
   [1.e-09 1.e-09]
   [1.e-09 1.e-09]
   [1.e-09 1.e-09]
   [1.e-09 1.e-09]
   [1.e-09 1.e-09]
   [1.e-09 1.e-09]
   [1.e-09 1.e-09]
   [1.e-09 1.e-09]
   [1.e-09 1.e-09]
   [1.e-09 1.e-09]
   [1.e-09 1.e-09]
   [1.e-09 1.e-09]
   [1.e-09 1.e-09]
   [1.e-09 1.e-09]
   [1.e-09 1.e-09]
   [1.e-09 1.e-09]
   [1.e-09 1.e-09]
   [1.e-09 1.e-09]
   [1.e+00 1.e+00]
   [1.e-09 1.e-09]]

  [[1.e-09 1.e-09]
   [1.e-09 1.e-09]
   [1.e-09 1.e-09]
   [1.e-09 1.e-09]
   [1.e-09 1.e-09]
   [1.e-09 1.e-09]
   [1.e-09 1.e-09]
   [1.e-09 1.e-09]
   [1.e-09 1.e-09]
   [1.e-09 1.e-09]
   [1.e-09 1.e-09]
   [1.e-09 1.e-09]
   [1.e-09 1.e-09]
   [1.e-09 1.e-09]
   [1.e-09 1.e-09]
   [1.e-09 1.e-09]
   [1.e-09 1.e-09]
   [1.e-09 1.e-09]
   [1.e-09 1.e-09]
   [1.e-09 1.e-09]
   [1.e-09 1.e-09]
   [1.e-09 1.e-09]
   [1.e+00 1.e+00]]]


 [[[1.e-09 1.e-09]
   [1.e-09 1.e-09]
   [1.e-09 1.e-09]
   [1.e-09 1.e-09]
   [1.e-09 1.e-09]
   [1.e-09 1.e-09]
   [1.e-09 1.e-09]
   [1.e-09 1.e-09]
   [1.e-09 1.e-09]
   [1.e-09 1.e-09]
   [1.e-09 1.e-09]
   [1.e-09 1.e-09]
   [1.e-09 1.e-09]
   [1.e-09 1.e-09]
   [1.e-09 1.e-09]
   [1.e-09 1.e-09]
   [1.e-09 1.e-09]
   [1.e-09 1.e-09]
   [1.e-09 1.e-09]
   [1.e-09 1.e-09]
   [1.e-09 1.e-09]
   [1.e+00 1.e+00]
   [1.e-09 1.e-09]]

  [[1.e-09 1.e-09]
   [1.e-09 1.e-09]
   [1.e-09 1.e-09]
   [1.e-09 1.e-09]
   [1.e-09 1.e-09]
   [1.e-09 1.e-09]
   [1.e-09 1.e-09]
   [1.e-09 1.e-09]
   [1.e-09 1.e-09]
   [1.e-09 1.e-09]
   [1.e-09 1.e-09]
   [1.e-09 1.e-09]
   [1.e-09 1.e-09]
   [1.e-09 1.e-09]
   [1.e-09 1.e-09]
   [1.e-09 1.e-09]
   [1.e-09 1.e-09]
   [1.e-09 1.e-09]
   [1.e-09 1.e-09]
   [1.e-09 1.e-09]
   [1.e-09 1.e-09]
   [1.e-09 1.e-09]
   [1.e+00 1.e+00]]]]
output t
[[0.04257439 0.04668746 0.05101079 0.05791574 0.02408196 0.01863068
  0.03853283 0.05068713 0.0514227  0.0586546  0.05269206 0.05815708
  0.04631006 0.03854972 0.03796021 0.0410135  0.03163447 0.03451573
  0.04715174 0.04011795 0.05370618 0.05406685 0.04197895]
 [0.02248896 0.02591615 0.03596709 0.04584144 0.04077046 0.03223464
  0.043494   0.05325634 0.03694651 0.04438394 0.04985111 0.05436795
  0.04886654 0.03809477 0.05519893 0.05269381 0.02539126 0.0637804
  0.05231703 0.02096727 0.05454612 0.04739297 0.03717952]]

=========================
Layer 0 encoder
z
[[0.5 0.5]
 [0.5 0.5]]

u
[[[0.5 0.5]
  [0.5 0.5]]

 [[0.5 0.5]
  [0.5 0.5]]]

v
[[0.5 0.5]
 [0.5 0.5]]

y_categorical
[[0.65385544 0.34614453]]

y_bernoulli
[[0.34614456 0.65385544]
 [0.65385544 0.34614453]]

rho_categorical
[[0.09543337 0.51417017]
 [0.36025667 0.71279275]]

x_categorical
[[0.17112136 0.6416054 ]]

x_bernoulli
[[0.82887864 0.35839462]
 [0.17112136 0.6416054 ]]

z_prime
[[0.5 0.5]
 [0.5 0.5]]

=========================
Layer 1 encoder
z
[[0.5 0.5]
 [0.5 0.5]]

u
[[[0.5 0.5]
  [0.5 0.5]]

 [[0.5 0.5]
  [0.5 0.5]]]

v
[[0.5 0.5]
 [0.5 0.5]]

y_categorical
[[0.29275253 0.7072475 ]]

y_bernoulli
[[0.7072475  0.2927525 ]
 [0.29275253 0.7072475 ]]

rho_categorical
[[0.9538975  0.59721076]
 [0.78507376 0.6071669 ]]

x_categorical
[[0.79552054 0.60548997]]

x_bernoulli
[[0.20447946 0.39451003]
 [0.79552054 0.60548997]]

z_prime
[[0.3830846  0.21241212]
 [0.61691546 0.7875879 ]]

====================
Layer 1 decoder
x_bernoulli
[[0.60002685 0.10042605]
 [0.39997318 0.899574  ]]

y_bernoulli
[[0.13764307 0.14946033]
 [0.8623569  0.8505397 ]]

x_categorical
[[0.39997318 0.899574  ]]

y_categorical
[[0.8623569 0.8505397]]

v
[[0.40052503 0.45550323]
 [0.41275084 0.4434449 ]]

rho_categorical
[[0.2671564  0.40892646]
 [0.0406225  0.28329465]]

t_categorical
[[[0.01247806 0.02410664]
  [0.00023909 0.02547256]
  [0.01609059 0.02597447]
  [0.02092022 0.01236628]
  [0.00085411 0.02003123]
  [0.01024903 0.00281183]
  [0.0034201  0.0077409 ]
  [0.01956199 0.0240491 ]
  [0.0102423  0.02348339]
  [0.01556579 0.01233517]
  [0.01658    0.00714667]
  [0.01239038 0.02760183]
  [0.01496094 0.0139684 ]
  [0.00981881 0.02409624]
  [0.01869651 0.01291288]
  [0.00543493 0.02277041]
  [0.01490172 0.01493459]
  [0.007722   0.02095951]
  [0.00536705 0.02408275]
  [0.01205306 0.00292561]
  [0.01716275 0.03014049]
  [0.02061823 0.01165932]
  [0.00182875 0.01735614]]

 [[0.00036506 0.01413605]
  [0.00235818 0.00376287]
  [0.00131614 0.01280763]
  [0.00317145 0.01279884]
  [0.00208738 0.01914964]
  [0.00329409 0.01719066]
  [0.0029671  0.00270364]
  [0.00241776 0.01203109]
  [0.00012519 0.0188337 ]
  [0.00222453 0.01839005]
  [0.00052446 0.01797033]
  [0.00071019 0.01738682]
  [0.0003076  0.0054323 ]
  [0.00268879 0.01973004]
  [0.00246809 0.01826024]
  [0.00284321 0.01421588]
  [0.00071247 0.00950667]
  [0.00272153 0.01317555]
  [0.00100596 0.00050655]
  [0.00215132 0.00390267]
  [0.000769   0.01325789]
  [0.00265908 0.00972431]
  [0.00073391 0.00842126]]]

u
[[[0.59947497 0.5444968 ]
  [0.58724916 0.5565551 ]]

 [[0.40052503 0.45550323]
  [0.41275084 0.4434449 ]]]

z
[[0.32641217 0.3268365 ]
 [0.6735878  0.67316353]]

====================
Layer 0 decoder
x_bernoulli
[[0.20416111 0.47838888]
 [0.79583883 0.5216111 ]]

y_bernoulli
[[0.70124704 0.21334706]
 [0.29875296 0.786653  ]]

x_categorical
[[0.7958389 0.5216111]]

y_categorical
[[0.29875296 0.786653  ]]

v
[[0.28778973 0.0288675 ]
 [0.28535303 0.03528363]]

rho_categorical
[[0.3387837  0.00318627]
 [0.2652915  0.39273846]]

t_categorical
[[[5.72051248e-03 2.69178039e-04]
  [2.07309797e-02 2.44827825e-04]
  [8.74206517e-03 2.03662406e-04]
  [2.45878976e-02 4.13374255e-05]
  [3.13636521e-03 6.02593573e-05]
  [5.38678793e-03 1.83031894e-04]
  [2.73085497e-02 6.32822776e-05]
  [7.01583922e-03 6.02033215e-05]
  [1.74525585e-02 2.44455034e-04]
  [3.05378828e-02 2.15762760e-04]
  [2.89558657e-02 9.51400125e-06]
  [1.79112144e-02 2.53650971e-04]
  [1.72771215e-02 1.03603648e-04]
  [4.49248170e-03 1.42188219e-04]
  [6.32230518e-03 2.85240785e-05]
  [1.27190817e-02 8.90759839e-05]
  [1.54725043e-03 2.50908924e-04]
  [5.79066761e-03 4.35522634e-05]
  [1.76999625e-02 1.97249051e-06]
  [2.50477921e-02 9.14894408e-05]
  [6.23832783e-03 1.64610581e-04]
  [2.16277558e-02 1.61543037e-04]
  [2.25344170e-02 2.59638095e-04]]

 [[2.00646091e-03 5.98137779e-03]
  [1.97491962e-02 4.59005059e-05]
  [1.24692423e-02 9.37408023e-03]
  [2.02223230e-02 9.64883436e-03]
  [1.55752385e-02 3.95820802e-03]
  [1.65774371e-03 1.00921458e-02]
  [1.25805354e-02 2.52427217e-02]
  [1.98018327e-02 1.90056581e-02]
  [3.69425816e-03 1.42933559e-02]
  [1.65781043e-02 7.19125103e-03]
  [6.14782097e-04 3.07415333e-02]
  [1.10185565e-02 2.52523832e-02]
  [1.58264767e-02 2.73001622e-02]
  [4.51825187e-03 1.11576924e-02]
  [1.91632975e-02 1.53073119e-02]
  [1.26129366e-03 3.43734249e-02]
  [1.01897232e-02 4.98239649e-03]
  [1.79446377e-02 2.99386792e-02]
  [1.59991998e-02 3.48053202e-02]
  [1.21719111e-02 2.74136616e-03]
  [9.44007933e-03 3.10791470e-02]
  [6.54929643e-03 2.84602847e-02]
  [1.62590928e-02 1.17652528e-02]]]

u
[[[0.7122103  0.9711325 ]
  [0.71464694 0.9647164 ]]

 [[0.28778973 0.0288675 ]
  [0.28535303 0.03528363]]]

z
[[0.69165057 0.6894316 ]
 [0.30834943 0.3105684 ]]

--------------------------
--------------------------
Inference example 4
input t
[[[[1.e-09 1.e-09]
   [1.e-09 1.e-09]
   [1.e-09 1.e-09]
   [1.e-09 1.e-09]
   [1.e-09 1.e-09]
   [1.e-09 1.e-09]
   [1.e+00 1.e+00]
   [1.e-09 1.e-09]
   [1.e-09 1.e-09]
   [1.e-09 1.e-09]
   [1.e-09 1.e-09]
   [1.e-09 1.e-09]
   [1.e-09 1.e-09]
   [1.e-09 1.e-09]
   [1.e-09 1.e-09]
   [1.e-09 1.e-09]
   [1.e-09 1.e-09]
   [1.e-09 1.e-09]
   [1.e-09 1.e-09]
   [1.e-09 1.e-09]
   [1.e-09 1.e-09]
   [1.e-09 1.e-09]
   [1.e-09 1.e-09]]

  [[1.e-09 1.e-09]
   [1.e-09 1.e-09]
   [1.e-09 1.e-09]
   [1.e-09 1.e-09]
   [1.e-09 1.e-09]
   [1.e-09 1.e-09]
   [1.e-09 1.e-09]
   [1.e-09 1.e-09]
   [1.e-09 1.e-09]
   [1.e-09 1.e-09]
   [1.e-09 1.e-09]
   [1.e-09 1.e-09]
   [1.e-09 1.e-09]
   [1.e-09 1.e-09]
   [1.e-09 1.e-09]
   [1.e-09 1.e-09]
   [1.e-09 1.e-09]
   [1.e-09 1.e-09]
   [1.e-09 1.e-09]
   [1.e-09 1.e-09]
   [1.e-09 1.e-09]
   [1.e-09 1.e-09]
   [1.e+00 1.e+00]]]


 [[[1.e-09 1.e-09]
   [1.e-09 1.e-09]
   [1.e-09 1.e-09]
   [1.e-09 1.e-09]
   [1.e-09 1.e-09]
   [1.e-09 1.e-09]
   [1.e+00 1.e+00]
   [1.e-09 1.e-09]
   [1.e-09 1.e-09]
   [1.e-09 1.e-09]
   [1.e-09 1.e-09]
   [1.e-09 1.e-09]
   [1.e-09 1.e-09]
   [1.e-09 1.e-09]
   [1.e-09 1.e-09]
   [1.e-09 1.e-09]
   [1.e-09 1.e-09]
   [1.e-09 1.e-09]
   [1.e-09 1.e-09]
   [1.e-09 1.e-09]
   [1.e-09 1.e-09]
   [1.e-09 1.e-09]
   [1.e-09 1.e-09]]

  [[1.e-09 1.e-09]
   [1.e-09 1.e-09]
   [1.e-09 1.e-09]
   [1.e-09 1.e-09]
   [1.e-09 1.e-09]
   [1.e-09 1.e-09]
   [1.e-09 1.e-09]
   [1.e-09 1.e-09]
   [1.e-09 1.e-09]
   [1.e-09 1.e-09]
   [1.e-09 1.e-09]
   [1.e-09 1.e-09]
   [1.e-09 1.e-09]
   [1.e-09 1.e-09]
   [1.e-09 1.e-09]
   [1.e-09 1.e-09]
   [1.e-09 1.e-09]
   [1.e-09 1.e-09]
   [1.e-09 1.e-09]
   [1.e-09 1.e-09]
   [1.e-09 1.e-09]
   [1.e-09 1.e-09]
   [1.e+00 1.e+00]]]]
output t
[[0.04240793 0.04770169 0.05058454 0.05647101 0.02482613 0.01779358
  0.03851739 0.04986087 0.05143018 0.05770108 0.05143162 0.0581349
  0.04548828 0.0386299  0.03675576 0.04143994 0.03086822 0.03466005
  0.04763526 0.03910566 0.05335379 0.052623   0.04251035]
 [0.02304209 0.02584004 0.03637397 0.04607134 0.04135987 0.03264646
  0.0433471  0.05353388 0.03772246 0.04493187 0.05057257 0.05503612
  0.04907842 0.03866651 0.05572523 0.05304888 0.02571525 0.06408884
  0.0522685  0.02092359 0.05504545 0.04757088 0.03745955]]

=========================
Layer 0 encoder
z
[[0.5 0.5]
 [0.5 0.5]]

u
[[[0.5 0.5]
  [0.5 0.5]]

 [[0.5 0.5]
  [0.5 0.5]]]

v
[[0.5 0.5]
 [0.5 0.5]]

y_categorical
[[0.65385544 0.34614453]]

y_bernoulli
[[0.34614456 0.65385544]
 [0.65385544 0.34614453]]

rho_categorical
[[0.625849   0.6533644 ]
 [0.36025667 0.71279275]]

x_categorical
[[0.5499412  0.69149333]]

x_bernoulli
[[0.45005882 0.30850667]
 [0.5499412  0.69149333]]

z_prime
[[0.5 0.5]
 [0.5 0.5]]

=========================
Layer 1 encoder
z
[[0.5 0.5]
 [0.5 0.5]]

u
[[[0.5 0.5]
  [0.5 0.5]]

 [[0.5 0.5]
  [0.5 0.5]]]

v
[[0.5 0.5]
 [0.5 0.5]]

y_categorical
[[0.29275253 0.7072475 ]]

y_bernoulli
[[0.7072475  0.2927525 ]
 [0.29275253 0.7072475 ]]

rho_categorical
[[0.43375993 0.91608524]
 [0.78507376 0.6071669 ]]

x_categorical
[[0.7633345 0.6591975]]

x_bernoulli
[[0.23666549 0.3408025 ]
 [0.7633345  0.6591975 ]]

z_prime
[[0.4282498  0.17627765]
 [0.5717502  0.82372236]]

====================
Layer 1 decoder
x_bernoulli
[[0.6440664  0.08137377]
 [0.35593367 0.91862625]]

y_bernoulli
[[0.18846056 0.09961647]
 [0.8115394  0.90038353]]

x_categorical
[[0.35593367 0.91862625]]

y_categorical
[[0.8115394  0.90038353]]

v
[[0.37692264 0.4821969 ]
 [0.388428   0.46943194]]

rho_categorical
[[0.24240163 0.42577383]
 [0.03685841 0.29496607]]

t_categorical
[[[0.01132184 0.02509981]
  [0.00021693 0.02652201]
  [0.01459964 0.02704459]
  [0.01898175 0.01287576]
  [0.00077496 0.0208565 ]
  [0.00929936 0.00292768]
  [0.00310319 0.00805982]
  [0.01774937 0.0250399 ]
  [0.00929325 0.02445088]
  [0.01412346 0.01284336]
  [0.0150437  0.00744111]
  [0.01124228 0.028739  ]
  [0.01357465 0.01454389]
  [0.008909   0.02508898]
  [0.01696409 0.01344488]
  [0.00493133 0.02370853]
  [0.01352092 0.01554989]
  [0.00700648 0.02182302]
  [0.00486974 0.02507494]
  [0.01093622 0.00304614]
  [0.01557245 0.03138225]
  [0.01870774 0.01213967]
  [0.0016593  0.0180712 ]]

 [[0.00033124 0.01471844]
  [0.00213967 0.0039179 ]
  [0.00119419 0.01333529]
  [0.00287758 0.01332613]
  [0.00189396 0.01993858]
  [0.00298886 0.01789889]
  [0.00269217 0.00281503]
  [0.00219373 0.01252676]
  [0.00011359 0.01960963]
  [0.00201841 0.0191477 ]
  [0.00047587 0.01871069]
  [0.00064438 0.01810314]
  [0.0002791  0.00565611]
  [0.00243965 0.02054289]
  [0.00223939 0.01901254]
  [0.00257976 0.01480156]
  [0.00064645 0.00989833]
  [0.00246935 0.01371837]
  [0.00091274 0.00052742]
  [0.00195198 0.00406346]
  [0.00069775 0.0138041 ]
  [0.00241269 0.01012494]
  [0.00066591 0.00876821]]]

u
[[[0.6230774  0.5178031 ]
  [0.611572   0.53056806]]

 [[0.37692264 0.4821969 ]
  [0.388428   0.46943194]]]

z
[[0.3226314  0.3244806 ]
 [0.67736864 0.6755194 ]]

====================
Layer 0 decoder
x_bernoulli
[[0.20137303 0.47571257]
 [0.798627   0.52428746]]

y_bernoulli
[[0.28046864 0.17648205]
 [0.7195314  0.823518  ]]

x_categorical
[[0.798627   0.52428746]]

y_categorical
[[0.7195314 0.823518 ]]

v
[[0.69312704 0.03022032]
 [0.68725836 0.03693713]]

rho_categorical
[[0.33856633 0.00318939]
 [0.26512128 0.39312303]]

t_categorical
[[[5.71684167e-03 2.69441603e-04]
  [2.07176786e-02 2.45067553e-04]
  [8.73645581e-03 2.03861826e-04]
  [2.45721210e-02 4.13779017e-05]
  [3.13435285e-03 6.03183616e-05]
  [5.38333179e-03 1.83211116e-04]
  [2.72910278e-02 6.33442396e-05]
  [7.01133767e-03 6.02622713e-05]
  [1.74413603e-02 2.44694384e-04]
  [3.05182878e-02 2.15974025e-04]
  [2.89372858e-02 9.52331720e-06]
  [1.78997219e-02 2.53899343e-04]
  [1.72660351e-02 1.03705097e-04]
  [4.48959926e-03 1.42327437e-04]
  [6.31824881e-03 2.85520091e-05]
  [1.27109205e-02 8.91632008e-05]
  [1.54625764e-03 2.51154590e-04]
  [5.78695210e-03 4.35949114e-05]
  [1.76886059e-02 1.97442205e-06]
  [2.50317212e-02 9.15790297e-05]
  [6.23432500e-03 1.64771758e-04]
  [2.16138791e-02 1.61701217e-04]
  [2.25199591e-02 2.59892346e-04]]

 [[2.00517359e-03 5.98723488e-03]
  [1.97365228e-02 4.59454495e-05]
  [1.24612413e-02 9.38325934e-03]
  [2.02093478e-02 9.65828262e-03]
  [1.55652445e-02 3.96208372e-03]
  [1.65668002e-03 1.01020280e-02]
  [1.25724627e-02 2.52674390e-02]
  [1.97891258e-02 1.90242678e-02]
  [3.69188772e-03 1.43073518e-02]
  [1.65674649e-02 7.19829276e-03]
  [6.14387624e-04 3.07716355e-02]
  [1.10114859e-02 2.52771117e-02]
  [1.58163216e-02 2.73268949e-02]
  [4.51535219e-03 1.11686187e-02]
  [1.91510003e-02 1.53223015e-02]
  [1.26048434e-03 3.44070829e-02]
  [1.01831853e-02 4.98727523e-03]
  [1.79331228e-02 2.99679954e-02]
  [1.59889329e-02 3.48393992e-02]
  [1.21641001e-02 2.74405046e-03]
  [9.43402201e-03 3.11095808e-02]
  [6.54509384e-03 2.84881536e-02]
  [1.62486583e-02 1.17767733e-02]]]

u
[[[0.30687296 0.9697797 ]
  [0.31274164 0.9630629 ]]

 [[0.69312704 0.03022032]
  [0.68725836 0.03693713]]]

z
[[0.29759917 0.30118987]
 [0.7024008  0.6988101 ]]

--------------------------
--------------------------
Inference example 3
input t
[[[[1.e-09 1.e-09]
   [1.e-09 1.e-09]
   [1.e-09 1.e-09]
   [1.e+00 1.e+00]
   [1.e-09 1.e-09]
   [1.e-09 1.e-09]
   [1.e-09 1.e-09]
   [1.e-09 1.e-09]
   [1.e-09 1.e-09]
   [1.e-09 1.e-09]
   [1.e-09 1.e-09]
   [1.e-09 1.e-09]
   [1.e-09 1.e-09]
   [1.e-09 1.e-09]
   [1.e-09 1.e-09]
   [1.e-09 1.e-09]
   [1.e-09 1.e-09]
   [1.e-09 1.e-09]
   [1.e-09 1.e-09]
   [1.e-09 1.e-09]
   [1.e-09 1.e-09]
   [1.e-09 1.e-09]
   [1.e-09 1.e-09]]

  [[1.e-09 1.e-09]
   [1.e-09 1.e-09]
   [1.e-09 1.e-09]
   [1.e-09 1.e-09]
   [1.e-09 1.e-09]
   [1.e-09 1.e-09]
   [1.e-09 1.e-09]
   [1.e-09 1.e-09]
   [1.e-09 1.e-09]
   [1.e-09 1.e-09]
   [1.e-09 1.e-09]
   [1.e-09 1.e-09]
   [1.e-09 1.e-09]
   [1.e-09 1.e-09]
   [1.e-09 1.e-09]
   [1.e-09 1.e-09]
   [1.e-09 1.e-09]
   [1.e-09 1.e-09]
   [1.e-09 1.e-09]
   [1.e-09 1.e-09]
   [1.e-09 1.e-09]
   [1.e-09 1.e-09]
   [1.e+00 1.e+00]]]


 [[[1.e-09 1.e-09]
   [1.e-09 1.e-09]
   [1.e-09 1.e-09]
   [1.e+00 1.e+00]
   [1.e-09 1.e-09]
   [1.e-09 1.e-09]
   [1.e-09 1.e-09]
   [1.e-09 1.e-09]
   [1.e-09 1.e-09]
   [1.e-09 1.e-09]
   [1.e-09 1.e-09]
   [1.e-09 1.e-09]
   [1.e-09 1.e-09]
   [1.e-09 1.e-09]
   [1.e-09 1.e-09]
   [1.e-09 1.e-09]
   [1.e-09 1.e-09]
   [1.e-09 1.e-09]
   [1.e-09 1.e-09]
   [1.e-09 1.e-09]
   [1.e-09 1.e-09]
   [1.e-09 1.e-09]
   [1.e-09 1.e-09]]

  [[1.e-09 1.e-09]
   [1.e-09 1.e-09]
   [1.e-09 1.e-09]
   [1.e-09 1.e-09]
   [1.e-09 1.e-09]
   [1.e-09 1.e-09]
   [1.e-09 1.e-09]
   [1.e-09 1.e-09]
   [1.e-09 1.e-09]
   [1.e-09 1.e-09]
   [1.e-09 1.e-09]
   [1.e-09 1.e-09]
   [1.e-09 1.e-09]
   [1.e-09 1.e-09]
   [1.e-09 1.e-09]
   [1.e-09 1.e-09]
   [1.e-09 1.e-09]
   [1.e-09 1.e-09]
   [1.e-09 1.e-09]
   [1.e-09 1.e-09]
   [1.e-09 1.e-09]
   [1.e-09 1.e-09]
   [1.e+00 1.e+00]]]]
output t
[[0.04245063 0.04821142 0.05061843 0.05652667 0.02502644 0.01769287
  0.0389116  0.04978897 0.05168121 0.05794263 0.05159038 0.05838621
  0.04556623 0.03870915 0.03659524 0.04171303 0.03072476 0.03477388
  0.04799499 0.03925748 0.05336745 0.05263292 0.04294498]
 [0.02305394 0.02611153 0.03643241 0.04619983 0.04162258 0.03253201
  0.04293756 0.05345769 0.0376204  0.04512849 0.05004758 0.05477424
  0.04874558 0.03860359 0.05577423 0.05237567 0.0258209  0.06374836
  0.0517164  0.02103113 0.05459531 0.04706956 0.03749349]]

=========================
Layer 0 encoder
z
[[0.5 0.5]
 [0.5 0.5]]

u
[[[0.5 0.5]
  [0.5 0.5]]

 [[0.5 0.5]
  [0.5 0.5]]]

v
[[0.5 0.5]
 [0.5 0.5]]

y_categorical
[[0.65385544 0.34614453]]

y_bernoulli
[[0.34614456 0.65385544]
 [0.65385544 0.34614453]]

rho_categorical
[[0.41559792 0.74223137]
 [0.36025667 0.71279275]]

x_categorical
[[0.39978108 0.72334373]]

x_bernoulli
[[0.6002189  0.27665627]
 [0.39978108 0.72334373]]

z_prime
[[0.5 0.5]
 [0.5 0.5]]

=========================
Layer 1 encoder
z
[[0.5 0.5]
 [0.5 0.5]]

u
[[[0.5 0.5]
  [0.5 0.5]]

 [[0.5 0.5]
  [0.5 0.5]]]

v
[[0.5 0.5]
 [0.5 0.5]]

y_categorical
[[0.29275253 0.7072475 ]]

y_bernoulli
[[0.7072475  0.2927525 ]
 [0.29275253 0.7072475 ]]

rho_categorical
[[0.16709614 0.49310517]
 [0.78507376 0.6071669 ]]

x_categorical
[[0.7468334  0.58795565]]

x_bernoulli
[[0.25316662 0.41204435]
 [0.7468334  0.58795565]]

z_prime
[[0.45023006 0.22485861]
 [0.54977    0.7751414 ]]

====================
Layer 1 decoder
x_bernoulli
[[0.6642544  0.10720379]
 [0.33574554 0.8927962 ]]

y_bernoulli
[[0.21728894 0.16894901]
 [0.7827111  0.83105105]]

x_categorical
[[0.33574554 0.8927962 ]]

y_categorical
[[0.7827111  0.83105105]]

v
[[0.36353323 0.44506618]
 [0.37462988 0.43328413]]

rho_categorical
[[0.2372177  0.42930192]
 [0.03607016 0.29741025]]

t_categorical
[[[0.01107971 0.0253078 ]
  [0.0002123  0.02674178]
  [0.01428741 0.02726869]
  [0.01857581 0.01298246]
  [0.00075839 0.02102932]
  [0.00910048 0.00295193]
  [0.00303683 0.00812661]
  [0.01736979 0.02524738]
  [0.0090945  0.02465349]
  [0.01382142 0.01294979]
  [0.01472198 0.00750277]
  [0.01100186 0.02897714]
  [0.01328435 0.0146644 ]
  [0.00871847 0.02529688]
  [0.0166013  0.01355628]
  [0.00482587 0.02390498]
  [0.01323177 0.01567874]
  [0.00685664 0.02200385]
  [0.0047656  0.02528271]
  [0.01070234 0.00307139]
  [0.01523942 0.0316423 ]
  [0.01830766 0.01224026]
  [0.00162382 0.01822094]]

 [[0.00032415 0.0148404 ]
  [0.00209392 0.00395036]
  [0.00116865 0.01344579]
  [0.00281604 0.01343656]
  [0.00185346 0.0201038 ]
  [0.00292494 0.01804721]
  [0.00263459 0.00283836]
  [0.00214681 0.01263056]
  [0.00011116 0.01977212]
  [0.00197524 0.01930636]
  [0.00046569 0.01886573]
  [0.0006306  0.01825315]
  [0.00027313 0.00570298]
  [0.00238747 0.02071312]
  [0.0021915  0.01917008]
  [0.00252459 0.01492421]
  [0.00063263 0.00998036]
  [0.00241654 0.01383205]
  [0.00089322 0.00053179]
  [0.00191023 0.00409713]
  [0.00068282 0.01391849]
  [0.00236109 0.01020884]
  [0.00065167 0.00884087]]]

u
[[[0.63646674 0.5549338 ]
  [0.62537014 0.56671584]]

 [[0.36353323 0.44506618]
  [0.37462988 0.43328413]]]

z
[[0.3531969  0.35440716]
 [0.64680314 0.6455928 ]]

====================
Layer 0 decoder
x_bernoulli
[[0.22425395 0.5090758 ]
 [0.77574605 0.49092415]]

y_bernoulli
[[0.4505029  0.17352739]
 [0.5494971  0.8264726 ]]

x_categorical
[[0.77574605 0.49092415]]

y_categorical
[[0.5494971 0.8264726]]

v
[[0.52933246 0.03032875]
 [0.5248506  0.03706965]]

rho_categorical
[[0.343469   0.00311904]
 [0.26896042 0.38445157]]

t_categorical
[[[5.79962553e-03 2.63498281e-04]
  [2.10176837e-02 2.39661880e-04]
  [8.86296574e-03 1.99365066e-04]
  [2.49279421e-02 4.04651910e-05]
  [3.17974039e-03 5.89878655e-05]
  [5.46128582e-03 1.79169860e-04]
  [2.76862197e-02 6.19470011e-05]
  [7.11286627e-03 5.89330084e-05]
  [1.76939219e-02 2.39296947e-04]
  [3.09602134e-02 2.11210092e-04]
  [2.93563176e-02 9.31325212e-06]
  [1.81589201e-02 2.48298864e-04]
  [1.75160579e-02 1.01417572e-04]
  [4.55461117e-03 1.39187992e-04]
  [6.40974101e-03 2.79222113e-05]
  [1.28949825e-02 8.71964512e-05]
  [1.56864850e-03 2.45614647e-04]
  [5.87075064e-03 4.26332954e-05]
  [1.79447476e-02 1.93087021e-06]
  [2.53941957e-02 8.95589837e-05]
  [6.32460229e-03 1.61137243e-04]
  [2.19268613e-02 1.58134411e-04]
  [2.28460617e-02 2.54159648e-04]]

 [[2.03420967e-03 5.85516915e-03]
  [2.00223215e-02 4.49319923e-05]
  [1.26416879e-02 9.17628501e-03]
  [2.05019917e-02 9.44524165e-03]
  [1.57906394e-02 3.87468864e-03]
  [1.68066984e-03 9.87919793e-03]
  [1.27545204e-02 2.47100927e-02]
  [2.00756863e-02 1.86046325e-02]
  [3.74534866e-03 1.39917620e-02]
  [1.68073736e-02 7.03951344e-03]
  [6.23284373e-04 3.00928783e-02]
  [1.11709395e-02 2.47195512e-02]
  [1.60453524e-02 2.67241206e-02]
  [4.58073756e-03 1.09222624e-02]
  [1.94283202e-02 1.49843236e-02]
  [1.27873698e-03 3.36481370e-02]
  [1.03306444e-02 4.87726647e-03]
  [1.81928072e-02 2.93069649e-02]
  [1.62204634e-02 3.40709165e-02]
  [1.23402448e-02 2.68352241e-03]
  [9.57063306e-03 3.04233693e-02]
  [6.63987128e-03 2.78597642e-02]
  [1.64839514e-02 1.15170032e-02]]]

u
[[[0.47066754 0.96967125]
  [0.4751494  0.9629303 ]]

 [[0.52933246 0.03032875]
  [0.5248506  0.03706965]]]

z
[[0.4563928  0.45753574]
 [0.54360723 0.54246426]]

--------------------------
--------------------------
Inference example 2
input t
[[[[1.e-09 1.e-09]
   [1.e-09 1.e-09]
   [1.e-09 1.e-09]
   [1.e-09 1.e-09]
   [1.e-09 1.e-09]
   [1.e-09 1.e-09]
   [1.e-09 1.e-09]
   [1.e+00 1.e+00]
   [1.e-09 1.e-09]
   [1.e-09 1.e-09]
   [1.e-09 1.e-09]
   [1.e-09 1.e-09]
   [1.e-09 1.e-09]
   [1.e-09 1.e-09]
   [1.e-09 1.e-09]
   [1.e-09 1.e-09]
   [1.e-09 1.e-09]
   [1.e-09 1.e-09]
   [1.e-09 1.e-09]
   [1.e-09 1.e-09]
   [1.e-09 1.e-09]
   [1.e-09 1.e-09]
   [1.e-09 1.e-09]]

  [[1.e-09 1.e-09]
   [1.e-09 1.e-09]
   [1.e-09 1.e-09]
   [1.e-09 1.e-09]
   [1.e-09 1.e-09]
   [1.e-09 1.e-09]
   [1.e-09 1.e-09]
   [1.e-09 1.e-09]
   [1.e-09 1.e-09]
   [1.e-09 1.e-09]
   [1.e-09 1.e-09]
   [1.e-09 1.e-09]
   [1.e-09 1.e-09]
   [1.e-09 1.e-09]
   [1.e-09 1.e-09]
   [1.e-09 1.e-09]
   [1.e-09 1.e-09]
   [1.e-09 1.e-09]
   [1.e-09 1.e-09]
   [1.e-09 1.e-09]
   [1.e-09 1.e-09]
   [1.e-09 1.e-09]
   [1.e+00 1.e+00]]]


 [[[1.e-09 1.e-09]
   [1.e-09 1.e-09]
   [1.e-09 1.e-09]
   [1.e-09 1.e-09]
   [1.e-09 1.e-09]
   [1.e-09 1.e-09]
   [1.e-09 1.e-09]
   [1.e+00 1.e+00]
   [1.e-09 1.e-09]
   [1.e-09 1.e-09]
   [1.e-09 1.e-09]
   [1.e-09 1.e-09]
   [1.e-09 1.e-09]
   [1.e-09 1.e-09]
   [1.e-09 1.e-09]
   [1.e-09 1.e-09]
   [1.e-09 1.e-09]
   [1.e-09 1.e-09]
   [1.e-09 1.e-09]
   [1.e-09 1.e-09]
   [1.e-09 1.e-09]
   [1.e-09 1.e-09]
   [1.e-09 1.e-09]]

  [[1.e-09 1.e-09]
   [1.e-09 1.e-09]
   [1.e-09 1.e-09]
   [1.e-09 1.e-09]
   [1.e-09 1.e-09]
   [1.e-09 1.e-09]
   [1.e-09 1.e-09]
   [1.e-09 1.e-09]
   [1.e-09 1.e-09]
   [1.e-09 1.e-09]
   [1.e-09 1.e-09]
   [1.e-09 1.e-09]
   [1.e-09 1.e-09]
   [1.e-09 1.e-09]
   [1.e-09 1.e-09]
   [1.e-09 1.e-09]
   [1.e-09 1.e-09]
   [1.e-09 1.e-09]
   [1.e-09 1.e-09]
   [1.e-09 1.e-09]
   [1.e-09 1.e-09]
   [1.e-09 1.e-09]
   [1.e+00 1.e+00]]]]
output t
[[0.04251797 0.04703759 0.0508657  0.05742348 0.02433742 0.01834436
  0.03853084 0.05040474 0.05142734 0.05833142 0.05226351 0.0581516
  0.04603045 0.03857773 0.03754811 0.0411612  0.03137195 0.0345659
  0.04731963 0.03977398 0.05358612 0.05357452 0.04216379]
 [0.0226777  0.02589245 0.03610634 0.04592091 0.04097366 0.03237413
  0.04344049 0.05335036 0.03721029 0.04457244 0.05009281 0.05459365
  0.04893604 0.03828923 0.05537883 0.05280931 0.02550263 0.06388276
  0.05229589 0.02095327 0.05471268 0.04744948 0.03727531]]

=========================
Layer 0 encoder
z
[[0.5 0.5]
 [0.5 0.5]]

u
[[[0.5 0.5]
  [0.5 0.5]]

 [[0.5 0.5]
  [0.5 0.5]]]

v
[[0.5 0.5]
 [0.5 0.5]]

y_categorical
[[0.65385544 0.34614453]]

y_bernoulli
[[0.34614456 0.65385544]
 [0.65385544 0.34614453]]

rho_categorical
[[0.48810697 0.0273434 ]
 [0.36025667 0.71279275]]

x_categorical
[[0.45156664 0.4671241 ]]

x_bernoulli
[[0.54843336 0.5328759 ]
 [0.45156664 0.4671241 ]]

z_prime
[[0.5 0.5]
 [0.5 0.5]]

=========================
Layer 1 encoder
z
[[0.5 0.5]
 [0.5 0.5]]

u
[[[0.5 0.5]
  [0.5 0.5]]

 [[0.5 0.5]
  [0.5 0.5]]]

v
[[0.5 0.5]
 [0.5 0.5]]

y_categorical
[[0.29275253 0.7072475 ]]

y_bernoulli
[[0.7072475  0.2927525 ]
 [0.29275253 0.7072475 ]]

rho_categorical
[[0.7777263  0.68873644]
 [0.78507376 0.6071669 ]]

x_categorical
[[0.7846191 0.6209055]]

x_bernoulli
[[0.2153809  0.37909448]
 [0.7846191  0.6209055 ]]

z_prime
[[0.39873534 0.2017413 ]
 [0.6012646  0.7982587 ]]

====================
Layer 1 decoder
x_bernoulli
[[0.6156952  0.09470451]
 [0.38430488 0.9052955 ]]

y_bernoulli
[[0.15400513 0.13367599]
 [0.8459949  0.866324  ]]

x_categorical
[[0.38430488 0.9052955 ]]

y_categorical
[[0.8459949 0.866324 ]]

v
[[0.39292562 0.46395648]
 [0.40491948 0.45167437]]

rho_categorical
[[0.25867087 0.4147015 ]
 [0.03933223 0.28729543]]

t_categorical
[[[0.01208172 0.02444709]
  [0.00023149 0.0258323 ]
  [0.01557952 0.02634129]
  [0.02025574 0.01254093]
  [0.00082698 0.02031412]
  [0.0099235  0.00285154]
  [0.00331147 0.00785022]
  [0.01894066 0.02438873]
  [0.00991698 0.02381503]
  [0.01507138 0.01250937]
  [0.01605338 0.0072476 ]
  [0.01199683 0.02799164]
  [0.01448574 0.01416567]
  [0.00950694 0.02443654]
  [0.01810266 0.01309524]
  [0.0052623  0.02309198]
  [0.0144284  0.01514551]
  [0.00747673 0.02125551]
  [0.00519658 0.02442286]
  [0.01167022 0.00296693]
  [0.01661762 0.03056615]
  [0.01996335 0.01182398]
  [0.00177067 0.01760125]]

 [[0.00035347 0.01433569]
  [0.00228328 0.00381601]
  [0.00127434 0.0129885 ]
  [0.00307071 0.01297959]
  [0.00202108 0.01942007]
  [0.00318946 0.01743343]
  [0.00287286 0.00274183]
  [0.00234096 0.012201  ]
  [0.00012122 0.01909968]
  [0.00215388 0.01864976]
  [0.0005078  0.01822412]
  [0.00068763 0.01763237]
  [0.00029783 0.00550902]
  [0.00260339 0.02000867]
  [0.0023897  0.01851811]
  [0.0027529  0.01441664]
  [0.00068984 0.00964093]
  [0.00263509 0.01336162]
  [0.00097401 0.00051371]
  [0.00208299 0.00395779]
  [0.00074458 0.01344513]
  [0.00257462 0.00986164]
  [0.0007106  0.00854019]]]

u
[[[0.6070744  0.5360435 ]
  [0.5950805  0.54832566]]

 [[0.39292562 0.46395648]
  [0.40491948 0.45167437]]]

z
[[0.3254183 0.3262979]
 [0.6745817 0.6737021]]

====================
Layer 0 decoder
x_bernoulli
[[0.20342706 0.47777784]
 [0.7965729  0.5222222 ]]

y_bernoulli
[[0.36943567 0.35588178]
 [0.63056433 0.64411825]]

x_categorical
[[0.7965729 0.5222222]]

y_categorical
[[0.63056433 0.64411825]]

v
[[0.60742474 0.02363696]
 [0.60228175 0.02889054]]

rho_categorical
[[0.3387503  0.00318675]
 [0.26526535 0.39279756]]

t_categorical
[[[5.7199481e-03 2.6921855e-04]
  [2.0728935e-02 2.4486467e-04]
  [8.7412028e-03 2.0369305e-04]
  [2.4585472e-02 4.1343643e-05]
  [3.1360560e-03 6.0268423e-05]
  [5.3862571e-03 1.8305944e-04]
  [2.7305856e-02 6.3291802e-05]
  [7.0151472e-03 6.0212380e-05]
  [1.7450837e-02 2.4449182e-04]
  [3.0534871e-02 2.1579523e-04]
  [2.8953010e-02 9.5154319e-06]
  [1.7909447e-02 2.5368916e-04]
  [1.7275417e-02 1.0361924e-04]
  [4.4920389e-03 1.4220961e-04]
  [6.3216817e-03 2.8528371e-05]
  [1.2717827e-02 8.9089386e-05]
  [1.5470979e-03 2.5094667e-04]
  [5.7900962e-03 4.3558819e-05]
  [1.7698217e-02 1.9727872e-06]
  [2.5045322e-02 9.1503207e-05]
  [6.2377127e-03 1.6463535e-04]
  [2.1625623e-02 1.6156734e-04]
  [2.2532195e-02 2.5967718e-04]]

 [[2.0062630e-03 5.9822779e-03]
  [1.9747248e-02 4.5907411e-05]
  [1.2468012e-02 9.3754912e-03]
  [2.0220328e-02 9.6502863e-03]
  [1.5573702e-02 3.9588036e-03]
  [1.6575803e-03 1.0093664e-02]
  [1.2579295e-02 2.5246520e-02]
  [1.9799879e-02 1.9008517e-02]
  [3.6938938e-03 1.4295506e-02]
  [1.6576469e-02 7.1923332e-03]
  [6.1472144e-04 3.0746160e-02]
  [1.1017470e-02 2.5256183e-02]
  [1.5824916e-02 2.7304271e-02]
  [4.5178058e-03 1.1159372e-02]
  [1.9161407e-02 1.5309616e-02]
  [1.2611692e-03 3.4378599e-02]
  [1.0188718e-02 4.9831462e-03]
  [1.7942868e-02 2.9943185e-02]
  [1.5997620e-02 3.4810558e-02]
  [1.2170711e-02 2.7417785e-03]
  [9.4391480e-03 3.1083824e-02]
  [6.5486506e-03 2.8464567e-02]
  [1.6257489e-02 1.1767023e-02]]]

u
[[[0.39257526 0.97636306]
  [0.39771825 0.97110945]]

 [[0.60742474 0.02363696]
  [0.60228175 0.02889054]]]

z
[[0.38329598 0.38622797]
 [0.616704   0.61377203]]

--------------------------
--------------------------
Inference example 1
input t
[[[[1.e-09 1.e-09]
   [1.e-09 1.e-09]
   [1.e-09 1.e-09]
   [1.e-09 1.e-09]
   [1.e+00 1.e+00]
   [1.e-09 1.e-09]
   [1.e-09 1.e-09]
   [1.e-09 1.e-09]
   [1.e-09 1.e-09]
   [1.e-09 1.e-09]
   [1.e-09 1.e-09]
   [1.e-09 1.e-09]
   [1.e-09 1.e-09]
   [1.e-09 1.e-09]
   [1.e-09 1.e-09]
   [1.e-09 1.e-09]
   [1.e-09 1.e-09]
   [1.e-09 1.e-09]
   [1.e-09 1.e-09]
   [1.e-09 1.e-09]
   [1.e-09 1.e-09]
   [1.e-09 1.e-09]
   [1.e-09 1.e-09]]

  [[1.e-09 1.e-09]
   [1.e-09 1.e-09]
   [1.e-09 1.e-09]
   [1.e-09 1.e-09]
   [1.e-09 1.e-09]
   [1.e-09 1.e-09]
   [1.e-09 1.e-09]
   [1.e-09 1.e-09]
   [1.e-09 1.e-09]
   [1.e-09 1.e-09]
   [1.e-09 1.e-09]
   [1.e-09 1.e-09]
   [1.e-09 1.e-09]
   [1.e-09 1.e-09]
   [1.e-09 1.e-09]
   [1.e-09 1.e-09]
   [1.e-09 1.e-09]
   [1.e-09 1.e-09]
   [1.e-09 1.e-09]
   [1.e-09 1.e-09]
   [1.e-09 1.e-09]
   [1.e-09 1.e-09]
   [1.e+00 1.e+00]]]


 [[[1.e-09 1.e-09]
   [1.e-09 1.e-09]
   [1.e-09 1.e-09]
   [1.e-09 1.e-09]
   [1.e+00 1.e+00]
   [1.e-09 1.e-09]
   [1.e-09 1.e-09]
   [1.e-09 1.e-09]
   [1.e-09 1.e-09]
   [1.e-09 1.e-09]
   [1.e-09 1.e-09]
   [1.e-09 1.e-09]
   [1.e-09 1.e-09]
   [1.e-09 1.e-09]
   [1.e-09 1.e-09]
   [1.e-09 1.e-09]
   [1.e-09 1.e-09]
   [1.e-09 1.e-09]
   [1.e-09 1.e-09]
   [1.e-09 1.e-09]
   [1.e-09 1.e-09]
   [1.e-09 1.e-09]
   [1.e-09 1.e-09]]

  [[1.e-09 1.e-09]
   [1.e-09 1.e-09]
   [1.e-09 1.e-09]
   [1.e-09 1.e-09]
   [1.e-09 1.e-09]
   [1.e-09 1.e-09]
   [1.e-09 1.e-09]
   [1.e-09 1.e-09]
   [1.e-09 1.e-09]
   [1.e-09 1.e-09]
   [1.e-09 1.e-09]
   [1.e-09 1.e-09]
   [1.e-09 1.e-09]
   [1.e-09 1.e-09]
   [1.e-09 1.e-09]
   [1.e-09 1.e-09]
   [1.e-09 1.e-09]
   [1.e-09 1.e-09]
   [1.e-09 1.e-09]
   [1.e-09 1.e-09]
   [1.e-09 1.e-09]
   [1.e-09 1.e-09]
   [1.e+00 1.e+00]]]]
output t
[[0.04259887 0.04754887 0.05097445 0.05771486 0.024486   0.01833977
  0.03904737 0.05043609 0.05175363 0.05879086 0.05266145 0.05848275
  0.04625655 0.03866894 0.03752112 0.04145283 0.03130087 0.03469251
  0.04771562 0.04012529 0.05365729 0.0538061  0.04265023]
 [0.02260939 0.02625809 0.03612094 0.0460537  0.04122707 0.0321625
  0.04292858 0.05320896 0.03695966 0.04474593 0.04929879 0.0541509
  0.04846982 0.03812059 0.05536304 0.05187745 0.02559137 0.06339197
  0.05158312 0.02110015 0.05404994 0.04676868 0.03727717]]

=========================
Layer 0 encoder
z
[[0.5 0.5]
 [0.5 0.5]]

u
[[[0.5 0.5]
  [0.5 0.5]]

 [[0.5 0.5]
  [0.5 0.5]]]

v
[[0.5 0.5]
 [0.5 0.5]]

y_categorical
[[0.65385544 0.34614453]]

y_bernoulli
[[0.34614456 0.65385544]
 [0.65385544 0.34614453]]

rho_categorical
[[0.83271277 0.6311338 ]
 [0.36025667 0.71279275]]

x_categorical
[[0.69768214 0.68352574]]

x_bernoulli
[[0.30231786 0.31647426]
 [0.69768214 0.68352574]]

z_prime
[[0.5 0.5]
 [0.5 0.5]]

=========================
Layer 1 encoder
z
[[0.5 0.5]
 [0.5 0.5]]

u
[[[0.5 0.5]
  [0.5 0.5]]

 [[0.5 0.5]
  [0.5 0.5]]]

v
[[0.5 0.5]
 [0.5 0.5]]

y_categorical
[[0.29275253 0.7072475 ]]

y_bernoulli
[[0.7072475  0.2927525 ]
 [0.29275253 0.7072475 ]]

rho_categorical
[[0.52677476 0.1771462 ]
 [0.78507376 0.6071669 ]]

x_categorical
[[0.76909024 0.5347392 ]]

x_bernoulli
[[0.23090976 0.4652608 ]
 [0.76909024 0.5347392 ]]

z_prime
[[0.4204008  0.26478708]
 [0.5795992  0.7352129 ]]

====================
Layer 1 decoder
x_bernoulli
[[0.6366665  0.12973687]
 [0.36333352 0.8702631 ]]

y_bernoulli
[[0.17882778 0.23859186]
 [0.8211722  0.76140815]]

x_categorical
[[0.36333352 0.8702631 ]]

y_categorical
[[0.82117224 0.76140815]]

v
[[0.38139665 0.40776917]
 [0.39303857 0.3969745 ]]

rho_categorical
[[0.25565782 0.41675213]
 [0.03887408 0.28871605]]

t_categorical
[[[0.01194099 0.02456797]
  [0.0002288  0.02596004]
  [0.01539805 0.02647154]
  [0.0200198  0.01260294]
  [0.00081735 0.02041457]
  [0.00980791 0.00286564]
  [0.0032729  0.00788904]
  [0.01872003 0.02450933]
  [0.00980147 0.02393279]
  [0.01489583 0.01257123]
  [0.01586639 0.00728344]
  [0.01185709 0.02813005]
  [0.01431701 0.01423572]
  [0.0093962  0.02455737]
  [0.0178918  0.01315999]
  [0.00520101 0.02320617]
  [0.01426034 0.0152204 ]
  [0.00738964 0.02136061]
  [0.00513605 0.02454362]
  [0.01153429 0.0029816 ]
  [0.01642405 0.03071729]
  [0.01973081 0.01188244]
  [0.00175004 0.01768829]]

 [[0.00034935 0.01440657]
  [0.00225669 0.00383488]
  [0.00125949 0.01305272]
  [0.00303494 0.01304377]
  [0.00199754 0.0195161 ]
  [0.00315231 0.01751963]
  [0.00283939 0.00275538]
  [0.00231369 0.01226133]
  [0.0001198  0.01919412]
  [0.00212879 0.01874198]
  [0.00050189 0.01831423]
  [0.00067962 0.01771955]
  [0.00029436 0.00553626]
  [0.00257306 0.02010761]
  [0.00236186 0.01860968]
  [0.00272084 0.01448793]
  [0.00068181 0.0096886 ]
  [0.00260439 0.01342769]
  [0.00096266 0.00051625]
  [0.00205873 0.00397736]
  [0.0007359  0.01351161]
  [0.00254463 0.00991041]
  [0.00070233 0.00858242]]]

u
[[[0.61860335 0.5922308 ]
  [0.6069614  0.6030255 ]]

 [[0.38139665 0.40776917]
  [0.39303857 0.3969745 ]]]

z
[[0.36635596 0.36601323]
 [0.63364404 0.6339868 ]]

====================
Layer 0 decoder
x_bernoulli
[[0.23434956 0.52165425]
 [0.7656504  0.47834572]]

y_bernoulli
[[0.20034066 0.2109213 ]
 [0.7996593  0.7890787 ]]

x_categorical
[[0.76565045 0.47834572]]

y_categorical
[[0.7996593 0.7890787]]

v
[[0.7703145  0.02895652]
 [0.76379234 0.03539243]]

rho_categorical
[[0.34517792 0.00309452]
 [0.27029863 0.38142896]]

t_categorical
[[[5.8284812e-03 2.6142664e-04]
  [2.1122256e-02 2.3777764e-04]
  [8.9070629e-03 1.9779764e-04]
  [2.5051970e-02 4.0147050e-05]
  [3.1955610e-03 5.8524096e-05]
  [5.4884586e-03 1.7776121e-04]
  [2.7823972e-02 6.1459970e-05]
  [7.1482561e-03 5.8469672e-05]
  [1.7781958e-02 2.3741556e-04]
  [3.1114256e-02 2.0954953e-04]
  [2.9502379e-02 9.2400305e-06]
  [1.8249270e-02 2.4634670e-04]
  [1.7603209e-02 1.0062022e-04]
  [4.5772726e-03 1.3809369e-04]
  [6.4416328e-03 2.7702685e-05]
  [1.2959141e-02 8.6510903e-05]
  [1.5764533e-03 2.4368361e-04]
  [5.8999606e-03 4.2298110e-05]
  [1.8034032e-02 1.9156896e-06]
  [2.5520544e-02 8.8854860e-05]
  [6.3560703e-03 1.5987037e-04]
  [2.2035958e-02 1.5689115e-04]
  [2.2959733e-02 2.5216141e-04]]

 [[2.0443310e-03 5.8091348e-03]
  [2.0121943e-02 4.4578730e-05]
  [1.2704587e-02 9.1041401e-03]
  [2.0603999e-02 9.3709817e-03]
  [1.5869206e-02 3.8442253e-03]
  [1.6890321e-03 9.8015266e-03]
  [1.2817981e-02 2.4515819e-02]
  [2.0175572e-02 1.8458361e-02]
  [3.7639837e-03 1.3881757e-02]
  [1.6890999e-02 6.9841677e-03]
  [6.2638550e-04 2.9856285e-02]
  [1.1226521e-02 2.4525203e-02]
  [1.6125185e-02 2.6514012e-02]
  [4.6035293e-03 1.0836390e-02]
  [1.9524986e-02 1.4866515e-02]
  [1.2850993e-03 3.3383589e-02]
  [1.0382045e-02 4.8389207e-03]
  [1.8283326e-02 2.9076550e-02]
  [1.6301168e-02 3.3803046e-02]
  [1.2401644e-02 2.6624242e-03]
  [9.6182516e-03 3.0184176e-02]
  [6.6729081e-03 2.7640728e-02]
  [1.6565967e-02 1.1426454e-02]]]

u
[[[0.22968549 0.97104347]
  [0.23620766 0.9646076 ]]

 [[0.7703145  0.02895652]
  [0.76379234 0.03539243]]]

z
[[0.22303459 0.22784771]
 [0.7769654  0.7721523 ]]

--------------------------
--------------------------
Inference example 0
input t
[[[[1.e-09 1.e-09]
   [1.e-09 1.e-09]
   [1.e-09 1.e-09]
   [1.e-09 1.e-09]
   [1.e-09 1.e-09]
   [1.e-09 1.e-09]
   [1.e-09 1.e-09]
   [1.e-09 1.e-09]
   [1.e+00 1.e+00]
   [1.e-09 1.e-09]
   [1.e-09 1.e-09]
   [1.e-09 1.e-09]
   [1.e-09 1.e-09]
   [1.e-09 1.e-09]
   [1.e-09 1.e-09]
   [1.e-09 1.e-09]
   [1.e-09 1.e-09]
   [1.e-09 1.e-09]
   [1.e-09 1.e-09]
   [1.e-09 1.e-09]
   [1.e-09 1.e-09]
   [1.e-09 1.e-09]
   [1.e-09 1.e-09]]

  [[1.e-09 1.e-09]
   [1.e-09 1.e-09]
   [1.e-09 1.e-09]
   [1.e-09 1.e-09]
   [1.e-09 1.e-09]
   [1.e-09 1.e-09]
   [1.e-09 1.e-09]
   [1.e-09 1.e-09]
   [1.e-09 1.e-09]
   [1.e-09 1.e-09]
   [1.e-09 1.e-09]
   [1.e-09 1.e-09]
   [1.e-09 1.e-09]
   [1.e-09 1.e-09]
   [1.e-09 1.e-09]
   [1.e-09 1.e-09]
   [1.e-09 1.e-09]
   [1.e-09 1.e-09]
   [1.e-09 1.e-09]
   [1.e-09 1.e-09]
   [1.e-09 1.e-09]
   [1.e-09 1.e-09]
   [1.e+00 1.e+00]]]


 [[[1.e-09 1.e-09]
   [1.e-09 1.e-09]
   [1.e-09 1.e-09]
   [1.e-09 1.e-09]
   [1.e-09 1.e-09]
   [1.e-09 1.e-09]
   [1.e-09 1.e-09]
   [1.e-09 1.e-09]
   [1.e+00 1.e+00]
   [1.e-09 1.e-09]
   [1.e-09 1.e-09]
   [1.e-09 1.e-09]
   [1.e-09 1.e-09]
   [1.e-09 1.e-09]
   [1.e-09 1.e-09]
   [1.e-09 1.e-09]
   [1.e-09 1.e-09]
   [1.e-09 1.e-09]
   [1.e-09 1.e-09]
   [1.e-09 1.e-09]
   [1.e-09 1.e-09]
   [1.e-09 1.e-09]
   [1.e-09 1.e-09]]

  [[1.e-09 1.e-09]
   [1.e-09 1.e-09]
   [1.e-09 1.e-09]
   [1.e-09 1.e-09]
   [1.e-09 1.e-09]
   [1.e-09 1.e-09]
   [1.e-09 1.e-09]
   [1.e-09 1.e-09]
   [1.e-09 1.e-09]
   [1.e-09 1.e-09]
   [1.e-09 1.e-09]
   [1.e-09 1.e-09]
   [1.e-09 1.e-09]
   [1.e-09 1.e-09]
   [1.e-09 1.e-09]
   [1.e-09 1.e-09]
   [1.e-09 1.e-09]
   [1.e-09 1.e-09]
   [1.e-09 1.e-09]
   [1.e-09 1.e-09]
   [1.e-09 1.e-09]
   [1.e-09 1.e-09]
   [1.e+00 1.e+00]]]]
output t
[[0.04246432 0.047897   0.05067614 0.05674003 0.02484785 0.01785638
  0.0387958  0.04994211 0.05160471 0.05802201 0.05174346 0.05831435
  0.0456737  0.0386726  0.03683519 0.0415632  0.03088981 0.03471674
  0.04781007 0.03937313 0.05341946 0.05285986 0.04272997]
 [0.0229623  0.02604221 0.03635009 0.04612468 0.04144992 0.03250077
  0.04308381 0.05343635 0.03752745 0.04498225 0.05009019 0.0547464
  0.0488117  0.03853142 0.05567572 0.05252108 0.02573761 0.06380139
  0.05188975 0.02100582 0.05465084 0.04719162 0.03743872]]

=========================
Layer 0 encoder
z
[[0.5 0.5]
 [0.5 0.5]]

u
[[[0.5 0.5]
  [0.5 0.5]]

 [[0.5 0.5]
  [0.5 0.5]]]

v
[[0.5 0.5]
 [0.5 0.5]]

y_categorical
[[0.65385544 0.34614453]]

y_bernoulli
[[0.34614456 0.65385544]
 [0.65385544 0.34614453]]

rho_categorical
[[0.3124541  0.71582675]
 [0.36025667 0.71279275]]

x_categorical
[[0.32611635 0.7138802 ]]

x_bernoulli
[[0.6738837  0.28611982]
 [0.32611635 0.7138802 ]]

z_prime
[[0.5 0.5]
 [0.5 0.5]]

=========================
Layer 1 encoder
z
[[0.5 0.5]
 [0.5 0.5]]

u
[[[0.5 0.5]
  [0.5 0.5]]

 [[0.5 0.5]
  [0.5 0.5]]]

v
[[0.5 0.5]
 [0.5 0.5]]

y_categorical
[[0.29275253 0.7072475 ]]

y_bernoulli
[[0.7072475  0.2927525 ]
 [0.29275253 0.7072475 ]]

rho_categorical
[[0.3324139  0.55352414]
 [0.78507376 0.6071669 ]]

x_categorical
[[0.7570632 0.5981319]]

x_bernoulli
[[0.24293679 0.4018681 ]
 [0.7570632  0.5981319 ]]

z_prime
[[0.4366935  0.21759441]
 [0.56330657 0.7824056 ]]

====================
Layer 1 decoder
x_bernoulli
[[0.6519134  0.10323429]
 [0.34808657 0.89676565]]

y_bernoulli
[[0.1992102  0.15743637]
 [0.80078983 0.8425636 ]]

x_categorical
[[0.34808657 0.8967657 ]]

y_categorical
[[0.80078983 0.8425636 ]]

v
[[0.37192997 0.4512317 ]
 [0.38328293 0.43928644]]

rho_categorical
[[0.24271475 0.4255607 ]
 [0.03690602 0.29481846]]

t_categorical
[[[0.01133646 0.02508725]
  [0.00021721 0.02650873]
  [0.0146185  0.02703105]
  [0.01900627 0.01286932]
  [0.00077597 0.02084606]
  [0.00931137 0.00292621]
  [0.0031072  0.00805578]
  [0.0177723  0.02502736]
  [0.00930525 0.02443864]
  [0.0141417  0.01283693]
  [0.01506313 0.00743739]
  [0.01125681 0.02872461]
  [0.01359219 0.01453661]
  [0.0089205  0.02507642]
  [0.016986   0.01343815]
  [0.0049377  0.02369666]
  [0.01353839 0.0155421 ]
  [0.00701553 0.0218121 ]
  [0.00487603 0.02506238]
  [0.01095035 0.00304462]
  [0.01559256 0.03136654]
  [0.01873191 0.01213359]
  [0.00166144 0.01806215]]

 [[0.00033166 0.01471108]
  [0.00214244 0.00391593]
  [0.00119573 0.01332861]
  [0.0028813  0.01331947]
  [0.00189641 0.0199286 ]
  [0.00299272 0.01788994]
  [0.00269564 0.00281362]
  [0.00219656 0.01252049]
  [0.00011374 0.01959981]
  [0.00202102 0.01913812]
  [0.00047648 0.01870133]
  [0.00064522 0.01809408]
  [0.00027946 0.00565328]
  [0.0024428  0.02053261]
  [0.00224229 0.01900302]
  [0.00258309 0.01479415]
  [0.00064729 0.00989338]
  [0.00247254 0.01371151]
  [0.00091392 0.00052716]
  [0.0019545  0.00406142]
  [0.00069865 0.0137972 ]
  [0.0024158  0.01011988]
  [0.00066677 0.00876382]]]

u
[[[0.62807    0.5487683 ]
  [0.6167171  0.5607135 ]]

 [[0.37192997 0.4512317 ]
  [0.38328293 0.43928644]]]

z
[[0.3446649  0.34580162]
 [0.65533507 0.6541984 ]]

====================
Layer 0 decoder
x_bernoulli
[[0.21778798 0.49962112]
 [0.782212   0.50037885]]

y_bernoulli
[[0.52079535 0.17481925]
 [0.47920468 0.82518077]]

x_categorical
[[0.782212   0.50037885]]

y_categorical
[[0.47920468 0.82518077]]

v
[[0.4616195  0.03028134]
 [0.45771098 0.03701171]]

rho_categorical
[[0.34203288 0.00313965]
 [0.26783586 0.38699165]]

t_categorical
[[[5.77537576e-03 2.65239243e-04]
  [2.09298041e-02 2.41245332e-04]
  [8.82590748e-03 2.00682276e-04]
  [2.48237122e-02 4.07325460e-05]
  [3.16644530e-03 5.93775985e-05]
  [5.43845119e-03 1.80353643e-04]
  [2.75704581e-02 6.23562883e-05]
  [7.08312588e-03 5.93223813e-05]
  [1.76199395e-02 2.40877984e-04]
  [3.08307614e-02 2.12605562e-04]
  [2.92335730e-02 9.37478490e-06]
  [1.80829950e-02 2.49939389e-04]
  [1.74428206e-02 1.02087644e-04]
  [4.53556748e-03 1.40107615e-04]
  [6.38294034e-03 2.81066932e-05]
  [1.28410663e-02 8.77725543e-05]
  [1.56208966e-03 2.47237447e-04]
  [5.84620377e-03 4.29149768e-05]
  [1.78697184e-02 1.94362769e-06]
  [2.52880175e-02 9.01507010e-05]
  [6.29815785e-03 1.62201875e-04]
  [2.18351800e-02 1.59179210e-04]
  [2.27505378e-02 2.55838881e-04]]

 [[2.02570437e-03 5.89385442e-03]
  [1.99386049e-02 4.52288587e-05]
  [1.25888316e-02 9.23691317e-03]
  [2.04162709e-02 9.50764678e-03]
  [1.57246161e-02 3.90028884e-03]
  [1.67364278e-03 9.94447060e-03]
  [1.27011919e-02 2.48733535e-02]
  [1.99917462e-02 1.87275540e-02]
  [3.72968893e-03 1.40842060e-02]
  [1.67370997e-02 7.08602369e-03]
  [6.20678300e-04 3.02917026e-02]
  [1.11242328e-02 2.48828735e-02]
  [1.59782656e-02 2.69006882e-02]
  [4.56158491e-03 1.09944260e-02]
  [1.93470884e-02 1.50833251e-02]
  [1.27339037e-03 3.38704512e-02]
  [1.02874506e-02 4.90949070e-03]
  [1.81167405e-02 2.95005981e-02]
  [1.61526427e-02 3.42960246e-02]
  [1.22886486e-02 2.70125247e-03]
  [9.53061692e-03 3.06243766e-02]
  [6.61210902e-03 2.80438345e-02]
  [1.64150298e-02 1.15930960e-02]]]

u
[[[0.5383805  0.96971864]
  [0.542289   0.9629883 ]]

 [[0.4616195  0.03028134]
  [0.45771098 0.03701171]]]

z
[[0.5220776  0.522218  ]
 [0.47792238 0.477782  ]]

--------------------------
